	logFC	CI.L	CI.R	AveExpr	t	P.Value	adj.P.Val	B	
FCN3	-0.8051188245989467	-1.2707800396242488	-0.3394576095736446	6.7253572768	3.441028644004274	0.0009257070696012013	0.20885658450837855	-0.7940586963272054	
HPTR	-0.7244029947184829	-1.157477191274402	-0.2913287981625639	6.74586677564	3.3290192191976864	0.0013218771171416364	0.20885658450837855	-1.0814690650502268	
APOM	-0.6936648296003369	-1.1320402728930472	-0.25528938630762665	6.719824136426666	3.149211516968119	0.002305475078927653	0.24284337498037945	-1.5283512111982116	
LV861	-0.8539231218328831	-1.411361904419726	-0.2964843392460401	6.64119342624	3.048737034784265	0.003118841901895057	0.2463885102497095	-1.769991287286401	
ITIH2	-0.4970697850837227	-0.8432133914067113	-0.15092617876073405	6.875596771586666	2.8579815744697634	0.005438761198577087	0.2652044773882192	-2.212144580814294	
KV401	-0.5601394763981536	-0.9505466169070254	-0.16973233588928194	6.81624302492	2.8554647453870126	0.005477951885666294	0.2652044773882192	-2.217829192192887	
SOST	0.8194933421287525	0.234477403817541	1.404509280439964	5.830714254173333	-2.787893023243225	0.006632255152251518	0.2652044773882192	-2.368965367505759	
FHR5	0.6896480153915565	0.1965529473484675	1.1827430834346455	6.3592612332266665	-2.783525509950305	0.006714037402233397	0.2652044773882192	-2.3786350377275656	
FINC	-0.49022172436559824	-0.855251562084625	-0.12519188664657138	6.3158144608	2.6727759922544907	0.00912233204899791	0.29365854024099775	-2.6197561885439007	
PON1	-0.8471392238270411	-1.4795450891993354	-0.21473335845474695	6.536295618306666	2.6659823829133313	0.009292991779778409	0.29365854024099775	-2.6342891839060236	
HV309	-0.41020438679972854	-0.724224499394156	-0.09618427420530107	6.64009437	2.599807601584049	0.011113603459470886	0.3192635175629818	-2.7742697607127393	
COIA1	0.4153811102239985	0.08541654404956456	0.7453456763984324	6.40039910376	-2.5054042605349873	0.014270814018976072	0.35160185487808093	-2.968934915698525	
SRPX2	0.41984600186064247	0.0856463843680349	0.7540456193532501	6.41017021224	-2.500244307045223	0.014464633270300798	0.35160185487808093	-2.979402562774835	
PA2GA	-0.6298285929731091	-1.1437837823060775	-0.11587340364014076	6.2376228027066665	2.4389084095780715	0.016956399203244935	0.38273015344467143	-3.1024453503372835	
A2MG	-0.4583133967375472	-0.8391947750878157	-0.07743201838727864	6.613353000346667	2.3948106769562014	0.01897820490616252	0.39211807841329227	-3.189316175323868	
FCG3A	-0.49983808398224483	-0.9221583036077339	-0.07751786435675584	6.736010856666667	2.3555148254494807	0.020957964276004555	0.39211807841329227	-3.265594557004153	
IGJ	-0.5345854509095087	-0.9930347180790875	-0.07613618373992997	6.6991777493199995	2.320727913194748	0.02286139484600162	0.39211807841329227	-3.3322223744302994	
CO6	-0.29868391123269444	-0.5578260103056913	-0.0395418121596976	6.904530014146666	2.2938881148169297	0.024432982372150025	0.39211807841329227	-3.3830486487617746	
PRELP	0.49717357567830306	0.06564658179399285	0.9287005695626133	6.2018190683866665	-2.292970376921306	0.02448836722394831	0.39211807841329227	-3.3847775856489934	
TIMP1	-0.6376114992591745	-1.1999929640143285	-0.07523003450402044	6.543106472373333	2.2564385776272053	0.026784976280322444	0.39211807841329227	-3.453116237602698	
HV169	-0.4816044863123277	-0.9068786798707007	-0.056330292753954736	6.56219172432	2.2538233187573673	0.02695643260798911	0.39211807841329227	-3.4579721879855776	
APOC3	0.6588453273202093	0.0757189990245527	1.241971655615866	6.426985495533334	-2.248636177329428	0.027299359889533005	0.39211807841329227	-3.467589151628298	
KV240	-0.47186262568961285	-0.8932014912672777	-0.05052376011194798	6.720490617146667	2.2288581620990873	0.028642343371873727	0.39352089154400427	-3.504081650417648	
APOD	-0.42537112779904884	-0.8161136895775604	-0.03462856602053732	6.573268024506667	2.1665846552932257	0.03325662862859536	0.4259411365622332	-3.617151807577349	
FBLN2	0.3840095096358797	0.022051553368591714	0.7459674659031676	6.00450975452	-2.1114569239845005	0.03786935115014631	0.4259411365622332	-3.7149082801930318	
IGHD	-0.449181621583677	-0.8760790483360856	-0.022284194831268367	6.543183754386667	2.094097100305479	0.03943236158657743	0.4259411365622332	-3.745233417281096	
IGHA2	-0.4384070990607886	-0.8551931804146375	-0.02162101770693975	6.57344228416	2.0934507322554046	0.0394916201297518	0.4259411365622332	-3.746358270245473	
APOB	-0.45878916382778506	-0.8949624533638363	-0.022615874291733895	6.5539558744	2.093401152011626	0.0394961687886771	0.4259411365622332	-3.746444540462859	
PLTP	-0.634473957338001	-1.2419512708061369	-0.02699664386986511	6.792663813466667	2.0786535476113377	0.04086943288348091	0.4259411365622332	-3.772025516836833	
CERU	-0.3765333278241416	-0.7384256207787865	-0.01464103486949675	6.873834236133333	2.0707251685264625	0.04162460475364985	0.4259411365622332	-3.7857119425392893	
HV330	-0.36686015978245134	-0.7197403018917762	-0.01398001767312651	6.854308241613333	2.0690534261637015	0.04178536466275073	0.4259411365622332	-3.7885918984633715	
PLF4	0.6392519769369817	0.018694735816659924	1.2598092180573035	6.27917018912	-2.050164012608471	0.04363935103574761	0.43093859147800767	-3.8209901280167533	
CXCL7	0.41803129183903853	-0.0013795618108847219	0.8374421454889618	6.642118556573333	-1.9836612099815427	0.05074023279188733	0.46314701776239336	-3.932949987391039	
FA12	-0.3558941651727759	-0.7136367770221803	0.001848446676628479	6.70978285916	1.9799242195728626	0.051166973692318644	0.46314701776239336	-3.9391436599384106	
LV319	-0.43163588833865846	-0.8673589343052568	0.004087157627939819	6.679731550266666	1.9715390781373672	0.0521356582565861	0.46314701776239336	-3.953003161883185	
FCGBP	-0.46308378292667574	-0.9321428877852672	0.005975321931915745	6.191095084946666	1.9648544089328135	0.05291905253194906	0.46314701776239336	-3.964014316811114	
ITA1	0.3294399067232727	-0.006128453690825764	0.6650082671373712	6.490412620733333	-1.9538605944410194	0.05422923942154606	0.46314701776239336	-3.982050768173102	
DCD	0.41093248259365917	-0.013748007137831197	0.8356129723251495	6.58228882372	-1.9257793972380999	0.05770155433234227	0.4798339781321094	-4.027708518982834	
DERM	0.4787669476216509	-0.022571884264526998	0.9801057795078287	6.540059472533334	-1.9006020334410185	0.06097315515251947	0.4852101637522865	-4.068139290002461	
LG3BP	-0.4263506926707774	-0.8760780256527478	0.023376640311193075	6.289447111826667	1.8867574054613405	0.06283795103107365	0.4852101637522865	-4.090167079804855	
KVD11	-0.38640402801289797	-0.7968230199211539	0.024014963895357955	6.8086575649466665	1.873753984863626	0.0646329690299795	0.4852101637522865	-4.110723963662585	
HV439	-0.3701100728081346	-0.7648217744522725	0.02460162883600331	6.77049005416	1.866161721309771	0.06570081785287014	0.4852101637522865	-4.1226669935869875	
IGLL5	-0.35345835927228875	-0.7318223021887579	0.024905583644180385	6.6730569314	1.8592033289691179	0.06669248901763856	0.4852101637522865	-4.1335743607987	
CD44	-0.37597639612862577	-0.7797530297074562	0.027800237450204712	6.59529240752	1.8531807128323377	0.06756090887690065	0.4852101637522865	-4.142985088275002	
F13B	-0.4482724306866044	-0.9339085377719156	0.03736367639870686	6.656437171346667	1.8370857765063586	0.06992831036214775	0.4910521349875264	-4.167998575018414	
APOA1	-0.41999695923103997	-0.8846350983533554	0.04464117989127547	6.63704002712	1.7989937914541718	0.07580866802920748	0.516273305961252	-4.226407718197035	
S10AB	-0.3251790265555539	-0.6861450387562638	0.03578698564515598	6.694582983053333	1.7928938966991717	0.07678748538031278	0.516273305961252	-4.23565756870212	
S10A4	0.3214456918041097	-0.04822356297985497	0.6911149465880744	6.239914563186667	-1.7305838687651844	0.08739988002676465	0.5753825435095339	-4.3284978566079015	
IBP3	0.3833640296360255	-0.06911547742620433	0.8358435366982553	6.70527366888	-1.6862067383419612	0.09567083249436129	0.5983400628888815	-4.392779738164555	
PROC	0.6293303775851508	-0.11421356970770813	1.3728743248780098	6.753494458973333	-1.6844977165561426	0.0960017134038024	0.5983400628888815	-4.395224564403181	
IGF2	0.5147606512661582	-0.09447395112838586	1.1239952536607023	6.522347687026667	-1.6815862735923988	0.09656754179535745	0.5983400628888815	-4.3993842387994295	
HV102	-0.3458141757331017	-0.7638581405211146	0.07222978905491118	6.80731701156	1.6463387783544872	0.10363571839014263	0.601324892766526	-4.449216081626421	
COEA1	0.44195586209547666	-0.09261844202530589	0.9765301662162592	5.83514349724	-1.645391287008807	0.10383135393375162	0.601324892766526	-4.450542143591486	
ANXA7	0.27015539442801073	-0.05700411746162676	0.5973149063176482	6.43736138356	-1.643434751161489	0.10423628055726483	0.601324892766526	-4.45327817814985	
SAA4	-0.39667415823501745	-0.8818919259313835	0.0885436094613487	6.558734905146666	1.6270300986931383	0.10768190091312504	0.601324892766526	-4.4760999192474	
IGHG2	-0.31241688223836805	-0.6970368752564593	0.07220311077972325	6.727169099506667	1.6165941845210425	0.10992127700367324	0.601324892766526	-4.490507617419405	
IGHM	-0.3898055534631684	-0.8701373295866708	0.090526222660334	6.543629965253333	1.615121051354981	0.11024038616948532	0.601324892766526	-4.492534478554555	
LUM	0.32324860225955093	-0.07521651726547851	0.7217137217845804	6.317308807893333	-1.6145247943170424	0.11036975879891933	0.601324892766526	-4.493354371783358	
SPP24	0.560434889063672	-0.146383387821713	1.267253165949057	6.3840272093333335	-1.578031857790276	0.11852313012870057	0.6165608497359356	-4.542998782882563	
COFA1	-0.2971341999223935	-0.67297855380646	0.07871015396167302	6.370659861466667	1.5734139087636985	0.11958834780727236	0.6165608497359356	-4.54920566952617	
IPSP	0.26503523982136545	-0.07117262682206976	0.6012431064648007	6.433889221706667	-1.568895891169586	0.1206378962261928	0.6165608497359356	-4.555261835736204	
CATB	-0.31358401242794887	-0.7163627964479091	0.08919477159201133	6.7131955776	1.5494790194085455	0.12523235232784724	0.6165608497359356	-4.581104197327072	
HV551	-0.30738606665984786	-0.7039445188460118	0.08917238552631612	6.773820041826666	1.5426781937048448	0.12687405775274307	0.6165608497359356	-4.590084522725889	
KLKB1	-0.20211810299038876	-0.463008671466958	0.05877246548618051	6.847080150093333	1.541860945428781	0.12707248338646834	0.6165608497359356	-4.591161195411342	
SLPI	0.333441791519628	-0.10146091998228024	0.7683445030215362	6.317402397253334	-1.5259007589943336	0.1309971074492908	0.6165608497359356	-4.6120807882304025	
MMP2	-0.23248769869187474	-0.5357536698100156	0.07077827242626605	6.41281493592	1.5257194076723348	0.13104224616153662	0.6165608497359356	-4.6123173220326485	
CSPG2	0.2743593869036055	-0.08429425719460526	0.6330130310018163	6.1100733427466665	-1.5224496882882452	0.13185819602362644	0.6165608497359356	-4.616577454262892	
CO4A2	-0.2723655660551407	-0.6291786569264921	0.08444752481621076	6.539973748293334	1.5191819616023239	0.1326776512089988	0.6165608497359356	-4.620826442716834	
CD5L	-0.3595671289417286	-0.83374083358847	0.11460657570501276	6.576121676253333	1.5091794733821955	0.1352109877585877	0.619227132343677	-4.633779419119714	
TENA	-0.3317405929348745	-0.7730854851861217	0.10960429931637272	6.6259253563866665	1.4959562257548324	0.13861831233109526	0.6216377919793036	-4.65078008936411	
IGLC2	-0.2506042823378675	-0.5864453573261916	0.08523679265045658	6.646733090253333	1.4850909459184618	0.14146817838940431	0.6216377919793036	-4.66464413459196	
PGS1	0.33796988338257317	-0.11539768035320491	0.7913374471183512	6.291715304666667	-1.483631106577882	0.14185455247040715	0.6216377919793036	-4.666499651859935	
MIME	0.3980494088801246	-0.1382899726777042	0.9343887904379533	5.996952698906667	-1.477051609385743	0.14360619878002898	0.6216377919793036	-4.674841195932003	
CATD	-0.3443118975224755	-0.8165581345429869	0.1279343394980359	6.547119011093334	1.4510483961592031	0.15069481287078004	0.6387244899787504	-4.707467051915125	
ITIH4	-0.24778642448419858	-0.5884015737789177	0.09282872481052051	6.846600103053333	1.4478111696523466	0.1515960023683743	0.6387244899787504	-4.711490571529076	
KV320	-0.2844877150110118	-0.681431152637776	0.11245572261575243	6.560399067266666	1.4263735088168865	0.15766979229170597	0.6555743995286721	-4.7379214326121835	
PXDC2	-0.20169302802978487	-0.48826116824908883	0.08487511218951907	6.43180881828	1.400752333644693	0.16517331923235903	0.6778541412652657	-4.769021870824579	
APOC2	0.37364913004126393	-0.16092939810260304	0.908227658185131	6.59684844472	-1.391075937222317	0.16807739701659075	0.6809289417595215	-4.7806289745798445	
CMA1	0.5012230909300942	-0.22268392058864583	1.2251301024488344	6.236543322106667	-1.3779918882591589	0.17206608830948308	0.6882643532379323	-4.7962025255245235	
TARSH	0.2559105453673872	-0.11591891822205536	0.6277400089568298	6.35235500764	-1.369754563462289	0.17461401867291557	0.6897253737580166	-4.805935643432397	
TSP1	0.31491189881782267	-0.15070734640878192	0.7805311440444272	6.188979353333333	-1.3460355242441822	0.18211095142393444	0.7104575388884355	-4.833652544899558	
CFAH	-0.19731525685726067	-0.49607633077351243	0.10144581705899111	6.62508622268	1.3144226344027938	0.19247776715386436	0.7121981505703234	-4.869878489813272	
S10AD	0.26721531607774274	-0.1379251438628986	0.672355776018384	6.4340720073333335	-1.3126655997326835	0.19306666225708416	0.7121981505703234	-4.87186788766344	
A1AG1	-0.3821707466306531	-0.9665132443631764	0.20217175110187025	6.6960956408	1.3016323745940064	0.1967954605712645	0.7121981505703234	-4.884302297699937	
FBN1	-0.23231288177080628	-0.5957785192805867	0.1311527557389741	6.3792790368666665	1.272062082758689	0.20705365046785093	0.7121981505703234	-4.917134274430047	
CO5	-0.19587628775596932	-0.5059730704628136	0.11422049495087494	6.769668701866666	1.2571380690668075	0.21237869381627206	0.7121981505703234	-4.933430878175243	
LRP1	-0.18403012751664033	-0.4763464858608853	0.10828623082760463	6.520840947066667	1.2529512714551327	0.2138905394330085	0.7121981505703234	-4.937969721755563	
TINAL	0.31500192317202697	-0.18610355519157945	0.8161074015356333	6.4212420840933335	-1.2510723571516789	0.21457157809617342	0.7121981505703234	-4.940001917058579	
TRFL	-0.43346001261125133	-1.1245451035228826	0.25762507830038006	6.462439928853334	1.2482911433753816	0.215582589799824	0.7121981505703234	-4.943004666347881	
CCL18	-0.2578218546508083	-0.6691836075199384	0.15353989821832187	6.438546273013333	1.2473668327368956	0.21591936303608725	0.7121981505703234	-4.944001186941704	
YBOX1	0.20499220539004923	-0.12310040324683649	0.533084814026935	6.5033674826666665	-1.243481346964572	0.21733926454950733	0.7121981505703234	-4.948182494071615	
FBLN1	0.22256376218243362	-0.13377793589479064	0.578905460259658	6.3654217446266665	-1.2430430865889435	0.21749984969093666	0.7121981505703234	-4.948653338002012	
SPON1	0.24730623559918496	-0.14869153212692415	0.6433040033252941	6.362984271026667	-1.242912920883512	0.21754756108833015	0.7121981505703234	-4.948793150606643	
BGH3	-0.21509541211331198	-0.5609015263685893	0.13071070214196526	6.551616923346667	1.2379321815599047	0.21937898334849917	0.7121981505703234	-4.954132497130391	
KVD15	-0.28254898421278163	-0.7368233241735629	0.17172535574799958	6.83001373812	1.2378668081222317	0.21940309597932978	0.7121981505703234	-4.954202440926088	
SAMP	0.22103823105145	-0.13512230054978489	0.5771987626526849	6.73990761764	-1.2351507862919149	0.22040659962589512	0.7121981505703234	-4.957105218458495	
LAMB1	-0.2165161958198558	-0.5666257583743841	0.13359336673467256	6.38849024588	1.2307923518583856	0.22202393793407324	0.7121981505703234	-4.961750581644402	
LV147	-0.21570552337393084	-0.565255301816293	0.13384425506843134	6.650586799106667	1.2281477258520979	0.22300952480223904	0.7121981505703234	-4.9645616439693185	
CBPA3	0.4670837097297346	-0.2970304504660743	1.2311978699255435	6.247171185626667	-1.2165636802167823	0.22736420574273886	0.7121981505703234	-4.976806436979194	
FGL2	0.2075011930758675	-0.13544945719992535	0.5504518433516603	6.614159895426667	-1.2041687189385992	0.23209177030337255	0.7121981505703234	-4.989785160879173	
VWF	0.30254191155839655	-0.19816231849721472	0.8032461416140078	6.683378174506666	-1.202548663305441	0.23271489228824566	0.7121981505703234	-4.991472093156982	
FA10	0.3957377797043348	-0.26475425855489626	1.0562298179635659	6.55133197712	-1.1924448429363248	0.23662842545935903	0.7121981505703234	-5.001943803575822	
IC1	-0.22760254405515704	-0.6079160744241876	0.1527109863138735	6.677648349186667	1.191060190901904	0.2371684179627681	0.7121981505703234	-5.003372262065958	
ANX11	0.16549466385621928	-0.11575133172508015	0.44674065943751873	6.430898691613334	-1.1711055017409313	0.24504912180546426	0.7121981505703234	-5.023781131488026	
APOA2	-0.2372131711034596	-0.6417310401079337	0.16730469790101446	6.77382605688	1.1670768709125494	0.2466626091861935	0.7121981505703234	-5.0278612309125785	
CO6A3	0.21619616133233938	-0.15259195580941232	0.5849842784740911	6.52156210532	-1.1667274970238837	0.2468028917900478	0.7121981505703234	-5.028214430987588	
ITB2	-0.34133990550780335	-0.9245415935717246	0.2418617825561179	6.64619381008	1.164841045078377	0.24756133468841235	0.7121981505703234	-5.030119784753919	
ANXA6	0.1951727546587975	-0.13946589513846078	0.5298114044560558	6.41454011448	-1.1607574139318653	0.2492088387145555	0.7121981505703234	-5.034234170650756	
HV374	-0.24530504953158364	-0.6663768233673237	0.1757667243041565	6.6062127726933335	1.1594412088945756	0.24974151016726648	0.7121981505703234	-5.035557325037775	
COCA1	0.25193092894939273	-0.18404000578674395	0.6879018636855294	5.992696054546666	-1.150064836695703	0.253559610922124	0.7121981505703234	-5.0449413816428486	
CADH1	0.19966219554517867	-0.1460490185178694	0.5453734096082268	6.49364556308	-1.1494252914343854	0.2538215372641743	0.7121981505703234	-5.04557877801468	
ICAL	-0.22947536489271872	-0.6277842896137992	0.1688335598283617	6.388968471226667	1.1466065155620522	0.25497825619584763	0.7121981505703234	-5.0483840131454905	
HS90B	0.16963504203915902	-0.12487155870805566	0.4641416427863737	6.405089625253333	-1.1463544243585944	0.25508188654755815	0.7121981505703234	-5.048634570144293	
HPT	-0.28740211980288055	-0.7899577786468027	0.21515353904104162	6.493430783746667	1.1381622400264326	0.2584658038836909	0.7121981505703234	-5.056748004293837	
ANXA5	0.21901412485259378	-0.16454155115663774	0.6025698008618253	6.49271347716	-1.1364284155812663	0.2591860358088202	0.7121981505703234	-5.058457971282638	
APOA4	-0.2202864388949512	-0.6146913215998016	0.1741184438098991	6.767860102693334	1.1115880087638714	0.26966048423582595	0.7154948974552141	-5.082680463663895	
ANXA4	0.20016778655264952	-0.15891971100282373	0.5592552841081228	6.6150005748266665	-1.1094105106382939	0.2705925824759417	0.7154948974552141	-5.084779165397233	
RARR2	0.23296200010919285	-0.1851193990273636	0.6510433992457493	5.906964823226667	-1.1089771921214313	0.27077833662727	0.7154948974552141	-5.085196329515873	
DEF1	-0.4851276577903798	-1.3565353115675371	0.3862799959867774	6.015093711933333	1.1079828512727496	0.27120492532264845	0.7154948974552141	-5.086153005782468	
HS71B	0.18518655191928798	-0.1478049283322093	0.5181780321707853	6.20373224356	-1.1068141358338774	0.27170692308425853	0.7154948974552141	-5.087276392018918	
F13A	0.2308097390230636	-0.19435669103018807	0.6559761690763153	6.45307953424	-1.0804222942279964	0.28321584106886694	0.7396380642790245	-5.112339495686422	
S10A9	-0.4398958828924172	-1.2623485108986836	0.3825567451138492	5.882270247906667	1.0644796870281328	0.29032890903908515	0.7466498733094651	-5.127195952259266	
B2MG	0.2186533237519879	-0.19040645235649004	0.6277130998604659	6.595670471746667	-1.0638188487575817	0.29062637473754493	0.7466498733094651	-5.127807153569525	
A1BG	-0.156456424753075	-0.45371415019416306	0.14080130068801308	6.900053243426667	1.047511079569409	0.29803327323085516	0.7500985918036294	-5.1427735091658615	
LAMA4	-0.15859901897251186	-0.4608308221309425	0.14363278418591877	6.610495611066667	1.0443803889037067	0.2994697912349792	0.7500985918036294	-5.145621044970164	
CYTB	-0.2487379541136035	-0.7278485034703968	0.23037259524318981	6.4129316886	1.033248296948621	0.3046158273668735	0.7500985918036294	-5.15567934955304	
PERM	-0.35358144936038416	-1.0430915823209053	0.33592868360013695	6.472291138306667	1.0205803271314169	0.31054421518062686	0.7500985918036294	-5.166998156472503	
HV372	-0.19242714863954558	-0.5677390186113326	0.18288472133224143	6.808575563093333	1.0204046247881966	0.3106269827659618	0.7500985918036294	-5.167154193245725	
CD14	-0.1883473035591989	-0.5564584137490051	0.17976380663060723	6.654301800333333	1.018307296134927	0.31161611053045324	0.7500985918036294	-5.169014763383801	
GELS	0.13946333090587276	-0.13390721766746755	0.4128338794792131	6.5439003372133335	-1.0153287482015736	0.3130244655331133	0.7500985918036294	-5.171650687679322	
HRG	-0.14572090737842341	-0.4327017938019953	0.14125997904514848	6.95573476792	1.0105720159856184	0.31528244674315536	0.7500985918036294	-5.175844699950507	
IGKC	-0.2869049865473356	-0.8519583213993653	0.2781483483046941	6.335832065133333	1.0105249200748487	0.31530485715740525	0.7500985918036294	-5.175886128789197	
IGLC7	-0.29843699216145975	-0.8866929538648707	0.28981896954195113	6.091732915986666	1.009682178464722	0.31570605287937564	0.7500985918036294	-5.176627145859513	
FIBB	-0.22432805524396393	-0.6694716336028244	0.22081552311489655	6.55898023636	1.002955934601256	0.31892038861192407	0.7520809164281195	-5.182519957073135	
LEG1	0.19459889300336136	-0.2026435102443419	0.5918412962510646	6.073854440173333	-0.9749517845106579	0.3325368809906397	0.7702206481447617	-5.206642457100023	
HSP72	0.18587564408178817	-0.19698148591945627	0.5687327740830326	6.20036401032	-0.9662380164932511	0.33685072629596646	0.7702206481447617	-5.214012803147931	
KVD20	-0.22054507255924402	-0.6749059451861243	0.23381580006763628	6.633836658813333	0.9660393298204649	0.336949514001892	0.7702206481447617	-5.214180106534698	
CFAI	-0.16641835479186753	-0.510864836608969	0.17802812702523388	6.94659712756	0.9615632237347547	0.33918007915258896	0.7702206481447617	-5.217940314182178	
SERPH	0.20831772367563514	-0.2270259468793799	0.6436613942306502	6.52392363772	-0.9523407335952008	0.3438062553304678	0.7702206481447617	-5.22563413914584	
CRIP2	0.27038949588402905	-0.2991877108020802	0.8399667025701383	5.6556161006	-0.9447906538136631	0.3476239356301043	0.7702206481447617	-5.231878963966641	
MMP12	-0.3059202081046341	-0.9505619727046031	0.3387215564953349	6.4754638818	0.9444698549773887	0.3477867530378619	0.7702206481447617	-5.232143230032613	
TIMP2	-0.15274489170082392	-0.4752177570720544	0.1697279736704065	6.4867444282	0.9426964943578647	0.34868769125638954	0.7702206481447617	-5.233602501360063	
PRDX2	0.2518575096241731	-0.2846018099759833	0.7883168292243294	6.876236718373334	-0.9343648322451853	0.3529407106024518	0.7702206481447617	-5.240422695473902	
FIBG	-0.21650173469652226	-0.6780497746434423	0.2450463052503978	6.542795543706666	0.9335613066779044	0.35335264266040267	0.7702206481447617	-5.241077328972185	
S10A8	-0.4039227426904023	-1.2693620609731435	0.46151657559233905	5.7331820453999995	0.9288809546014626	0.35575820551576365	0.7702206481447617	-5.24487949685995	
PTN	0.21678082987394262	-0.24974377893465946	0.6833054386825447	5.932094132066666	-0.9247933344911116	0.3578677104496748	0.7702206481447617	-5.2481848931428035	
CO7	-0.13851176254717437	-0.4404754043867095	0.16345187929236074	6.90154997348	0.9129150670198096	0.36404315419507693	0.7702206481447617	-5.2577093204109415	
CO3	-0.13842403564570088	-0.4439489665211862	0.16710089522978444	6.73498904444	0.9017024005035212	0.3699344622848717	0.7702206481447617	-5.2665897029437545	
IBP6	-0.21459341400052884	-0.6882587776527321	0.25907194965167446	6.606234415133334	0.9016606865227709	0.36995649156336463	0.7702206481447617	-5.266622540038745	
CBPB2	-0.1598713911388497	-0.5193349073472433	0.19959212506954385	6.924927772293334	0.8851447740645202	0.37874378602676095	0.7702206481447617	-5.279507110526156	
CO4A1	-0.20626701445371554	-0.6702020005076472	0.2576679716002162	6.249117962293333	0.8848528046077327	0.37890029698799177	0.7702206481447617	-5.279732789829202	
HMCN1	0.1469682157188541	-0.18370220239937768	0.4776386338370859	6.318564762893334	-0.8845582774169523	0.37905822011233603	0.7702206481447617	-5.279960372369309	
CO1A2	0.2136301039876855	-0.26875796841015487	0.6960181763855259	6.170812893706667	-0.8813821784184392	0.3807638399275164	0.7702206481447617	-5.282409850570273	
ITIH1	-0.1172690259805624	-0.3826719399117114	0.14813388795058663	6.62263835668	0.8793788272796799	0.3818421400882893	0.7702206481447617	-5.283950446823877	
HTRA1	-0.1724451613079211	-0.5665407207972349	0.22165039818139276	6.500326480346667	0.8708590014433086	0.3864492067704689	0.7702206481447617	-5.29046396094222	
CD9	0.1740596726444201	-0.22818443727116675	0.5763037825600069	6.457541665866667	-0.8612055951949883	0.3917108346238576	0.7702206481447617	-5.297769103777189	
CO9	-0.16337515782828793	-0.5427052413649506	0.2159549257083747	6.91975688208	0.8571702850333445	0.3939233638999107	0.7702206481447617	-5.300799164150066	
ITB1	0.12947622916293705	-0.17144637539700808	0.4303988337228822	6.491980474893333	-0.8563151038980161	0.3943932411290181	0.7702206481447617	-5.3014395184528675	
LYSC	0.22461185704541167	-0.29852962733288924	0.7477533414237125	6.482346770346667	-0.8544996554602503	0.3953918796154948	0.7702206481447617	-5.302796839758576	
CO1A1	0.20850966731005402	-0.2775864339798315	0.6946057685999396	6.174147225786666	-0.8536943973741352	0.39583533255655345	0.7702206481447617	-5.303397988206926	
ANGI	0.15621406843350685	-0.21102859663162085	0.5234567334986345	6.436101484933333	-0.8465748974188843	0.39976932078574723	0.7702206481447617	-5.308688744549646	
SFRP4	-0.22092014649277816	-0.7429744377975287	0.3011341448119724	6.371612729653333	0.8422054088895596	0.4021955704422152	0.7702206481447617	-5.3119143687136665	
A2AP	-0.19297121178686055	-0.6509541405364805	0.2650117169627594	6.5349832331333335	0.8385744147710681	0.4042185859653531	0.7702206481447617	-5.314582379088822	
HSPB1	0.16115970084808057	-0.22376008466583075	0.5460794863619919	6.002385741053334	-0.8332677836917284	0.407186321440244	0.7702206481447617	-5.318461300839802	
SULF1	0.14958947038154677	-0.20851821415926006	0.5076971549223536	6.4403999653333335	-0.8313535541612803	0.4082600963894446	0.7702206481447617	-5.319854595933896	
FA9	0.18183185560155057	-0.25443091474332674	0.618094625946428	6.659252401373333	-0.8295072604123225	0.40929738964345475	0.7702206481447617	-5.321195466200673	
CAPG	-0.16393985758609006	-0.5632381991490774	0.23535848397689726	6.3484611970666665	0.8171192103687119	0.41629852966055847	0.7702206481447617	-5.330116647992843	
IGHG4	-0.1546634042046064	-0.5318874270856053	0.22256061867639249	6.628346314746667	0.8159933067568159	0.41693838793937466	0.7702206481447617	-5.330920932206327	
FIBA	-0.177313621198123	-0.6117331574650757	0.2571059150688298	6.478703445946667	0.8123274431193899	0.4190258123338034	0.7702206481447617	-5.333532085234582	
SPRL1	0.20100856568358358	-0.29383966701159303	0.6958567983787601	6.291187796	-0.8084271956250181	0.4212535640328343	0.7702206481447617	-5.336297517495151	
HDGR2	0.1230239681894731	-0.18033543212217878	0.42638336850112496	6.341530313613333	-0.8071061338655505	0.42200973340784664	0.7702206481447617	-5.337231241330165	
HS90A	0.12938344318911316	-0.1900191290305731	0.4487860154087994	6.391029826853333	-0.8061923429484038	0.42253325697554456	0.7702206481447617	-5.337876229843124	
TAGL2	0.19786806060228923	-0.29190208486664204	0.6876382060712205	5.92873540468	-0.80404760411628	0.42376352959674013	0.7702206481447617	-5.339387250763895	
CTHR1	0.14712953526499736	-0.21732334340055273	0.5115824139305475	6.428746542133333	-0.8034462943397677	0.4241088379024953	0.7702206481447617	-5.339810178882781	
LV310	-0.15382591939240184	-0.5373972631881158	0.2297454244033121	6.65229431588	0.798144893141403	0.4271604697780226	0.7713297625706007	-5.343525447201511	
SRP14	0.17160460142491088	-0.26211106472174506	0.6053202675715669	6.2878403869733335	-0.7874485600263886	0.4333571114438848	0.7766418228959872	-5.350947983510755	
FBLN3	0.1575124943835138	-0.24351367095923973	0.5585386597262674	5.863743174733333	-0.7817010104364229	0.43670857239205196	0.7766418228959872	-5.354895754790574	
PRG4	-0.12298285215636667	-0.4366229053314507	0.19065720101871736	6.719483623213334	0.780389496938221	0.4374754572009042	0.7766418228959872	-5.3557926003841985	
GRN	-0.16190803772460047	-0.5782189171557541	0.25440284170655314	6.753186458706667	0.7740143681351223	0.44121443508848546	0.7789036954634715	-5.360130985317089	
OLFL1	0.1593425071251743	-0.2587346500212584	0.5774196642716071	6.59452187732	-0.7585314300252014	0.45037236512790857	0.790653707668995	-5.370521686759344	
FETUA	0.2938394416145363	-0.48210320123733813	1.0697820844664108	6.48983626452	-0.7536658622822717	0.45327277945867217	0.7913491619278475	-5.373744350523886	
CO5A1	-0.12486030138405851	-0.4577031348338582	0.2079825320657412	6.3299091312	0.7465923613443943	0.4575084653003171	0.7943553573346165	-5.378393016779195	
HV307	-0.1332652438361085	-0.49291016385933784	0.22637967618712085	6.819306418626667	0.7374648780149673	0.463007409575241	0.7990276735434436	-5.384327781101787	
C1QB	-0.15218209594605775	-0.5661332683684386	0.261769076476323	6.33846309676	0.7316659053463606	0.46652047543502395	0.7990276735434436	-5.388060976739817	
LAMA5	-0.13654175144243677	-0.5091914741673524	0.23610797128247887	6.268837785986666	0.7292275043898226	0.4680021690111785	0.7990276735434436	-5.3896220734757385	
PDIA1	-0.09324483220488286	-0.3490600711809021	0.16257040677113635	6.5889229517066665	0.7254320408805767	0.4703137572122801	0.7990276735434436	-5.392041765646085	
AEBP1	0.14461561757036484	-0.25741429394607446	0.5466455290868042	6.017481868493333	-0.715904684091698	0.47614450697695176	0.8014157292753155	-5.39806085362457	
MIF	-0.17121266989004744	-0.6478834717554598	0.305458131975365	6.376535047306667	0.7148513194578938	0.47679163640430156	0.8014157292753155	-5.398721522305726	
FRIH	-0.22405141670887416	-0.8591351359649677	0.41103230254721934	6.361702375306667	0.7021260536805146	0.48464799091946487	0.8038780407902899	-5.406627015030814	
PGCA	0.1581457949979453	-0.29283275392804337	0.609124343923934	6.103121120426667	-0.6979111513978622	0.4872658718218269	0.8038780407902899	-5.409214628798921	
MFAP4	-0.17226265456158996	-0.6638290958244798	0.3193037867012999	5.709547341026667	0.6974406922922314	0.48755855648663693	0.8038780407902899	-5.409502499876615	
SAP	-0.15807364272164615	-0.6100600058991736	0.2939127204558814	6.27737853864	0.6960372833342304	0.4884322273156192	0.8038780407902899	-5.410360099868264	
FBLN4	-0.09990609068135355	-0.3881984361405578	0.18838625477785076	6.25358513704	0.6896952384437048	0.4923910740416636	0.806194711902413	-5.414214368707372	
MFGM	0.13387201671978674	-0.25788957203319784	0.5256336054727713	6.249119578266667	-0.6800899034230509	0.4984201753960482	0.8118596671399548	-5.4199855589652035	
CATS	-0.16134128872223424	-0.636822361662601	0.31413978421813243	6.83255035528	0.6753216319427887	0.5014279298685964	0.8125703889152639	-5.4228208171143955	
A1AG2	-0.18274947763233385	-0.7265968717048169	0.3610979164401492	6.704050363426667	0.668771051814718	0.5055758558667224	0.8151120941524708	-5.426683741049273	
TRYB2	0.23664560689421218	-0.47381045062670957	0.947101664415134	5.9027404466933335	-0.6629176755052075	0.5092978183167463	0.8169447237974203	-5.430104064238213	
SFRP3	0.15047609253296113	-0.3052436673684488	0.6061958524343711	5.87817699944	-0.6571553063609772	0.5129761465660779	0.8186892036105082	-5.433442201056165	
NPC2	-0.12923292628409852	-0.5263734158033379	0.26790756323514076	6.689275550373333	0.6476306368790253	0.5190868688823982	0.8192074853866821	-5.438896709543153	
AMBP	-0.08328486335247229	-0.3409356807681999	0.1743659540632553	6.62959045976	0.6433287002783081	0.5218593579229627	0.8192074853866821	-5.441334509424255	
AFAM	-0.11653923057105214	-0.4795685124386313	0.246490051296527	6.913405111746667	0.6388940794742151	0.5247254600039036	0.8192074853866821	-5.44383068926615	
THIO	0.12137486185489715	-0.26027388173881477	0.503023605448609	6.214184142946666	-0.632941082347674	0.5285857647142105	0.8192074853866821	-5.4471547043381054	
PLMN	-0.14350202530026349	-0.5947889712029764	0.30778492060244944	6.787665215933333	0.6328541510605401	0.5286422454924753	0.8192074853866821	-5.447203016844478	
APOE	-0.125248211139222	-0.5210048727192605	0.2705084504408165	6.583665632933333	0.6298565813592935	0.530591732412517	0.8192074853866821	-5.4488649176244	
SMOC2	-0.11534743781291182	-0.4807669498143131	0.2500720741884894	6.241461764586667	0.6282240995691833	0.5316549883694892	0.8192074853866821	-5.449766710183162	
HV349	-0.132223164622341	-0.5535569477510743	0.2891106185063924	6.8962277564	0.6245678691605445	0.5340403227520776	0.8192074853866821	-5.451778036985222	
A1AT	-0.11383372971137874	-0.48788351257720064	0.2602160531544432	6.9245116480133335	0.6056753965587062	0.546452944402849	0.8306059230462206	-5.4619859070083505	
CO4B	-0.11700961718251744	-0.5017594619526985	0.26774022758766364	6.7472842816666665	0.6052593107475907	0.5467279493468794	0.8306059230462206	-5.462207232631886	
FMOD	0.12364084493703684	-0.28798779395723106	0.5352694838313048	5.907399754453333	-0.5977984092432148	0.5516709280139273	0.8341053265665119	-5.466150306137863	
PRDX1	0.08722554767104898	-0.20628773280499588	0.3807388281470938	6.539024117786667	-0.5914449423656946	0.5558977781768106	0.8364937995422483	-5.469469932831788	
S10AC	-0.2787339553730737	-1.2246684619765769	0.6672005512304295	5.8063102353066665	0.586444858571825	0.5592355325368353	0.8375280961215164	-5.472057733865375	
CD59	0.11125809569019056	-0.2702394752821937	0.49275566666257486	6.626322530706666	-0.5804144537003737	0.5632742084723743	0.8395974050814635	-5.475149833720502	
POSTN	-0.11559947601031925	-0.5261338662347581	0.29493491421411955	6.19881429796	0.5604084766069704	0.5767743043181431	0.8430969560213609	-5.485181153021595	
KNG1	0.11377345963513383	-0.2917075907174058	0.5192545099876735	6.905835836373333	-0.5584300435522471	0.5781177590412858	0.8430969560213609	-5.4861542262930865	
LTBP4	0.09394222375124453	-0.24257633722345953	0.4304607847259486	6.279026750386667	-0.5555845843744186	0.5800525931889616	0.8430969560213609	-5.4875477569494295	
CO3A1	0.15213272433734462	-0.3936621563836191	0.6979276050583083	6.052988415266666	-0.5547426520202339	0.5806256765300779	0.8430969560213609	-5.487958730666036	
PEDF	0.11107880841859456	-0.2886587904435833	0.5108164072807724	6.4665115380666665	-0.553037507575258	0.5817871548106579	0.8430969560213609	-5.488789172593943	
AACT	-0.1185459361925621	-0.5471102303228027	0.3100183579376785	6.590385067226666	0.5505148767889626	0.5835074996302771	0.8430969560213609	-5.490013099491221	
CO6A2	0.1111008425773109	-0.2913949771893939	0.5135966623440157	6.407633516293333	-0.5493566070735612	0.5842982068629052	0.8430969560213609	-5.490573208961784	
BCAM	0.12491492952404157	-0.345628616809854	0.5954584758579372	6.175004003533333	-0.5283392796618084	0.5987333933899658	0.8500243037859267	-5.500533415212324	
APOH	0.09385066398228037	-0.2607890508977591	0.44849037886231985	6.67374754188	-0.5266818521758285	0.5998787317701141	0.8500243037859267	-5.501302483873625	
KV315	-0.11466965633624437	-0.5495769706673445	0.3202376579948557	6.736763839253333	0.5247472519922125	0.6012168822721002	0.8500243037859267	-5.502197131959512	
CLC11	-0.09612641826226798	-0.46450633236040906	0.2722534958358731	6.51366922488	0.5193321295802007	0.6049697682110471	0.8500243037859267	-5.5046839636307	
TRFE	-0.10726589882180981	-0.5185942517708624	0.3040624541272427	6.8989588782	0.5190048346675039	0.6051969386488423	0.8500243037859267	-5.504833449637402	
HDGF	0.09628484167797823	-0.2729778110520015	0.46554749440795795	6.504636927893333	-0.5189444947861122	0.6052388238982074	0.8500243037859267	-5.504860998572102	
SDF1	0.08673265985630942	-0.25250547995946426	0.42597079967208307	6.5357578217066665	-0.5088342846370546	0.6122754826742165	0.8507054319120864	-5.509432049836621	
CO5A2	0.11781343575876371	-0.3433096934485703	0.5789365649660978	6.32756526416	-0.50848282556134	0.6125207584385058	0.8507054319120864	-5.509589346799309	
S10AA	0.0884767778463044	-0.2590746535047316	0.4360282091973403	6.59246372796	-0.5066506339409117	0.6138001217593534	0.8507054319120864	-5.510407604424512	
CATZ	-0.09868822749506949	-0.4949175537497219	0.2975410987595829	6.686618956613334	0.49569793146615554	0.6214729596397692	0.8528749807438302	-5.51523791955854	
MMP9	-0.1789401172389369	-0.901194526341727	0.5433142918638533	6.50411718144	0.49307829953148263	0.6233143989510481	0.8528749807438302	-5.5163776845502275	
ITB3	0.10452922962775094	-0.3175612888438658	0.5266197480993677	6.68722663332	-0.4928678919953499	0.623462406809572	0.8528749807438302	-5.5164689696943014	
GAS6	0.16190400243248215	-0.5115451994989032	0.8353532043638675	6.436229729613333	-0.4784660376724168	0.6336297255396393	0.8605962973142279	-5.522625217923797	
PEPD	-0.10360395812261684	-0.5357280933686288	0.3285201771233951	6.3883749814533335	0.4771623820532632	0.6345535989690351	0.8605962973142279	-5.523173530015697	
FHR1	0.10002487882040455	-0.3339769569069208	0.5340267145477299	6.6912910275333335	-0.45868532021969194	0.6477097419182818	0.8746849506246883	-5.530785040544662	
C1QBP	0.11134110701577428	-0.38028480346326365	0.6029670174948122	6.298484015426666	-0.45073278134708883	0.6534071724657089	0.8786241127624	-5.5339690724095325	
C1QC	-0.08227188663947797	-0.4549608633812186	0.29041709010226263	6.404070857053333	0.43934256656304965	0.6616033739381884	0.8858757040867268	-5.538433029414959	
HSP74	-0.05616310036038847	-0.3166620230517444	0.20433582233096748	6.501949353666666	0.42908518133496804	0.6690199790761278	0.8920266387681703	-5.5423557748761665	
LEG3	0.08507118601058294	-0.3260231324871063	0.4961655045082722	6.503939958426667	-0.4118502999231534	0.6815557543703974	0.8990923924060806	-5.548739329480804	
CFAB	-0.07994060726981542	-0.46923198727080173	0.30935077273117084	6.63858774108	0.4086871939529025	0.6838663280538206	0.8990923924060806	-5.549882619026889	
FHR3	0.10250687079242954	-0.40144763567126146	0.6064613772561205	6.53161532256	-0.40481818813167714	0.6866966490861454	0.8990923924060806	-5.551269124232808	
LECT2	0.06982490637812427	-0.27771780605449914	0.4173676188107477	6.42303930256	-0.3998531756327309	0.6903353023930942	0.8990923924060806	-5.5530291641280325	
CPXM2	0.08002342565729506	-0.3203515884886743	0.48039843980326447	6.01462767988	-0.3977851311327638	0.6918530470889648	0.8990923924060806	-5.553755883660552	
THRB	0.13128736822769435	-0.5265972118650043	0.7891719483203931	6.70537556412	-0.3971655849249903	0.6923079800642142	0.8990923924060806	-5.553972864525128	
CYTC	0.06075787956053502	-0.2496931543510879	0.37120891347215795	6.65053731176	-0.3895003675867623	0.6979458642548045	0.8990923924060806	-5.5566295637039715	
CATL1	-0.08114005707226661	-0.4984202096711673	0.33614009552663404	6.757725885933334	0.3869955347584221	0.6997919140698934	0.8990923924060806	-5.557486542262535	
PCOC1	0.05915713658091009	-0.24622109504404865	0.36453536820586885	6.587074046346666	-0.3855382238754637	0.7008667784625444	0.8990923924060806	-5.557982598763246	
HDGR3	0.0709703040618443	-0.29785799446152983	0.4397986025852184	6.34763295792	-0.3829576985829224	0.702771585203487	0.8990923924060806	-5.558856416196223	
ALBU	-0.07524940612116657	-0.4721883901830295	0.3216895779406963	6.906839197373333	0.3772920869415753	0.7069603008957817	0.9008042543672057	-5.560754404105972	
C1QA	-0.05981058780512784	-0.3881796054878838	0.2685584298776282	6.353291351946667	0.3625052248956425	0.7179349492726317	0.9105364263402651	-5.565575279713019	
HV315	-0.06921032389662347	-0.4656232020661064	0.3272025542728595	6.7117501832	0.3474733494111116	0.7291525507036534	0.9105364263402651	-5.570279221545132	
PGS2	-0.0842001187091267	-0.5703817462654581	0.40198150884720474	6.344257587946666	0.3446771826304761	0.731245821046614	0.9105364263402651	-5.571132333216679	
MSRE	-0.06583170040527382	-0.4465913308702298	0.31492793005968217	6.830242695253333	0.34409831819427994	0.731679426808507	0.9105364263402651	-5.571308086717325	
HEMO	-0.07473597592983577	-0.5098470565421037	0.36037510468243217	6.7257181078	0.3418439834318154	0.7333688960332331	0.9105364263402651	-5.571989736645525	
OLFL3	0.06454967334788998	-0.3153901426595977	0.44448948935537763	6.635973642066666	-0.33812525856053893	0.7361586994336794	0.9105364263402651	-5.573104419273507	
FBLN5	0.07250796457026083	-0.35842858425816543	0.5034445133986871	5.6367209049866664	-0.33486577165644643	0.7386069004268103	0.9105364263402651	-5.574071451480835	
CO6A1	0.05972509307816988	-0.297140762294295	0.4165909484506347	6.414198542186667	-0.33308127006720234	0.7399483864562687	0.9105364263402651	-5.574596926158239	
RNAS1	0.10124467160186625	-0.505117305346535	0.7076066485502674	6.399545002733333	-0.33230631121997173	0.7405312074982535	0.9105364263402651	-5.574824253356704	
TETN	0.06964859007827692	-0.3565769106773461	0.4958740908338999	6.452032851693334	-0.32521552782229624	0.7458709608169343	0.9135473783649272	-5.576879757594492	
LTBP2	0.059720840801235846	-0.318718740804118	0.4381604224065897	5.92123522216	-0.31407092496282013	0.7542885655623773	0.9170366346384642	-5.580021063893254	
RNAS4	0.06700615323582279	-0.3580197814784831	0.49203208795012876	6.428324428013333	-0.3137600379201232	0.7545238133101289	0.9170366346384642	-5.580107127199709	
ECM1	-0.07518453268522222	-0.5626363816840785	0.412267316313634	7.162268946573334	0.3069694501912224	0.7596679944026757	0.9181600934007064	-5.581965770144571	
CO8A	0.05626860157901866	-0.3163038361178514	0.4288410392758887	6.7260784554	-0.3005756343566094	0.7645215298132751	0.9181600934007064	-5.583678740104149	
APOC1	0.06516378594782433	-0.37134617399023556	0.5016737458858842	6.668563998133333	-0.29710538583925084	0.7671597551055706	0.9181600934007064	-5.584593399633405	
SFRP2	-0.06143858168038606	-0.4757566623701592	0.35287949900938703	6.671483935506666	0.29512477499027717	0.7686667324496396	0.9181600934007064	-5.5851106836667554	
TTHY	-0.05316969273847412	-0.4149420990423055	0.3086027135653573	6.877406514773333	0.29250081854802273	0.7706645804573322	0.9181600934007064	-5.585790677642852	
HGF	0.06596267456959884	-0.38736369929704795	0.5192890484362456	6.3517015012	-0.289591388943041	0.7728815976094553	0.9181600934007064	-5.586537568807997	
LAMC1	-0.04471422464784878	-0.361225317883195	0.2717968685874974	6.316913633013334	0.28116104071473474	0.7793162267209072	0.9223368076547066	-5.5886596937828354	
FRIL	-0.10102998550478207	-0.850332251609031	0.648272280599467	6.27652762472	0.26834383268801	0.7891286657709452	0.9304651432224579	-5.5917662490613615	
VINC	0.05504354470544912	-0.3617269867373315	0.4718140761482298	5.879994986293333	-0.2628498683965943	0.793345226895114	0.9319594486946321	-5.593053560023486	
C1S	0.04220098187629204	-0.29220803242937565	0.37660999618195967	6.631881426213333	-0.25115565068573553	0.8023407949062334	0.932713176365188	-5.595705179006589	
A4	0.05190216945305914	-0.37382505154798124	0.4776293904540995	6.3048501164	-0.24263445097906408	0.8089125024853776	0.932713176365188	-5.597561472720855	
SODE	0.06575562723309356	-0.47678322129011896	0.6082944757563061	5.891092370293333	-0.24121285956269353	0.8100102119491152	0.932713176365188	-5.597864932922269	
PROP	0.04254201211039144	-0.3105323754482835	0.39561639966906637	6.386355805706667	-0.2398005562566609	0.8111011266235906	0.932713176365188	-5.598164647581678	
PGBM	-0.03858041881267293	-0.35902239214992177	0.2818615545245759	6.089614927933333	0.2396160551856247	0.8112436696493098	0.932713176365188	-5.598203672063919	
CO2	-0.044547700950525786	-0.41695146172391256	0.327856059822861	6.586944908266666	0.23807270760296056	0.8124362883783482	0.932713176365188	-5.598528936431569	
ITGBL	0.04145141910306343	-0.32373233681735014	0.406635175023477	6.466595909426666	-0.2259052510971377	0.8218539779167278	0.932713176365188	-5.6010197687416685	
CAD13	0.05067944055422371	-0.3958543575285894	0.49721323863703676	6.29097124808	-0.22587899652211998	0.8218743279687812	0.932713176365188	-5.601025002345029	
CO8B	-0.041607710831567904	-0.411950309397767	0.3287348877346312	6.64085874996	0.22359831512647696	0.8236425600941455	0.932713176365188	-5.6014773166373075	
GRP75	-0.04449879977204886	-0.46833077753555963	0.37933317799146193	6.55850059868	0.20895508786428613	0.8350169431846589	0.932713176365188	-5.604272221795093	
IGHG3	-0.04237262810995594	-0.4657284418890804	0.3809831856691685	6.71220983616	0.19919491470755607	0.8426180659911068	0.932713176365188	-5.606030143728101	
TSP2	0.0425129941578067	-0.394740161605185	0.47976614992079836	6.069026099813334	-0.19350273788193695	0.8470580315547216	0.932713176365188	-5.607016600517339	
OMD	0.038274381762850564	-0.35937708080206304	0.4359258443277642	6.211750573613333	-0.19155962314947772	0.8485748249836851	0.932713176365188	-5.607346802795246	
VTDB	-0.02840070691078025	-0.32407860598232596	0.2672771921607655	6.85914313388	0.19116512278714293	0.8488828415503689	0.932713176365188	-5.607413435472843	
HEP2	-0.03148402238192486	-0.3617611205552613	0.2987930757914115	6.7663994186	0.1897186938445227	0.8500123798861061	0.932713176365188	-5.607656569138181	
ANT3	0.027102136770296374	-0.2574876249394466	0.31169189848003936	6.838115734106666	-0.18953203879823513	0.8501581645530167	0.932713176365188	-5.607687810039093	
MANF	0.0385058096508031	-0.3720157473967689	0.44902736669837506	6.6926091736	-0.18667607713316384	0.8523894268978847	0.932713176365188	-5.60816198808252	
MGP	0.08616923839588712	-0.8543003810320149	1.026638857823789	6.040931981293333	-0.1823500376796511	0.8557714971963344	0.932713176365188	-5.608866545992332	
LTBP1	0.03373771954404393	-0.33511873478141724	0.4025941738695051	6.055989967293334	-0.18203575953978351	0.8560173038594336	0.932713176365188	-5.608917087709558	
MUC18	0.03782769712736606	-0.3775825128042795	0.4532379070590116	6.232439138266667	-0.1812304256636051	0.8566472453287074	0.932713176365188	-5.60904620267149	
LBP	0.04855510063055364	-0.4903982690888489	0.5875084703499562	6.495119981733334	-0.17930072295040153	0.8581570590081039	0.932713176365188	-5.609353254627681	
S10A6	-0.03268550591739766	-0.40992473915390637	0.34455372731911105	6.563523196786667	0.1724394908275807	0.8635295827395231	0.932713176365188	-5.610418408532885	
IBP5	0.047036481401836305	-0.4989374639471816	0.5930104267508542	6.547153717893333	-0.17145939314515662	0.8642975560644983	0.932713176365188	-5.610567172179006	
ANXA1	0.022109827736508336	-0.24528140640597462	0.2895010618789913	6.51890612888	-0.1645646562395784	0.8697037031098485	0.932713176365188	-5.611589741844985	
VTNC	0.04084097472379249	-0.4551878255983493	0.5368697750459342	6.870465372106667	-0.16386551950298675	0.8702522457322858	0.932713176365188	-5.611691090467698	
HSP7C	-0.022457001794065255	-0.2962208316717036	0.25130682808357313	6.448403657533333	0.16325785252748026	0.8707290728725647	0.932713176365188	-5.611778829168998	
FHR2	-0.033886570786859097	-0.465635323498401	0.3978621819246828	6.7488334457466665	0.15620499021932327	0.876266806193276	0.9353430378183734	-5.612773334898252	
C1R	-0.024525198008587077	-0.34439403151897924	0.29534363550180504	6.748558602586667	0.1525945313015478	0.8791040576963826	0.9353430378183734	-5.613265454784782	
TENX	0.027852250441977887	-0.3640101233793093	0.41971462426326506	6.229629405453333	-0.14145721398304353	0.8878660446664715	0.9381579675253433	-5.614711060121237	
PROS	0.02947212673801218	-0.38943148249242304	0.44837573596844743	6.67061914556	-0.14002182946048444	0.8889963352273307	0.9381579675253433	-5.614889409264112	
OSTP	0.06267395091167208	-0.8417583336710273	0.9671062354943714	6.18294981884	-0.13791432886667224	0.8906562982835539	0.9381579675253433	-5.615147975909356	
PROZ	-0.037747246069369286	-0.6787485949845566	0.603254102845818	6.769009405573334	0.11719921493681004	0.9069973110949103	0.9490976895364808	-5.61748088942718	
ADIPO	0.018078441401430743	-0.28909063254082634	0.3252475153436878	6.475260381426667	-0.11713370250953486	0.9070490577215734	0.9490976895364808	-5.617487666639435	
ZA2G	0.01892668159984685	-0.3577911419310579	0.39564450513075156	6.958974886786667	-0.09999002605749129	0.9206035729584627	0.9601014160226872	-5.619130966588569	
FST	-0.019275010866090035	-0.4424453913577005	0.4038953696255205	6.46810394636	0.0906520737322648	0.9279967125535831	0.9617159925042422	-5.61991691307996	
QSOX1	-0.014492696446062664	-0.3337456422717553	0.30476024937963	6.6315376770266665	0.09034677534186421	0.928238537068968	0.9617159925042422	-5.6199413096339885	
GANAB	-0.009983445942325489	-0.3145208366574944	0.29455394477284347	6.61273111668	0.06524364591299495	0.9481435409288241	0.9782597124190545	-5.621665761449932	
IBP7	-0.01646394572700798	-0.5415413114396026	0.5086134199855867	5.57971262828	0.062403507662476605	0.950397885166613	0.9782597124190545	-5.621825829290343	
CATG	-0.013732614792202068	-0.5688522004357446	0.5413869708513404	6.56312369028	0.04923399321405656	0.960856112141699	0.985813413755769	-5.62247497019401	
COMP	-0.00826719796764548	-0.3840961403574457	0.3675617444221548	6.616424405493333	0.04377906574093408	0.9651901171633589	0.986368359634897	-5.622698996025323	
LV321	0.007390214753326248	-0.37036871038373514	0.3851491398903876	6.74937406404	-0.03893504657545326	0.9690396309296406	0.986368359634897	-5.622875906459513	
CO4A	-0.009024363041432643	-0.4974897610639397	0.4794410349810745	6.760116836266667	0.03676894148567571	0.9707612653368765	0.986368359634897	-5.622948311366599	
CFAD	-0.007762123363255497	-0.5098539460255446	0.49432969929903353	6.450174355573333	0.03076775198876241	0.9755317497816264	0.9880385670865189	-5.6231272683312	
APOA	0.006662915945383014	-0.6116388319869498	0.6249646638777159	6.348089434186667	-0.02144678677648186	0.982942905812898	0.9923640838238843	-5.623342163447978	
ANXA2	-0.002886655241760115	-0.3324655692933526	0.3266922588098323	6.572086537986666	0.017431464419017606	0.9861360134589694	0.9924171345638036	-5.623411092662457	
CO8G	0.001963429900747456	-0.3528707557124339	0.3567976155139288	6.594986252373333	-0.01101256082325644	0.9912409711759198	0.9937516940773115	-5.62349171012807	
CLUS	-0.0012595409816932614	-0.320354829967523	0.31783574800413644	6.62691873604	0.0078557975713279	0.9937516940773115	0.9937516940773115	-5.62351801002864	
