	logFC	CI.L	CI.R	AveExpr	t	P.Value	adj.P.Val	B	
CO4A2	0.6736344972827627	0.1682804696995892	1.1789885248659362	6.363407345803571	2.6655032586475187	0.009825653292781043	0.967234413325137	-4.120856450143108	
FHR5	-0.6705384496269131	-1.2227054528923254	-0.11837144636150099	6.244982259982143	-2.428308529009814	0.018134245439751503	0.967234413325137	-4.209976442061534	
CTHR1	0.44421177894093844	0.06573065806997508	0.8226928998119019	6.139404869875	2.3469102333767475	0.022193711222433448	0.967234413325137	-4.239279524846893	
LV861	0.6401431659534839	0.07954147087178909	1.2007448610351785	6.768283350678572	2.2833544665444645	0.025907071347014376	0.967234413325137	-4.261675040395658	
PXDC2	0.3496457257369208	0.03582745992334607	0.6634639915504956	6.3729759975	2.227925349452354	0.029584559113996187	0.967234413325137	-4.280849218550026	
SPRL1	0.6706107990241215	0.060897866990575644	1.2803237310576674	5.852997793696429	2.1993571816628776	0.031653914355460125	0.967234413325137	-4.290598517007531	
PA2GA	0.6561533795183955	0.04740320675862131	1.2649035522781698	6.260238051178572	2.1553455245636743	0.0350909246362096	0.967234413325137	-4.305437626778881	
HTRA1	0.41863298200796617	0.02433072988356	0.8129352341323723	6.362658048178571	2.123023557166325	0.03781886060693369	0.967234413325137	-4.316193874691639	
PLTP	0.5878726160896416	0.0336883606910513	1.142056871488232	6.849284007910715	2.121190517586805	0.037978961991260454	0.967234413325137	-4.316800250591164	
HPTR	0.5032541716618758	0.027655925627514732	0.9788524176962369	6.861419995267857	2.1159128147361246	0.03844323000560923	0.967234413325137	-4.318543944544098	
SODE	0.5972820399861412	0.032694708215871504	1.1618693717564108	5.499558249982143	2.115431447631242	0.03848581978563893	0.967234413325137	-4.318702821005782	
TIMP2	0.37300762090436057	0.013839812437011156	0.73217542937171	6.394695846392857	2.076686452437666	0.04205135970643653	0.967234413325137	-4.331401433629033	
SFRP2	0.4990883246974971	0.014556291435997293	0.9836203579589968	6.443101160928571	2.059707477458338	0.043702028240177	0.967234413325137	-4.336910262762053	
MSRE	0.41490772857223474	-0.018544506709152475	0.8483599638536219	6.634640069464286	1.9140836219921218	0.06030513155907966	0.967234413325137	-4.382718280203652	
FBN1	0.41448627629681883	-0.028397383035622892	0.8573699356292606	6.319547653464285	1.8714194043439831	0.06608568437780855	0.967234413325137	-4.3956375044678015	
FCGBP	0.4577481530063631	-0.03648385565853657	0.9519801616712629	6.263239575178571	1.852022938166101	0.06886457739350006	0.967234413325137	-4.401433902148348	
TENA	0.4202458993035932	-0.042912552537333615	0.88340435114452	6.552137172410714	1.8143644182596712	0.07454113912947104	0.967234413325137	-4.412548470715547	
CO6	0.26393162224617583	-0.037420773743816305	0.565284018236168	6.945075366339285	1.7513276640495672	0.08491752163894313	0.967234413325137	-4.430736124334208	
OSTP	0.8782235749794751	-0.12581142707823467	1.882258577037185	5.532887672892857	1.7490686975235388	0.08531055544756018	0.967234413325137	-4.431378085987364	
TIMP1	0.5133511863476171	-0.07864883408747547	1.1053512067827098	6.717468589482142	1.7339775799332988	0.08797506097437692	0.967234413325137	-4.435649173827097	
MFGM	0.4091379583921038	-0.06511010839646042	0.883386025180668	5.925338196607143	1.7251022197621333	0.08957397097585591	0.967234413325137	-4.438146768747797	
ITIH2	0.3001280905957321	-0.05110958848696523	0.6513657696784294	7.021501133910714	1.7086620592260968	0.0925990149073885	0.967234413325137	-4.442745035327496	
CO4A1	0.4448481491689677	-0.07654395030068345	0.9662402486386188	6.152612331892857	1.7060744198161257	0.09308272017265135	0.967234413325137	-4.443465453797111	
A4	0.4610569110625004	-0.08121419826747905	1.00332802039248	5.985906198428571	1.7001557115075236	0.09419691384643186	0.967234413325137	-4.445109845783359	
APOM	0.40556109220085995	-0.07693784524250641	0.8880600296442263	6.862596757232143	1.68077876369078	0.09792148497403712	0.967234413325137	-4.4504599255764274	
LAMA5	0.47101221947381355	-0.10179683431739162	1.0438212732650187	6.116787209375	1.6442692307720845	0.10526652649485439	0.967234413325137	-4.460400417802553	
PON1	0.569413011379067	-0.1250898733977609	1.2639158961558947	6.7380787219642855	1.6394718428871946	0.10626415585519147	0.967234413325137	-4.461692925693608	
FST	0.37813753683370255	-0.08759202187873855	0.8438670955461436	6.291234115821428	1.6235535514639503	0.10962954971818373	0.967234413325137	-4.465958713961684	
IGJ	0.4184363978977993	-0.10597369387659261	0.9428464896721912	6.776634802392857	1.595544949747742	0.11576022130836428	0.967234413325137	-4.473378588561847	
FCN3	0.3887868074230382	-0.09922010342186421	0.8767937182679406	6.954847951571429	1.5930748337288685	0.11631389356536748	0.967234413325137	-4.474027677484084	
MIME	0.4077159119035193	-0.10955440502033809	0.9249862288273767	5.518302239107143	1.57612527296924	0.12017083447936124	0.967234413325137	-4.478458434021557	
IBP5	0.4502855198645748	-0.12156759218185026	1.022138631911	6.186144925285714	1.574541536760041	0.12053640259382375	0.967234413325137	-4.478870363365911	
VTNC	0.38468895969798084	-0.10801181027506673	0.8773897296710285	6.572258645232143	1.5612667513166156	0.12363575421370104	0.967234413325137	-4.482309160422986	
PCOC1	0.2461317939606409	-0.07634135114816376	0.5686049390694455	6.429860762	1.5262468945572834	0.13211845376866077	0.967234413325137	-4.491260581251728	
OLFL3	0.3444550109711249	-0.11403591729029494	0.8029459392325448	6.427127315178572	1.5022852024844642	0.13818427161885807	0.967234413325137	-4.497284132087176	
OMD	0.3196851909038104	-0.1138920316487958	0.7532624134564166	5.979933798160714	1.4743706911321421	0.1455257254743597	0.967234413325137	-4.504196709496669	
HGF	0.29205125941120874	-0.10413950859311949	0.688242027415537	6.129868792017857	1.4740267380794423	0.14561805734209346	0.967234413325137	-4.504281178133185	
CO3A1	0.4566317261145559	-0.1630038347521225	1.0762672869812342	5.6738224388214284	1.4736025959731225	0.14573197869312807	0.967234413325137	-4.50438531602934	
KV401	0.2827542840760041	-0.10323079225242654	0.6687393604044347	6.978888196714285	1.4648370289603307	0.14810202930893243	0.967234413325137	-4.506531620423489	
CO5A1	0.28602151306356677	-0.10507079104293454	0.6771138171700681	6.2368737676785715	1.4624130681076095	0.14876272254668138	0.967234413325137	-4.507123164011205	
LECT2	0.30519511965180257	-0.11314016206590433	0.7235304013695094	6.256700764910715	1.4588267569090039	0.1497444619339616	0.967234413325137	-4.507996793212613	
AACT	-0.32667485937755913	-0.7759740653400207	0.12262434658490245	6.810111967410714	-1.4538871271085325	0.15110495042906133	0.967234413325137	-4.509197012936136	
ANXA4	-0.2657177562147464	-0.6493440339235892	0.11790852149409642	6.644237916589286	-1.3850417288219112	0.17108568552450779	0.967234413325137	-4.525550912045303	
SRP14	-0.28055104891607985	-0.6924962022857567	0.131394104453597	6.314639534553572	-1.3618307260569833	0.17826105288693112	0.967234413325137	-4.5309059178938265	
DERM	0.42412909979260877	-0.1993155762817786	1.047573775866996	6.014515232428572	1.3603503717371384	0.1787263565829026	0.967234413325137	-4.5312447141685	
MMP12	0.4612926011600794	-0.21909905934100238	1.1416842616611613	6.441643357339285	1.3557141736468872	0.18018959295923218	0.967234413325137	-4.532303634066491	
MGP	0.6232510235564148	-0.30140358880818885	1.5479056359210186	5.478072035357143	1.3478268062261727	0.18269986491137863	0.967234413325137	-4.534097708929995	
LRP1	0.20245915632202455	-0.09846898295966877	0.5033872956037179	6.5207279450357145	1.3453189277816393	0.18350357612827434	0.967234413325137	-4.534666194527961	
CLC11	0.2756145010561746	-0.13619369004550075	0.6874226921578499	6.405616255160714	1.338313048683154	0.1857630019648389	0.967234413325137	-4.536249265603472	
TETN	0.259722656668708	-0.1303107163754268	0.6497560297128427	6.295361611696428	1.331553735338441	0.18796282650160479	0.967234413325137	-4.5377696036629	
SDF1	0.30961875642848385	-0.1557724159212009	0.7750099287781687	6.301532549017857	1.3303311192791962	0.18836282341499214	0.967234413325137	-4.538043863475185	
SOST	-0.40595759824294386	-1.018435868802682	0.20652067231679427	5.498376824678571	-1.3253806277778704	0.18998902891347896	0.967234413325137	-4.53915205774266	
IGLC7	-0.36905726318873666	-0.9367095144351169	0.19859498805764353	6.546973277767857	-1.300055885705961	0.19847413844723463	0.967234413325137	-4.544763023256216	
PROZ	0.43742358815827875	-0.23689993255188846	1.111747108868446	6.392956228589286	1.2971330349649024	0.19947144616587098	0.967234413325137	-4.545404336947946	
CAPG	-0.3646797609991222	-0.92709460807415	0.19773508607590556	6.650266222410714	-1.2965984975104865	0.1996542411302749	0.967234413325137	-4.545521481041374	
PRDX1	-0.24106588621382835	-0.6159289837632329	0.13379721133557626	6.651875418392857	-1.2859192471886447	0.20333252680491898	0.967234413325137	-4.547852710093686	
ANXA5	-0.2667082077148442	-0.6840103310920853	0.15059391566239683	6.534824191982143	-1.2780163676422311	0.20608692431144793	0.967234413325137	-4.549566654349623	
CO1A1	0.3343869669477406	-0.20587310717830576	0.874647041073787	5.859724732125	1.2376478671218274	0.22059072898987503	0.967234413325137	-4.5581720855762615	
SMOC2	0.2628317855262461	-0.167135512726591	0.6927990837790832	6.138150970035714	1.222342997637992	0.22628134931336283	0.967234413325137	-4.561368950830386	
IGHM	0.32166538416899365	-0.20473693396221132	0.8480677023001986	6.576171621875	1.2219042165393346	0.22644606438792622	0.967234413325137	-4.561460068016073	
FINC	0.25172195844755835	-0.16205053341587478	0.6654944503109914	6.446954274375	1.21649440739569	0.22848407170638163	0.967234413325137	-4.562581013713988	
CO5A2	0.3717859076299434	-0.240423092085368	0.9839949073452547	6.011806265696428	1.214349907109415	0.22929565134345528	0.967234413325137	-4.5630241100652045	
APOA4	0.24834861786967594	-0.16490855373366026	0.6616057894730121	6.749379753214286	1.2016887015624333	0.23413011132506495	0.967234413325137	-4.565625596219283	
PTN	0.32023178154879656	-0.21492252841508336	0.8553860915126765	5.578997265839286	1.196564278534092	0.2361076801190911	0.967234413325137	-4.566671412170205	
HS71B	-0.22203104332157253	-0.5940668963500091	0.15000480970686408	6.242299678803572	-1.1933821412572758	0.23734177797066086	0.967234413325137	-4.567318776748466	
KLKB1	0.19439144117359067	-0.13182173392645444	0.5206046162736357	6.878466452	1.1915884136149708	0.23803947707193823	0.967234413325137	-4.567682991040578	
CD5L	0.3137316190748654	-0.2134156529408499	0.8408788910905807	6.608086555892857	1.190082192812628	0.238626491075479	0.967234413325137	-4.567988439434315	
HDGR3	0.2329646435907788	-0.1586318128973939	0.6245611000789515	6.211186270892857	1.1896025613228638	0.23881363570278408	0.967234413325137	-4.568085630135105	
SPON1	0.2651452534033088	-0.1846497456673849	0.7149402524740025	6.060033024142857	1.1787450007213838	0.24307850702174438	0.967234413325137	-4.5702761450771	
ANXA6	-0.22729894797014863	-0.6137644838822667	0.15916658794196945	6.428510091446428	-1.1760811372771554	0.24413320912864908	0.967234413325137	-4.570810762271681	
CO9	0.2564167439199833	-0.18575468002252638	0.698588167862493	6.903307773982143	1.1595950115845266	0.25073383687562706	0.967234413325137	-4.574094651490297	
FBLN2	-0.2651752003783347	-0.7295567385393535	0.1992063377826841	5.915769004607143	-1.141848772906633	0.2579805812380405	0.967234413325137	-4.577581791713597	
CO1A2	0.3074902462685812	-0.23217151401510566	0.847152006552268	5.867017917678571	1.1393583204032558	0.25900936016065956	0.967234413325137	-4.578067194375547	
ITB2	0.3413582908643924	-0.25907920368361026	0.9417957854123951	6.6644496837142855	1.136824123603275	0.2600591958004188	0.967234413325137	-4.578560117926169	
ANT3	0.18603879275323537	-0.1413237063290454	0.5134012918355162	6.697984635982142	1.1363842730577076	0.2602417185975538	0.967234413325137	-4.578645569426465	
SULF1	0.27465974719679237	-0.21175374902923283	0.7610732434228176	6.185009309	1.1291198150832054	0.26326936404362306	0.967234413325137	-4.58005244171847	
FCG3A	0.21245659382457166	-0.1638176180837796	0.5887308057329229	6.916268231964286	1.1290583557473055	0.2632950846006931	0.967234413325137	-4.580064308651583	
F13A	-0.2842680169760934	-0.7954450193205118	0.22690898536832504	6.444267147553571	-1.112006491713227	0.2704999853839534	0.967234413325137	-4.5833336731450025	
IPSP	-0.23136283884250555	-0.6513827459732919	0.1886570682882808	6.410591367339285	-1.1014742770279438	0.27501874830081585	0.967234413325137	-4.5853299695558665	
A2MG	0.21804154644260315	-0.18219541126206623	0.6182785041472725	6.741963359107142	1.0893631853999208	0.2802798741140885	0.967234413325137	-4.587603711456868	
CO7	0.20257516043105378	-0.16973547075308182	0.5748857916151894	6.897278637785714	1.0880062334306224	0.28087367812318625	0.967234413325137	-4.58785700992135	
C1S	-0.20777884480106418	-0.5910277710240903	0.1754700814219619	6.694899238571429	-1.0841041580748765	0.2825861067082794	0.967234413325137	-4.588583762356653	
HS90A	-0.24362535234562047	-0.6975525025138135	0.2103017978225726	6.4550525449642855	-1.073215534468573	0.2874028871015145	0.967234413325137	-4.590598880907956	
APOB	0.2700787253375322	-0.23368463348455426	0.7738420841596186	6.683518853125	1.0720484884861659	0.2879225003071637	0.967234413325137	-4.59081373708999	
CBPB2	0.2210889712843349	-0.19154239211613816	0.6337203346848079	6.8807975903214285	1.0714094524578937	0.2882072983722662	0.967234413325137	-4.590931292925241	
FBLN1	-0.2196280421728136	-0.6298052238412267	0.19054913949559957	6.344877058982143	-1.0706978311941995	0.2885246743774791	0.967234413325137	-4.591062124480849	
RNAS4	0.25085529527928524	-0.21773875712904922	0.7194493476876197	6.228731976732143	1.0704764819425154	0.28862344315010696	0.967234413325137	-4.591102803008017	
ITB1	0.1570678360533105	-0.13656143791314188	0.45069711001976287	6.332543903303572	1.0696422249186748	0.28899590881087184	0.967234413325137	-4.591256048358608	
SRPX2	-0.20978618529308857	-0.6059042386276461	0.1863318680414689	6.264626904732143	-1.0590168722272177	0.2937687804288047	0.967234413325137	-4.5931980740749605	
SFRP4	0.2700702400531519	-0.24275135129663677	0.7828918314029405	6.424992003107143	1.0530792560640416	0.2964594089180886	0.967234413325137	-4.594275422029786	
GAS6	0.3401794713941589	-0.3096168059599124	0.9899757487482301	5.993634977875	1.0468429015325578	0.299303550419175	0.967234413325137	-4.5954008768412145	
FMOD	0.23105083679872174	-0.2153768369578355	0.677478510555279	5.719151783589286	1.034920684001424	0.3047925558802016	0.967234413325137	-4.597535026892237	
COFA1	0.23345749413831468	-0.21881984108452157	0.6857348293611509	6.444471455071429	1.03217568572301	0.3060659940053905	0.967234413325137	-4.5980231555521955	
CCL18	0.21979351899863056	-0.20956285947468503	0.6491498974719462	6.463469887285714	1.023640812224032	0.3100484875774097	0.967234413325137	-4.5995331017835035	
S10A4	-0.22242535120866022	-0.6582479580865707	0.21339725566925025	6.205765544517857	-1.0205285535040873	0.3115093988140626	0.967234413325137	-4.600080780127707	
APOC3	-0.25684709648073367	-0.765945943580233	0.2522517506187657	6.088137235392857	-1.008842051478697	0.3170365767715335	0.967234413325137	-4.6021233239888115	
CO2	-0.19712968755319368	-0.5884828233662107	0.19422344825982332	6.743491661964286	-1.0072420424976485	0.3177984066766419	0.967234413325137	-4.602401249862269	
OLFL1	0.2107475383084532	-0.20798596633951574	0.6294810429564222	6.358744642321429	1.0064111228044375	0.31819452625889966	0.967234413325137	-4.6025454192306565	
LBP	-0.2870628325275775	-0.8589488721325553	0.28482320707740033	6.6778173847857145	-1.003732763129381	0.31947362060489204	0.967234413325137	-4.603009368498984	
SAP	-0.23018204044098164	-0.6891378297635731	0.22877374888160976	6.544272981214286	-1.0028851775822314	0.31987911604294583	0.967234413325137	-4.603155946244968	
FA12	0.17776446449434216	-0.17770260740332164	0.5332315363920059	6.848288784553572	0.9999912539760024	0.3212662034268309	0.967234413325137	-4.6036555308210865	
CFAI	0.1772665906903937	-0.17735089300461532	0.5318840743854027	6.918845563482143	0.9995795853783861	0.3214638470101588	0.967234413325137	-4.6037264877347965	
A2AP	-0.1861942528507167	-0.559193600944621	0.18680509524318764	6.713042961607143	-0.9981799186216473	0.32213644056361046	0.967234413325137	-4.603967534445953	
TRYB2	-0.36634981392711335	-1.1051272844908968	0.37242765663667005	5.971040747642857	-0.991591880370232	0.32531487645154855	0.967234413325137	-4.60509783668316	
TAGL2	-0.24786623051306414	-0.7479927800745206	0.2522603190483924	6.020327132375	-0.991032921508819	0.3255855082072643	0.967234413325137	-4.6051934121932385	
CO6A1	0.1969384940977591	-0.2044255502542665	0.5983025384497846	6.252239017732143	0.9811666499744747	0.3303871641100493	0.967234413325137	-4.606872068941764	
LEG1	-0.22792476095609823	-0.6956744788975434	0.23982495698534692	6.114533360410714	-0.974380543212937	0.3337169123073337	0.967234413325137	-4.608017467478194	
AFAM	-0.19004576138474324	-0.5805040857418285	0.20041256297234208	7.069801827125	-0.9732717801397959	0.3342630518485271	0.967234413325137	-4.6082038978565265	
SAA4	0.2540999288959468	-0.27439285613097586	0.7825927139228694	6.644800693607142	0.9614265483321659	0.3401344440640105	0.967234413325137	-4.6101830720573265	
CLUS	0.1624251970126776	-0.17786632902136346	0.5027167230467187	6.490451844410714	0.9544493737566899	0.3436243712341137	0.967234413325137	-4.611338137872343	
C1QB	0.19972456641343092	-0.21937910925245926	0.6188282420793211	6.275141789607143	0.9529292259547671	0.3443878355343142	0.967234413325137	-4.611588741160207	
FRIL	-0.35967135632387565	-1.1255885811325517	0.4062458684848003	6.540758110160715	-0.9390195747351406	0.351425140578855	0.967234413325137	-4.61386424205365	
PGS2	0.25157197767689515	-0.2849531844438617	0.788097139797652	6.284010082267857	0.9376112269710254	0.35214283540321156	0.967234413325137	-4.614092868175578	
APOE	0.17462704070460486	-0.20277487512586703	0.5520289565350768	6.525395549339286	0.9252477196172146	0.35848405460606503	0.967234413325137	-4.616085942385807	
CD9	0.18182909776315692	-0.21512755371229203	0.5787857492386059	6.263826673321429	0.9159482343841934	0.36330193632534646	0.967234413325137	-4.617568523136484	
IGKC	-0.2801012491844534	-0.8961797295325193	0.3359772311636126	6.692776914571429	-0.9091376344029082	0.3668565906073653	0.967234413325137	-4.61864528030286	
HS90B	-0.18292003723887126	-0.5863261151211165	0.22048604064337404	6.414727464803572	-0.906712229576638	0.3681278288181211	0.967234413325137	-4.6190268916905515	
CPXM2	0.21419810154481406	-0.25845186180336316	0.6868480648929913	5.840983373892857	0.9062053426603554	0.36839386033825694	0.967234413325137	-4.619106522377501	
APOA1	0.22954621228995306	-0.27739558990924573	0.7364880144891519	6.764943105642857	0.9054462116842331	0.36879250739095626	0.967234413325137	-4.619225700745688	
CO4B	-0.17563520536224184	-0.564810206023637	0.21353979529915332	6.896677252946429	-0.9024377780552507	0.3703750475004739	0.967234413325137	-4.619697069500518	
GRP75	0.20903243391833323	-0.26373053513719025	0.6817954029738568	6.479010142946429	0.8841396258838077	0.3800933640171402	0.967234413325137	-4.622531878012682	
DEF1	0.43313693506529916	-0.5643418955800338	1.4306157657106322	6.201333696053571	0.8683047186335545	0.3886318373085226	0.967234413325137	-4.624940355784318	
THIO	-0.17333244405962642	-0.5787140462126937	0.23204915809344093	6.306387807535714	-0.8550006709612004	0.39589738980336564	0.967234413325137	-4.62693173774442	
CD44	0.15686774070130008	-0.2112297276887988	0.524965209091399	6.756003581553571	0.8521605804617243	0.3974592319149468	0.967234413325137	-4.627353039996153	
FETUA	0.355759327200908	-0.48477615605201535	1.1962948104538313	6.028417118464286	0.8463517035806368	0.40066552470811345	0.967234413325137	-4.628210556572189	
COMP	0.18109840139708464	-0.24713928659607962	0.6093360893902489	6.4780242843749996	0.8456299585682566	0.40106501152825347	0.967234413325137	-4.6283167096008535	
ANXA1	-0.13813722858372326	-0.4662714574993224	0.18999700033187591	6.6141229332857145	-0.8418017659508888	0.40318801630472945	0.967234413325137	-4.6288783034305805	
SFRP3	0.20221506850853668	-0.2785150580286938	0.6829451950457672	5.7127049533214285	0.8411293841059188	0.40356161087912923	0.967234413325137	-4.6289766894700755	
CO4A	-0.21012902436333214	-0.7104673952999773	0.290209346573313	6.834965262214285	-0.8397941855521037	0.40430411484701545	0.967234413325137	-4.629171838627566	
FHR3	-0.23643937042816165	-0.8054182614757901	0.3325395206194668	6.618823630785714	-0.8309488082583996	0.40924415203015074	0.967234413325137	-4.630457150005327	
SAMP	-0.1786409618353549	-0.6101715830810727	0.2528896594103628	6.666021017125	-0.8277897783920535	0.41101731434918176	0.967234413325137	-4.630913021854762	
IGHG4	-0.19980235006739533	-0.682574834891261	0.2829701347564704	6.836831218678571	-0.8275775705690446	0.4111365938503536	0.967234413325137	-4.630943585337181	
CATD	-0.21972588458398895	-0.7521139986412153	0.31266222947323735	6.898377941946428	-0.8252841419281511	0.4124270460709991	0.967234413325137	-4.631273419365041	
IGHG3	-0.17252925396621976	-0.5915031967972184	0.24644468886477888	6.843885766357142	-0.8234293828706238	0.4134724678377204	0.967234413325137	-4.6315395227913925	
LG3BP	0.1922822514525687	-0.2817375238076909	0.6663020267128283	6.4372046739821425	0.8111354236046855	0.4204424260666286	0.967234413325137	-4.633288808119375	
PERM	0.34103515322619193	-0.5058850572616412	1.1879553637140252	6.600118232589286	0.8052065151959722	0.4238288980765337	0.967234413325137	-4.634123383751301	
CRIP2	-0.23697216614263641	-0.8323644990577522	0.35842016677247945	5.612035028053572	-0.795874756789248	0.42919200754975606	0.967234413325137	-4.635425028384484	
PGBM	0.14149890443009688	-0.21418670140109697	0.49718451026129074	6.035978059446428	0.7954949310909886	0.42941115229425086	0.967234413325137	-4.635477699323447	
HV372	0.19201762491985627	-0.2964275492408428	0.6804627990805553	6.8004656330357145	0.7860965675580798	0.434854835203783	0.967234413325137	-4.636773272034449	
PGCA	0.20739235254091257	-0.3279026104071199	0.7426873154889451	5.873293114553571	0.7747297096535484	0.4414929552330005	0.967234413325137	-4.638320378467553	
B2MG	0.17639310340488215	-0.2905297658007532	0.6433159726105174	6.347353672946428	0.7554175758718983	0.452906346729651	0.967234413325137	-4.6408990339545735	
LAMA4	0.1484705546254883	-0.24903655224806887	0.5459776614990455	6.6203516415	0.7468718015104902	0.4580108756654908	0.967234413325137	-4.642020039998391	
TSP1	-0.20100823358621084	-0.7394818951440891	0.3374654279716675	6.051638766142857	-0.7464487776416626	0.4582644110628672	0.967234413325137	-4.642075210593075	
KVD15	-0.17448395921518065	-0.6428233687122623	0.2938554502819011	7.060916110178572	-0.744981405019623	0.4591444920476222	0.967234413325137	-4.642266350450906	
FA9	0.1772062531427242	-0.29917633970857227	0.6535888459940207	6.377239138625	0.7438301684253343	0.45983564400134025	0.967234413325137	-4.642416055825975	
FIBG	0.1978036065339478	-0.33711951233826243	0.732726725406158	6.486732374910714	0.7394238715244654	0.4624864977709461	0.967234413325137	-4.642986976201948	
PGS1	0.1839864078362737	-0.31738617964403903	0.6853589953165865	5.950644804553572	0.7337967510909246	0.4658844740090633	0.967234413325137	-4.64371130510449	
LTBP4	0.16059764572073928	-0.27771926361277066	0.5989145550542493	6.1317553046607145	0.7326584769942381	0.46657355290875213	0.967234413325137	-4.643857173658983	
TENX	0.15601960596706155	-0.27112020018747207	0.5831594121215952	6.106111030142857	0.7303983106383386	0.46794351015487545	0.967234413325137	-4.644146161578398	
TRFL	0.315541228103567	-0.550816151799259	1.1818986080063931	6.620731929535714	0.7282989130905129	0.46921806352133366	0.967234413325137	-4.64441381882453	
HV330	0.1296810412054023	-0.22667497571257583	0.48603705812338044	7.019369371214285	0.727684328903917	0.46959155221332194	0.967234413325137	-4.6444920324533046	
S10A6	0.14101195186818322	-0.24752854881890385	0.5295524525552703	6.564092914660714	0.7257219487815256	0.4707852360386221	0.967234413325137	-4.644741342055337	
KV320	-0.14285321267165244	-0.5380595840161635	0.25235315867285857	6.830113687178572	-0.7227976033506959	0.47256724781631276	0.967234413325137	-4.645111653876177	
IBP7	0.1975686887527859	-0.35388886797270336	0.7490262454782751	5.536003200053571	0.7164017774301751	0.4764779136929812	0.967234413325137	-4.645916511045126	
CO8A	-0.13581620533983746	-0.5153646106299861	0.2437321999503112	6.779220588428571	-0.7155418685493885	0.4770050788288519	0.967234413325137	-4.646024193979614	
THRB	0.22529518902800005	-0.40802226485665216	0.8586126429126523	6.364053850517857	0.7113463218840205	0.4795818359784657	0.967234413325137	-4.646547786668924	
ITGBL	0.12732526793257465	-0.23139171219068744	0.48604224805583673	6.394152042678572	0.7097628981277037	0.48055633826597	0.967234413325137	-4.6467446173586495	
MUC18	0.14660009203656593	-0.27040573773633136	0.5636059218094632	6.133844236910714	0.7029796384074133	0.484743515405879	0.9686827068121737	-4.647583007185262	
PEPD	-0.15220000143563464	-0.587797845940931	0.28339784306966165	6.583654040428572	-0.6986820148793487	0.48740680500992284	0.9686827068121737	-4.648110136019229	
CYTB	-0.16067288158942647	-0.6380343785310736	0.3166886153522207	6.662016220267857	-0.6730476704407702	0.5034596077353096	0.9762483144847838	-4.6511890797575015	
TARSH	0.13725097845871403	-0.2734516568957375	0.5479536138131655	6.064121717732143	0.6682494179109384	0.5064958693972954	0.9762483144847838	-4.651752960880583	
ANGI	0.15807162961157978	-0.31791675150532883	0.6340600107284884	6.298494467392857	0.664061356779288	0.5091540543365696	0.9762483144847838	-4.652241923428935	
CO3	-0.10498357102278912	-0.4247226341719012	0.214755492126323	6.858717866464286	-0.6565628001662119	0.5139320738009219	0.9762483144847838	-4.653109911825217	
CAD13	0.1532292613372681	-0.32024679641468584	0.626705319089222	6.192544260446429	0.6471341439724679	0.5199736966719408	0.9762483144847838	-4.654187683527001	
CD59	0.1405617705255116	-0.302170432738296	0.5832939737893192	6.476474585232143	0.634858203459333	0.5278956713602008	0.9762483144847838	-4.6555681363576715	
APOA	0.20801351038296426	-0.4523007714972894	0.8683277922632179	6.140413763803571	0.6299288252774466	0.5310943743536622	0.9762483144847838	-4.656115193680921	
GRN	0.1300964573507591	-0.28393889327701705	0.5441318079785352	6.783216862428572	0.6283168070060201	0.5321426046713567	0.9762483144847838	-4.656293190429056	
FIBB	0.16114814540447478	-0.3543144818907449	0.6766107726996944	6.54130627475	0.6251421157440237	0.5342101131191319	0.9762483144847838	-4.656642432933897	
BGH3	0.11615049424574123	-0.25591485778864054	0.48821584628012304	6.635650458035714	0.6242412488088369	0.5347975561889765	0.9762483144847838	-4.656741221081207	
PLF4	-0.1934635056847413	-0.8224627681151611	0.4355357567456785	5.951225695321429	-0.6150345971308327	0.5408201712655768	0.9762483144847838	-4.657742832279829	
LTBP1	0.12045001107569205	-0.27235350986481	0.5132535320161941	5.971724848910714	0.6131716990954488	0.5420430154534394	0.9762483144847838	-4.657943731565051	
ZA2G	-0.12819054806118652	-0.5468017094037683	0.29042061328139523	6.976261215964286	-0.6123445123362005	0.5425864504692508	0.9762483144847838	-4.658032746311672	
CMA1	-0.22421919922213399	-0.9630975779081078	0.5146591794638399	6.057750516785714	-0.6068068412340797	0.546231674226822	0.9762483144847838	-4.65862563654181	
CFAD	0.13174173840658154	-0.304544962409258	0.5680284392224211	6.4375590025892855	0.6038124238641784	0.5482079457150311	0.9762483144847838	-4.658944039056858	
APOD	0.15058754120169382	-0.35043468030503233	0.65160976270842	6.7617246325357145	0.6010113635165183	0.5500598756922146	0.9762483144847838	-4.6592404865757295	
CYTC	0.10769072159684955	-0.2524761933072955	0.4678576365009946	6.553501417339286	0.5978952466265156	0.5521238105862117	0.9762483144847838	-4.659568692850736	
SERPH	-0.158816584126745	-0.6912267919815684	0.3735936237280785	6.463034422392857	-0.5964857966070891	0.5530586266244144	0.9762483144847838	-4.659716595311384	
A1AT	-0.1218018378399399	-0.532002501150227	0.2883988254703472	7.056550664642857	-0.5937561384433729	0.5548713274330277	0.9762483144847838	-4.660002063825699	
KNG1	0.11248156590147437	-0.2665976224710187	0.4915607542739674	6.714126569785714	0.5933378329750209	0.555149376885722	0.9762483144847838	-4.660045697075383	
ITA1	-0.10441944705174595	-0.4609584899775269	0.25211959587403504	6.313561199446428	-0.5856321684537213	0.5602838095449498	0.9762483144847838	-4.6608440845532035	
C1R	-0.10846848389100647	-0.4868696655330853	0.2699326977510724	6.827382092714286	-0.5731941053103149	0.568620964879514	0.9762483144847838	-4.662111222501956	
CATG	0.18979353895024512	-0.47654188332877745	0.8561289612292676	6.534746643071428	0.5695595687047531	0.5710685960119739	0.9762483144847838	-4.6624764593180155	
FA10	0.19248954772703952	-0.48817639910894706	0.8731554945630261	6.045163843017857	0.565488474606579	0.5738163089492325	0.9762483144847838	-4.662882860543392	
F13B	0.17732000228823958	-0.4622093126513543	0.8168493172278335	6.71189615025	0.5544315056599084	0.5813112378080681	0.9762483144847838	-4.663972198647561	
CATZ	-0.11422674842248975	-0.528427383020347	0.29997388617536747	6.804583249732143	-0.5514519590781388	0.5833389119306203	0.9762483144847838	-4.664262133600676	
MFAP4	0.15615059506504353	-0.41829012233065505	0.7305913124607422	5.79080555725	0.5435619615576504	0.5887245558832648	0.9762483144847838	-4.665022485707943	
LEG3	-0.11752442025831407	-0.5518507287594574	0.31680188824282923	6.545292932910714	-0.5410814065395706	0.5904226100186128	0.9762483144847838	-4.665259310619762	
A1AG1	-0.1849641494251375	-0.8790936955467413	0.5091653966964663	7.079393907357143	-0.5328410290222992	0.5960800481599371	0.9762483144847838	-4.6660383981529305	
CBPA3	-0.21436101884417308	-1.0209144054529495	0.5921923677646033	6.019656646517857	-0.5314511155366605	0.5970367843525379	0.9762483144847838	-4.666168649341893	
HV439	0.09679467153935442	-0.2687996994677452	0.4623890425464541	6.949623170053571	0.5294227256527109	0.5984342940389272	0.9762483144847838	-4.66635813299437	
CFAH	0.09263519733973626	-0.26291229922200676	0.44818269390147925	6.683299645089286	0.5209895777648849	0.6042607625271228	0.9762483144847838	-4.667138281620031	
IGLL5	0.10832944607275918	-0.3110838169156066	0.527742709061125	6.84009016825	0.5164817640546088	0.6073858811978681	0.9762483144847838	-4.667550243951322	
RNAS1	0.13752233836147307	-0.4008856842423709	0.6759303609653171	6.264638034464285	0.510754680649403	0.6113669054727443	0.9762483144847838	-4.668068551724281	
FGL2	0.11798344968142044	-0.34500247189463684	0.5809693712574777	6.3344698229642855	0.5095700970487292	0.6121918124512431	0.9762483144847838	-4.668175047860921	
KVD11	0.10314944241518116	-0.3052842557405348	0.5115831405708972	7.009937623339286	0.5050053133291941	0.6153752916458193	0.9762483144847838	-4.6685831529875195	
PEDF	0.09158181374611168	-0.2810179076236912	0.4641815351159146	6.357996840428571	0.49149300815201674	0.6248421679248801	0.9762483144847838	-4.669769988956425	
HV309	-0.0851840875160255	-0.43497236003255196	0.2646041850005009	6.917833872178571	-0.48697185393811204	0.6280240647989286	0.9762483144847838	-4.670160016315834	
CD14	0.10313307231971318	-0.3209388467739648	0.5272049914133912	6.7629714034464286	0.4863053746727132	0.6284937211362622	0.9762483144847838	-4.670217211119296	
HSP74	-0.08382848539566187	-0.4287574396683751	0.2611004688770513	6.594036437214285	-0.4859735103591849	0.6287276376380613	0.9762483144847838	-4.670245661695426	
LV319	0.1273734520513172	-0.39775595970539135	0.6525028638080258	6.866052236714285	0.4850239737970834	0.6293971349770444	0.9762483144847838	-4.670326959256065	
COCA1	-0.10829761132501187	-0.5641113610595676	0.3475161384095438	5.863078227392857	-0.4750967784563606	0.6364151923075811	0.9762483144847838	-4.671167517565593	
HSP7C	-0.08601342591384402	-0.44941805590543377	0.2773912040777457	6.522258834571429	-0.4732890091735861	0.6376968316596058	0.9762483144847838	-4.671318740025564	
DCD	-0.1005118315389823	-0.5354148526267628	0.33439118954879826	6.346240546428572	-0.4621419492572362	0.6456240924236987	0.9762483144847838	-4.672238636566335	
ANXA7	-0.09470301202304586	-0.505805300149148	0.31639927610305635	6.342375533803572	-0.4606430546345179	0.6466932153974569	0.9762483144847838	-4.672360680177398	
VWF	-0.1410136738291239	-0.7532688606057725	0.4712415129475247	6.482101620892857	-0.46055275434460147	0.6467576481772872	0.9762483144847838	-4.6723680201428754	
HV374	0.11064164933476418	-0.37012665913122167	0.59140995780075	6.723120612589286	0.4601860387709273	0.6470193419346391	0.9762483144847838	-4.6723978136371045	
YBOX1	-0.08619455079089125	-0.46262292445623865	0.2902338228744562	6.403797557625	-0.45787621995525274	0.648668690592347	0.9762483144847838	-4.6725849342452666	
LYSC	0.1255786525583399	-0.43624664340107866	0.6874039485177584	6.299421683410714	0.44695639871958365	0.6564899121563574	0.9762483144847838	-4.673456967619471	
LAMC1	0.08965932313422006	-0.3126765148168611	0.4919951610853013	6.296728173785715	0.445612501679231	0.6574551603389276	0.9762483144847838	-4.673562851261187	
HEP2	0.08983656404522951	-0.31762804659042365	0.49730117468088264	6.739689913357143	0.4408733706509904	0.6608636863102333	0.9762483144847838	-4.673933725487575	
CATL1	0.08894705128131676	-0.32022030610399266	0.49811440866662615	6.765777779017857	0.4346915575159627	0.6653206792721689	0.9762483144847838	-4.674411609662375	
FIBA	0.1000549846254465	-0.3722534966840287	0.5723634659349217	6.464419449357143	0.423607474677173	0.6733424699175986	0.9762483144847838	-4.675251753296298	
IGHG2	0.0836511540708494	-0.3112267227098581	0.47852903085155685	6.8767225946607144	0.4236037183299084	0.6733451949987084	0.9762483144847838	-4.675252034379082	
FBLN5	-0.10465187696497656	-0.5997390295897406	0.3904352756597875	5.658718089339286	-0.42268418119908674	0.6740124148793997	0.9762483144847838	-4.675320768012471	
LAMB1	0.08420058740083725	-0.3207831888031757	0.4891843636048502	6.475162209071429	0.4157460437850255	0.6790551970577059	0.9762483144847838	-4.675834615780927	
ITB3	0.09782248409368596	-0.3766920848114925	0.5723370529988644	6.5377953089464285	0.4122301625348172	0.6816162616734125	0.9762483144847838	-4.6760917934674024	
HV349	0.088882472182109	-0.3435204157657144	0.5212853601299324	6.930154225910714	0.41103439922144236	0.6824881478880773	0.9762483144847838	-4.67617876780491	
S10AD	0.09782481453820403	-0.3820756021993639	0.5777252312757719	6.2300797665	0.4076134778796002	0.6849848953613111	0.9762483144847838	-4.676426208569599	
FHR2	0.09822771612490061	-0.38647700798608053	0.5829324402358818	6.7032120321071424	0.40523544347752577	0.6867225776037205	0.9762483144847838	-4.676597009280928	
LV310	-0.09476441169522724	-0.5679744379177879	0.3784456145273334	6.800627684785714	-0.4004441583528266	0.6902288247717532	0.9762483144847838	-4.676938134362146	
PLMN	0.09791835457939366	-0.39658660574469085	0.5924233149034782	6.762066116571429	0.39595340696091436	0.6935213410054126	0.9762483144847838	-4.677254213928617	
TINAL	0.09656523075343162	-0.39115223142085764	0.584282692927721	6.116811968428571	0.3959160490192222	0.6935487559871838	0.9762483144847838	-4.677256828541492	
LTBP2	-0.08682240678299655	-0.5279572185632498	0.3543124049972568	5.896298478964286	-0.39356015147469775	0.6952784513572665	0.9762483144847838	-4.677421219738727	
KVD20	0.08096529403271825	-0.33577435085014656	0.49770493891558304	6.731313341482143	0.3884943522409644	0.6990032501257304	0.9762483144847838	-4.677771411448827	
ANXA2	-0.06877286002018512	-0.4237931394487666	0.2862474194083964	6.6148390135	-0.3873598050504185	0.6998384865878595	0.9762483144847838	-4.677849224943317	
ICAL	0.08075089597637951	-0.34641025631551986	0.5079120482682788	6.502216032714285	0.37801255981969534	0.7067338695150023	0.9762483144847838	-4.678481725306802	
A1BG	-0.06066768712245655	-0.3840093426517681	0.262673968406855	7.030688049214286	-0.37518581501838605	0.7088240329333733	0.9762483144847838	-4.678669986386182	
IBP3	0.09223058184366796	-0.4040124517975901	0.588473615484926	6.327114213875	0.37164744789448895	0.7114435550583171	0.9762483144847838	-4.678903666663169	
LV147	-0.06057633081837855	-0.3884581845533793	0.26730552291662224	6.800134186035715	-0.36943344670756645	0.7130844030156807	0.9762483144847838	-4.679048766445863	
HV169	-0.08921458426067717	-0.5773267297973355	0.39889756127598114	6.886013347142857	-0.36548273933271713	0.7160157425659535	0.9762483144847838	-4.679305548958956	
CXCL7	-0.0811864267066883	-0.5277881290492188	0.36541527563584225	6.421510172267857	-0.36350775662720874	0.717482750080352	0.9762483144847838	-4.679432889327735	
S10AB	0.07800752228029108	-0.35280138557834695	0.5088164301389291	6.863766844089286	0.36207825091918167	0.7185452468413234	0.9762483144847838	-4.67952463208732	
TRFE	0.06699964527573954	-0.30905190488737655	0.4430511954388556	6.944321221160714	0.35626712540497496	0.7228701572670259	0.9762483144847838	-4.679893885373518	
HPT	-0.0931309017364021	-0.6159447286340602	0.429682925161256	6.675872972625	-0.3562028358100917	0.7229180556627829	0.9762483144847838	-4.679897937336185	
APOA2	-0.07181242458347102	-0.4854130635459361	0.34178821437899404	6.941947640089285	-0.347191447460724	0.7296428383465464	0.977866348737448	-4.680458714274049	
PRG4	0.06167472236510056	-0.29765869648607074	0.4210081412162719	6.706961871375	0.34321022911375254	0.7326206745446746	0.977866348737448	-4.680701921453017	
QSOX1	-0.05012346753482631	-0.34652909966226786	0.2462821645926152	6.701029749125	-0.33814680297286354	0.7364139326611905	0.977866348737448	-4.6810072152594255	
FHR1	-0.097842535281373	-0.6953317247652742	0.4996466542025282	6.675025751482143	-0.32745247337673383	0.7444471403798512	0.977866348737448	-4.681637205391751	
COEA1	-0.09053771869253818	-0.650710703796958	0.4696352664118815	5.606159388589286	-0.3231900755228044	0.7476569206406776	0.977866348737448	-4.681882692091824	
IGHD	0.0886786540009698	-0.4857212404478603	0.6630785484497999	6.75854735825	0.3087133216916108	0.7585917809557616	0.977866348737448	-4.682692590907985	
COIA1	-0.055304158718339186	-0.415767193512654	0.3051588760759757	6.181776257821428	-0.30679458151806227	0.7600448567977423	0.977866348737448	-4.68279716538885	
CO6A2	0.06536981071789309	-0.36130733605527915	0.49204695749106536	6.285157714571429	0.3063574702673011	0.7603760059303244	0.977866348737448	-4.682820897998164	
ANX11	-0.057668750405506446	-0.4369045143157633	0.3215670135047504	6.360116001589286	-0.3040758179852458	0.7621052818196151	0.977866348737448	-4.682944232267833	
GELS	0.048639542671275744	-0.28302792169196805	0.38030700703451953	6.452502358196429	0.2932494740285547	0.7703270835835768	0.977866348737448	-4.683516948953342	
BCAM	-0.06032060227966264	-0.4737853901685277	0.35314418560920247	6.13245348475	-0.29172776800532657	0.7714848534362925	0.977866348737448	-4.683595792216982	
KV315	-0.07212618129751677	-0.5734740809792732	0.4292217183842396	6.857275227910714	-0.28767648845401755	0.7745697528216836	0.977866348737448	-4.683803709107226	
VTDB	-0.04215818976590503	-0.3438337994531756	0.25951741992136557	6.877690499839286	-0.27944245289357783	0.7808508687505975	0.977866348737448	-4.684217373670318	
HEMO	-0.05949778755115549	-0.48569995692138096	0.36670438181907	6.809586006125	-0.27914881603080344	0.7810751354441645	0.977866348737448	-4.68423190473793	
IC1	-0.048996488235131204	-0.4048530578220422	0.3068600813517798	6.841651963946428	-0.27532179683684016	0.7839997413327565	0.977866348737448	-4.684419899963169	
CSPG2	0.05197919473657813	-0.3370278690939712	0.4409862585671275	5.903899236160714	0.26719153135875673	0.790223223157795	0.977866348737448	-4.684810709537702	
AEBP1	0.05976400280332501	-0.38815236723424495	0.507680372840895	5.871734789178571	0.2668046362592821	0.7905197256530628	0.977866348737448	-4.684829016294068	
PRDX2	-0.06100917484832871	-0.533736301579313	0.4117179518826556	6.801287489678572	-0.258068653800385	0.7972228607632744	0.977866348737448	-4.685235344874003	
C1QC	0.05052833342408197	-0.34592071961628557	0.4469773864644495	6.376635540714286	0.254857969587569	0.7996903103081225	0.977866348737448	-4.685381294989013	
CADH1	-0.0463249032384479	-0.4159536753717529	0.32330386889485707	6.385333521196428	-0.2506105679693887	0.8029576367178665	0.977866348737448	-4.6855715752318075	
HSP72	-0.05442404239975622	-0.488690378291891	0.3798422934923785	6.12671845175	-0.25060242051708126	0.8029639075830385	0.977866348737448	-4.685571937169953	
HRG	-0.03971964686589198	-0.3584595192855813	0.27902022555379735	7.066974697625	-0.24918369057193393	0.8040560620486898	0.977866348737448	-4.6856347833312935	
HV102	-0.055825952551781285	-0.5054584101078619	0.39380650500429926	7.046863373946429	-0.24827278593430463	0.8047574936388052	0.977866348737448	-4.685674946723529	
RARR2	-0.05648918931184711	-0.5133263519338395	0.4003479733101452	5.802968005428571	-0.24726038785559937	0.8055372680665389	0.977866348737448	-4.6857194131910616	
S10AA	-0.046374369591218156	-0.4215131982370446	0.32876445905460827	6.581152457107143	-0.24719326304985742	0.8055889762933346	0.977866348737448	-4.685722355042157	
CERU	0.04960696737629891	-0.3541126764744229	0.4533266112270208	7.102864841946428	0.24570467858491538	0.806735900493413	0.977866348737448	-4.685787390098909	
ITIH4	-0.04294975040495485	-0.39421964764918405	0.30832014683927433	6.9929490640714285	-0.24449520159953253	0.8076680918369429	0.977866348737448	-4.685839942971555	
APOC2	0.06274177710448503	-0.4594851607881907	0.5849687149971607	6.2883174339285715	0.24024157970492396	0.8109487399453281	0.9780908466516172	-4.686022714164837	
PROP	0.04747403603603671	-0.38740766931799053	0.482355741390064	6.344443594392857	0.21829090758508804	0.8279312992564494	0.9818683427330764	-4.686915073100756	
APOH	-0.03929886744287139	-0.3996580171459383	0.32106028226019556	6.644293469910714	-0.21806959179260316	0.8281029596038807	0.9818683427330764	-4.686923636485751	
CO8B	-0.04306786680304262	-0.44928715252133805	0.36315141891525277	6.719330466285714	-0.21200370587897743	0.8328111229280156	0.9818683427330764	-4.68715497179347	
HDGR2	-0.03349719163975333	-0.3535881904127889	0.2865938071332822	6.258899914821429	-0.2092596843160167	0.834942983730548	0.9818683427330764	-4.687257482893792	
FRIH	-0.0682853486229262	-0.7245424450454985	0.587971747799646	6.5588188	-0.20806745152887376	0.8358696310966406	0.9818683427330764	-4.6873016072195455	
IGHA2	0.050103656082256046	-0.4484124613466345	0.5486197735111465	6.79898896225	0.2009744474039256	0.8413873592753582	0.9818683427330764	-4.687558919480644	
CO6A3	-0.038365337404344245	-0.42798309564112813	0.3512524208324397	6.388417291535714	-0.1969023540241411	0.8445587166600227	0.9818683427330764	-4.687702619950453	
HMCN1	-0.03555362043283797	-0.404009921308933	0.3329026804432571	6.241178334285714	-0.19295163965939566	0.8476380137552719	0.9818683427330764	-4.68783923230889	
POSTN	-0.04903303913364788	-0.5630370424342277	0.46497096416693195	6.293053938910714	-0.19075368667240472	0.8493521953610407	0.9818683427330764	-4.6879140396259915	
MIF	-0.04988148399351333	-0.5762507477881432	0.47648777980111656	6.607998117839285	-0.18949574965861096	0.8503335884001505	0.9818683427330764	-4.687956468735131	
S10AC	-0.09832711739645796	-1.1480289478231054	0.9513747130301895	6.128038096910714	-0.18730871410089575	0.8520403925233626	0.9818683427330764	-4.688029568634893	
ADIPO	0.04146663232849263	-0.40179099351019826	0.4847242581671835	6.408359601821428	0.18706527621464578	0.85223042016163	0.9818683427330764	-4.688037652976943	
S10A9	0.09090603261138479	-0.8959931421864484	1.077805207409218	6.219623518303571	0.18419190859311033	0.8544740324417595	0.9818683427330764	-4.688132282015137	
CO8G	0.03768549265578158	-0.392956755736424	0.4683277410479872	6.594964289446429	0.17498796973016145	0.861668778521579	0.9865483116406484	-4.688425555293843	
SPP24	0.06123073751687487	-0.6631203639665416	0.7855818390002914	5.842802340428571	0.16903280373865187	0.8663302644008166	0.9883045615547222	-4.688607316038904	
ITIH1	-0.02275241027473999	-0.3050528860576771	0.2595480655081971	6.690671682642857	-0.16116340328556245	0.872497431634744	0.9887054509721709	-4.688837866222086	
ALBU	-0.032117186782941204	-0.4339312035460374	0.36969682998015496	6.986121635214285	-0.1598317462830466	0.8735418343403925	0.9887054509721709	-4.688875794423703	
PDIA1	-0.026164783118290916	-0.36622549853756386	0.31389593230098206	6.663980270214286	-0.15385489017462983	0.8782321669433653	0.9887054509721709	-4.689042156824664	
FBLN3	-0.03371653472353073	-0.4754542644782216	0.4080211950311602	5.770006935982143	-0.15262619156224808	0.8791969358328482	0.9887054509721709	-4.689075572483533	
CATS	-0.028209479464989678	-0.41634309726378876	0.3599241383338094	6.936264149196429	-0.14533306797711062	0.8849272004039578	0.9893043554414077	-4.689268408438816	
IGF2	0.046652583722802704	-0.6314396961774539	0.7247448636230592	6.072753369107143	0.13757436930277978	0.891030042166892	0.9893043554414077	-4.689463204057601	
SLPI	-0.034328315611341816	-0.5337228768898672	0.4650662456671835	6.12058528675	-0.1374546117993705	0.8911242939345545	0.9893043554414077	-4.689466127143677	
MANF	0.030477680717011246	-0.4213114619665012	0.4822668234005237	6.649807781892857	0.13489528026780961	0.8931389183400831	0.9893043554414077	-4.689527988424564	
MMP9	0.05442965217845221	-0.7893481257028541	0.8982074300597584	6.679468620839286	0.12899061255699332	0.8977895597318699	0.9893043554414077	-4.689666278636695	
S10A8	-0.06438832923635764	-1.0697102253159274	0.9409335668432122	6.156833683392857	-0.1280715435908876	0.8985137658597595	0.9893043554414077	-4.689687247636411	
AMBP	0.01785059920098037	-0.2698498704774837	0.30555106887944444	6.663450211732143	0.12406887879065194	0.901668779831494	0.9893310223151115	-4.689776823552227	
NPC2	-0.023248599725815666	-0.4410010227573971	0.3945038233057658	6.752547275196428	-0.11128290448468847	0.9117574679422089	0.9922509802104459	-4.690043925460755	
ECM1	-0.027572429359728663	-0.5356234878666495	0.48047862914719214	7.182649502785714	-0.10852212812696613	0.9139378132573269	0.9922509802104459	-4.690097791870014	
LV321	-0.02304050136796726	-0.46392672627218323	0.4178457235362487	6.745209811160715	-0.10449993609271623	0.9171155554492915	0.9922509802104459	-4.6901738500745225	
C1QBP	0.02240715360554526	-0.4174194622539584	0.46223376946504885	6.196367658839286	0.10187223021571663	0.9191923170088074	0.9922509802104459	-4.6902219889172745	
C1QA	0.017655094441089182	-0.39609689000907083	0.43140707889124924	6.329048331285715	0.08532584242970673	0.9322818616435614	0.9922509802104459	-4.690496965679678	
KV240	0.0179028248415056	-0.4036667751610886	0.4394724248440999	6.983959165214285	0.08491861579899469	0.9326042629716351	0.9922509802104459	-4.690503120581886	
PROC	0.0270384099192094	-0.6453964639191578	0.6994732837575766	6.170536105875	0.0804047208914867	0.9361786603491136	0.9922509802104459	-4.690569373179073	
IBP6	-0.019725873615681896	-0.5173343704681098	0.4778826232367461	6.752402028839286	-0.07926821675959717	0.9370788293858983	0.9922509802104459	-4.690585484296603	
HSPB1	-0.015665989129696453	-0.43002404354860574	0.3986920652892128	5.9497617349642855	-0.07560189216578284	0.9399833006807787	0.9922509802104459	-4.69063589545955	
VINC	0.013731934486502003	-0.40422777397412885	0.43169164294713286	5.893305579232143	0.06569736251581967	0.9478336726533005	0.9922509802104459	-4.690760150699739	
PRELP	-0.01189865440831488	-0.38027687067099697	0.3564795618543672	5.921353722892857	-0.06458840200024676	0.948712977084658	0.9922509802104459	-4.690772978850908	
MMP2	-0.010825364908405383	-0.35961462828912705	0.33796389847231634	6.552363996553572	-0.06206261441691588	0.9507159332016772	0.9922509802104459	-4.690801381545321	
HV551	0.012417662021305738	-0.40422053473755715	0.4290558587801686	6.932929877392857	0.059597958281572896	0.9526707196608091	0.9922509802104459	-4.6908280049907205	
HDGF	0.011712933578112346	-0.39162432292253585	0.4150501900787606	6.462711811017857	0.05806948442270362	0.953883141632006	0.9922509802104459	-4.690843973909553	
CO5	0.009026336717132563	-0.32955380903610004	0.34760648247036513	6.8772657	0.053309016741841846	0.9576599461476023	0.9922509802104459	-4.690891051777678	
TTHY	0.008704621162164578	-0.3411967863764748	0.358606028700804	6.9067406865	0.04974561618792313	0.9604876777978979	0.9922509802104459	-4.690923658248423	
CATB	0.009413249329408858	-0.3858728621445697	0.40469936080338736	6.883758837696429	0.04761882073526468	0.9621756385534073	0.9922509802104459	-4.690942044849018	
GANAB	0.00887914880186908	-0.3954890326700224	0.41324733027376054	6.6486873252142855	0.043908134796193744	0.9651210874334276	0.9922509802104459	-4.690972201432046	
APOC1	0.00769155460379836	-0.3736158867655598	0.38899899597315646	6.564976696053572	0.04033568867049952	0.9679572663933855	0.9922509802104459	-4.690998924532023	
HV307	0.006725215662184029	-0.34938514494562245	0.3628355762699905	6.927036737839286	0.03776349976458729	0.9699995965778472	0.9922509802104459	-4.691016762103331	
CFAB	-0.007245123942149711	-0.40166498300888726	0.38717473512458783	6.723265071196429	-0.03673141638173945	0.9708191331313387	0.9922509802104459	-4.6910235890980605	
PROS	0.007281131578598112	-0.42775080617736594	0.44231306933456216	6.571890271946429	0.03346789263614356	0.9734107717254374	0.9922509802104459	-4.691043931852124	
FBLN4	0.00405171347953613	-0.32029562261337025	0.32839904957244254	6.294186084785714	0.0249792284795584	0.9801530908465317	0.9924255618838305	-4.69108798706701	
HV315	0.0048596915423280195	-0.4319932330117617	0.4417126160964177	6.715255783160714	0.022244573653412213	0.9823254873437712	0.9924255618838305	-4.691099454398815	
A1AG2	0.004574152461807864	-0.44419449932719285	0.4533428042508086	6.818295097160714	0.02038162249502951	0.9838054846097115	0.9924255618838305	-4.69110650584694	
LUM	-0.003676103400638322	-0.4252269940649456	0.4178747872636689	6.112430334660714	-0.01743766527579035	0.9861443874415278	0.9924255618838305	-4.691116392432914	
IGLC2	0.0006285801574741318	-0.35925953239232444	0.3605166927072727	6.798623043535715	0.003492559352361256	0.9972247464838546	0.9984105895996962	-4.691142310334373	
TSP2	0.0004588782875429731	-0.4582863473145602	0.45920410388964616	6.014631762946428	0.0020002145453870647	0.9984105895996962	0.9984105895996962	-4.691143038226427	
