	logFC	CI.L	CI.R	AveExpr	t	P.Value	adj.P.Val	B	
DERM	0.7909443280802916	0.33655000590682943	1.2453386502537538	6.404152589417722	-3.4618962126686568	0.0008488595134208835	0.2682396062409992	-1.7622829977390047	
SPRL1	0.6971551035578205	0.21048333286760867	1.1838268742480325	6.082707748063291	-2.8490120023259338	0.005523672776704072	0.5198604145323931	-2.755639740531606	
MIME	0.6660873800928856	0.1930670430924692	1.139107717093302	5.890192061316456	-2.8006085861070837	0.006338746892655221	0.5198604145323931	-2.828140705433324	
HV309	-0.4103042585430365	-0.709596823795315	-0.111011693290758	6.665941289721519	2.726535267013407	0.00780113478454063	0.5198604145323931	-2.9372674025438394	
CTHR1	0.448189500763607	0.11751507895291802	0.7788639225742959	6.303923736822785	-2.69564128633186	0.008497325044479717	0.5198604145323931	-2.9821192220421486	
IGLC7	-0.6714325722016481	-1.199955748288028	-0.1429093961152681	6.256332524405063	2.5266168794996844	0.013407804225487957	0.5198604145323931	-3.220425841283763	
OSTP	1.0407628079981528	0.1971022499976891	1.8844233659986165	5.8302669942658225	-2.4534942355931	0.016232050139017455	0.5198604145323931	-3.3197145765971383	
TARSH	0.3806049782399396	0.06205630163969106	0.6991536548401882	6.314854360683544	-2.3762913272439308	0.01978071858890749	0.5198604145323931	-3.421976835649068	
A4	0.444609904265976	0.07140663522104124	0.8178131733109109	6.1693791558734175	-2.3693799950540426	0.020129798586639817	0.5198604145323931	-3.4310012012736877	
CO3A1	0.5719189344779848	0.085237289393019	1.0586005795629507	5.879693263708861	-2.337171227784107	0.021829804323168764	0.5198604145323931	-3.472772072030067	
PGS1	0.4809842483432533	0.0698936736093162	0.8920748230771904	6.240556938797468	-2.326989148372	0.02239307492587777	0.5198604145323931	-3.4858788881025284	
PRELP	0.44609066940538034	0.06058510712364035	0.8315962316871204	6.2027743535316455	-2.3014074490603638	0.023865377806541656	0.5198604145323931	-3.5185996484960578	
MFGM	0.4425545826816952	0.05608066900471875	0.8290284963586716	6.131453666759493	-2.2774438629655083	0.02532142672326329	0.5198604145323931	-3.548978035896794	
HV169	-0.45237576595125384	-0.8491710298927233	-0.05558050200978443	6.583039837873418	2.267429931148787	0.02595271129236404	0.5198604145323931	-3.5615940690987014	
CO1A1	0.47576046077938167	0.04060215116214133	0.910918770396622	6.057433967253164	-2.1744132644644876	0.0325097542332461	0.5198604145323931	-3.6765468935304577	
CAPG	-0.4830915470709516	-0.928622356746815	-0.037560737395088084	6.476400073	2.156516175545883	0.033925274879507715	0.5198604145323931	-3.69819756018125	
CO1A2	0.4644109619504984	0.03574414842439799	0.8930777754765988	6.060178958835443	-2.1546841812124615	0.0340731544899161	0.5198604145323931	-3.700405202405987	
SODE	0.5689521419713874	0.04105333711378112	1.0968509468289938	5.719991399101266	-2.1435128020034564	0.0349871096393115	0.5198604145323931	-3.713832699208395	
SDF1	0.3794692685248298	0.021900904724500125	0.7370376323251595	6.4078547127974685	-2.1106612969177627	0.037799261497879696	0.5198604145323931	-3.7529735042470964	
CATD	-0.5232092308364715	-1.0168928833555815	-0.029525578317361467	6.629942467759494	2.107791625251477	0.038053961672200154	0.5198604145323931	-3.7563680087503535	
SULF1	0.38421388757581004	0.019480249494183477	0.7489475256574366	6.349915460126582	-2.0950686759674353	0.039201172841782234	0.5198604145323931	-3.771370160327958	
KV320	-0.3865339005508205	-0.7537888900475915	-0.019278911054049386	6.617864268316456	2.0932490757628637	0.039367663582493856	0.5198604145323931	-3.7735093560993382	
SPON1	0.42202662287770015	0.02022272322790125	0.8238305225274991	6.286959593227848	-2.0889436497465437	0.03976403939126714	0.5198604145323931	-3.77856463309781	
PROC	0.718624795966712	0.017571113718344078	1.41967847821508	6.726775673924051	-2.0386935421858	0.04465109397093038	0.5198604145323931	-3.836903020714252	
SFRP2	0.409803557751216	0.000900606920176017	0.818706508582256	6.503111149506329	-1.9932258160420089	0.04950898888864969	0.5198604145323931	-3.8886283980466434	
IBP3	0.4576795018463518	-0.0004892090330762544	0.9158482127257799	6.676747430240506	-1.9867218059309086	0.050239529528898604	0.5198604145323931	-3.8959445540302995	
MSRE	0.3769525806031303	-0.0011646714389026425	0.7550698326451633	6.652021104936709	-1.9827193793676363	0.050693644673927944	0.5198604145323931	-3.900436393094763	
FA10	0.6680240659998544	-0.004103036543441685	1.3401511685431506	6.459684013987342	-1.9767043778222506	0.051382687861920885	0.5198604145323931	-3.9071720346983096	
COIA1	0.28538027262871835	-0.0025494942444906354	0.5733100395019273	6.43097449678481	-1.971235022425706	0.052016137393379534	0.5198604145323931	-3.913281142399314	
CO4A2	0.33095465340436275	-0.0033046948665177434	0.6652140016752432	6.320451392468354	-1.9691824360543457	0.052255573957299156	0.5198604145323931	-3.915570003182787	
IBP5	0.4825268775530152	-0.01163772533639662	0.976691480442427	6.403185067848101	-1.9420074845294495	0.05551502039159867	0.5198604145323931	-3.9456762402318004	
IGKC	-0.4901539633930856	-0.9949920511234281	0.014684124337256965	6.4161248344936705	1.9309962453867076	0.056884013836097314	0.5198604145323931	-3.9577707407143725	
SPP24	0.6757404668131202	-0.020440760820918058	1.3719216944471584	6.347451310025316	-1.9304503783093774	0.05695261733123757	0.5198604145323931	-3.9583687371794563	
SAP	-0.42576739361550414	-0.8671770574436217	0.015642270212613496	6.374795354481012	1.9183665167661121	0.05848933241388323	0.5198604145323931	-3.971568502617796	
IGF2	0.535030555366316	-0.02151069041005227	1.0915718011426843	6.502571492822785	-1.9119751917916015	0.059316203331925714	0.5198604145323931	-3.9785205410824895	
B2MG	0.40053830320110895	-0.016761866489092225	0.8178384728913102	6.5186253384556965	-1.9089586271124566	0.05970988593974694	0.5198604145323931	-3.98179464913554	
CO5A2	0.45035258626450175	-0.023028849024895104	0.9237340215538986	6.200768528443038	-1.8920929289343116	0.0619518479227764	0.5198604145323931	-4.000016229012212	
OLFL3	0.3528817338676443	-0.018860892607644897	0.7246243603429335	6.523672051936709	-1.887938483990635	0.06251485997541435	0.5198604145323931	-4.004482738413639	
ANT3	0.2461763272297543	-0.018043959504673135	0.5103966139641818	6.768357776873418	-1.853024460452803	0.06741877104434897	0.5462649141029301	-4.041675667812203	
VTNC	0.45392089025566745	-0.04457232947836548	0.9524141099897003	6.7111423559873415	-1.8110145446612589	0.07374247949186206	0.5825655879857103	-4.085609156219617	
FETUA	0.637462065268315	-0.07207175631964624	1.3469958868562761	6.35204507656962	-1.7868260160711449	0.07760245828592506	0.5981067516671297	-4.110497073833627	
TINAL	0.38131502796747885	-0.05425559502692173	0.8168856509618794	6.401702851582279	-1.7411106181266514	0.08535518522654606	0.6307249216049795	-4.156714018607626	
PTN	0.43750092120712203	-0.06459835133661262	0.9396001937508567	5.8606720081012655	-1.7329674411803013	0.08680093722491929	0.6307249216049795	-4.164833423814222	
OMD	0.3160911215358933	-0.05442476393034251	0.6866070070021291	6.116216658050633	-1.6967055812767748	0.09348519888406584	0.6307249216049795	-4.200571904123666	
AACT	-0.36129934160385285	-0.785845976459528	0.06324729325182227	6.708615957379747	1.692555003463015	0.09427641735548087	0.6307249216049795	-4.20461895724831	
CXCL7	0.3440043531308338	-0.061853875260484914	0.7498625815221525	6.64363305121519	-1.685740056556976	0.0955873876302668	0.6307249216049795	-4.211244437666475	
FGL2	0.28205150612493834	-0.054431679705361335	0.618534691955238	6.593407735911392	-1.6671169976884541	0.09924576712670613	0.6307249216049795	-4.229226002792014	
KVD15	-0.36036724889326904	-0.7904605527692866	0.06972605498274853	6.88695154021519	1.6664168827462345	0.09938548880218953	0.6307249216049795	-4.229898462372284	
KV240	-0.3354532221465341	-0.7361280112705174	0.06522156697744919	6.704270118405064	1.6651025058961908	0.09964823003444634	0.6307249216049795	-4.231160226305273	
GAS6	0.5529311314237285	-0.10780270058464902	1.2136649634321062	6.320932297696203	-1.6643532994423431	0.09979824708939548	0.6307249216049795	-4.231879037938321	
PCOC1	0.2262046117912213	-0.04759933393403598	0.5000085575164785	6.52162403007595	-1.6430953865023494	0.1041317720209611	0.6320996762352947	-4.252151820031738	
HV102	-0.2955341905229479	-0.6557648237778975	0.0646964427320017	6.815160577417721	1.631654165479544	0.1065263849574533	0.6320996762352947	-4.2629645160538665	
MMP2	-0.2560438283160933	-0.5708299463563711	0.05874228972418444	6.429526365126582	1.6177066241440305	0.10950545536656676	0.6320996762352947	-4.276052543026539	
DCD	0.3210380355196695	-0.07366005022767103	0.7157361212670099	6.606812039987342	-1.6176795402980344	0.1095113048043453	0.6320996762352947	-4.2760778579674525	
APOC2	0.4206468128289306	-0.1001545753592446	0.9414482010171059	6.575937533088608	-1.6063733598496284	0.11197520522717727	0.6320996762352947	-4.286611749279203	
S10AB	-0.2551311660854851	-0.5720913287148905	0.06182899654392038	6.679012282455696	1.6008839724850437	0.1131874324673368	0.6320996762352947	-4.2917017898061065	
PLF4	0.4645472587790284	-0.11854506747967669	1.0476395850377336	6.314392590379747	-1.5845049468632832	0.11686708287228524	0.6320996762352947	-4.30679435466079	
OLFL1	0.2919934118967083	-0.07812897839890642	0.662115802192323	6.55607680735443	-1.5690208624278537	0.12043302820561307	0.6320996762352947	-4.3209312790357295	
CO2	-0.26972211825816345	-0.6116891024353561	0.07224486591902929	6.684305420886076	1.5686765597208745	0.12051329505403459	0.6320996762352947	-4.321244176968096	
PROZ	0.5247000565423426	-0.1467862604550515	1.196186373539737	6.597589879430379	-1.5540857106463102	0.12395419406213494	0.6320996762352947	-4.334446102491829	
CYTB	-0.35255714522618414	-0.8064985363759485	0.1013842459235802	6.464615117822785	1.5446523884114045	0.12622005116862983	0.6320996762352947	-4.342921001149088	
MGP	0.6962297069021041	-0.204719869857919	1.5971792836621272	5.824218559481013	-1.5369264615161395	0.12810015393731763	0.6320996762352947	-4.349826552846481	
IGHG4	-0.2846860856283849	-0.654261887907629	0.08488971665085915	6.687918877468355	1.5320175356450028	0.1293062116467013	0.6320996762352947	-4.3541976340808	
CERU	-0.26656946836283046	-0.6137127585491008	0.08057382182343986	6.850288507227848	1.5272236970870894	0.1304926417013177	0.6320996762352947	-4.358453783342311	
A1AG1	-0.48358636625073664	-1.1149278128012794	0.14775508029980616	6.744504434658228	1.5233888442949253	0.13144790851140017	0.6320996762352947	-4.361849642966968	
FST	0.2860865885699992	-0.08797309802918313	0.6601462751691816	6.344176233202532	-1.5210994770329598	0.13202081845420713	0.6320996762352947	-4.363873177001775	
PEPD	-0.27908027594145374	-0.6531513083379984	0.09499075645509092	6.4557377256075945	1.483802467986385	0.14163431140177743	0.6419686312905887	-4.396442666039804	
APOC3	0.38600400531073054	-0.13387401116579767	0.9058820217872587	6.518960485227848	-1.4766969621633785	0.1435264165980943	0.6419686312905887	-4.402562546345027	
CYTC	0.23959184144021015	-0.08418858114028863	0.563372264020709	6.5833860530253165	-1.4717107545955161	0.14486592416506408	0.6419686312905887	-4.406840822314838	
THRB	0.4427621562659628	-0.1630647441877966	1.0485890567197222	6.60388074243038	-1.453526533746044	0.14983372364204667	0.6419686312905887	-4.422329340841282	
ITA1	0.22632505693586985	-0.08465216887334476	0.5373022827450844	6.520832047670886	-1.4474550206274652	0.15152156355849405	0.6419686312905887	-4.427460903540506	
LUM	0.24057409354497383	-0.09056639801633465	0.5717145851062824	6.3456889871772155	-1.4448993397230037	0.15223641983396552	0.6419686312905887	-4.429614951982056	
CO3	-0.18772631317151958	-0.4476717283408487	0.07221910199780948	6.774786084949367	1.436296204129488	0.15466204289026483	0.6419686312905887	-4.436840023879039	
LECT2	0.24932345307741402	-0.09629602227074455	0.5949429284255726	6.349444756746835	-1.4347160284021105	0.15511079932431251	0.6419686312905887	-4.438162714295883	
LV147	-0.23095223303633772	-0.5513914971130329	0.08948703104035755	6.676011656063291	1.4334332154696308	0.15547584696869263	0.6419686312905887	-4.439235498341339	
CO4B	-0.24209443302997596	-0.5824692343648186	0.09828036830486664	6.818093150936709	1.4145829711974032	0.16091687686026637	0.6419686312905887	-4.454896241398609	
CO6A1	0.23502485779261245	-0.09678061889503653	0.5668303344802614	6.341221640797468	-1.4087413816016476	0.16263241828741398	0.6419686312905887	-4.459710134243419	
FA9	0.32409203627492034	-0.13533857155958207	0.7835226441094227	6.618308883797468	-1.4029734681339256	0.16434007013587654	0.6419686312905887	-4.4644450467491215	
IGHA2	-0.28810143500722835	-0.6965833604934126	0.12038049047895588	6.533007091797469	1.4027284341586228	0.16441291837624347	0.6419686312905887	-4.4646457943809015	
SLPI	0.2750112270438419	-0.11526701246486504	0.6652894665525488	6.330068559240506	-1.401448393861223	0.16479387507493445	0.6419686312905887	-4.465693952933244	
KNG1	0.25713184145458323	-0.11150256693024096	0.6257662498394074	6.860672527443038	-1.3872700611453848	0.16905889933617366	0.6419686312905887	-4.477243968100958	
A2AP	-0.2850340968914718	-0.6937977203099235	0.12372952652697988	6.584336503936709	1.386837570570306	0.16919031086381614	0.6419686312905887	-4.477594557582055	
ITB1	0.19778106150236305	-0.08669267522464272	0.4822547982293688	6.456999373620254	-1.3827496257105298	0.17043628162813917	0.6419686312905887	-4.480903307532622	
HPT	-0.3108417069426312	-0.7586277144229923	0.13694430053772982	6.557135541518988	1.3806061075274558	0.17109239887261518	0.6419686312905887	-4.482634597256881	
CSPG2	0.23097730747537515	-0.10300887262710517	0.5649634875778555	6.118290814670886	-1.375440605685494	0.17268143563196214	0.6419686312905887	-4.486796359413025	
RNAS4	0.2910246168089185	-0.1336561617884091	0.7157053954062461	6.328652359468355	-1.3629130338559974	0.17658186900676387	0.6464573011151832	-4.496828853358297	
APOA2	-0.23589645847217255	-0.5812560912837443	0.10946317433939923	6.796358266468355	1.3584725604105865	0.177980332901965	0.6464573011151832	-4.500364252354948	
CATB	-0.24704472735575075	-0.6105935869975306	0.11650413228602916	6.701914912670886	1.351493079474141	0.1801953616789945	0.6470651623927529	-4.5058992487524865	
HGF	0.28396678170173095	-0.1384014441777846	0.7063350075812465	6.263176101455696	-1.33714136371213	0.1848154860255754	0.6527927377567542	-4.517196495859537	
CD9	0.25234035013803197	-0.12394309076553939	0.6286237910416033	6.404253953746835	-1.333744428468186	0.1859219822724933	0.6527927377567542	-4.519853859007358	
CD59	0.2291251439823887	-0.11842667440651994	0.5766769623712973	6.572040295468354	-1.3111555253346001	0.19340705697970131	0.6716113187426991	-4.537362810679698	
ITIH4	-0.20003892017574235	-0.5062288133743889	0.10615097302290419	6.848140128873418	1.2993455814236758	0.1974090259703845	0.6767911394991549	-4.546404575225766	
HDGR3	0.20088675606896572	-0.1078700538948058	0.5096435660327372	6.288767614708861	-1.2940044929255226	0.1992390631013781	0.6767911394991549	-4.550468382798899	
AFAM	-0.20179635582125352	-0.5134058280142546	0.10981311637174754	6.96848325964557	1.2879639048413425	0.20132394655987518	0.6767911394991549	-4.555045355484648	
IBP6	-0.25118700671272554	-0.6440988811398464	0.1417248677143953	6.639100919797468	1.2714609905858614	0.2071023761154695	0.6879573602512702	-4.567446431486287	
IC1	-0.2158647305338089	-0.5550019362340853	0.12327247516646755	6.694081932278481	1.2659229586392746	0.20906870186962262	0.6879573602512702	-4.571574060088481	
SOST	0.37696689976186154	-0.21804271387316992	0.971976513396893	5.976771179202531	-1.2600281822500432	0.21117678463409242	0.6879573602512702	-4.575948832480952	
CLUS	0.20013848173784773	-0.1211265967503786	0.521403560226074	6.556007412810127	-1.2389908645889292	0.21882767075187634	0.6976176026563297	-4.591403729168319	
PGCA	0.2599399389672147	-0.15882796102766628	0.6787078389620956	6.058876624620253	-1.2345271690299264	0.22047678615373925	0.6976176026563297	-4.594651197961455	
MIF	-0.30353836111212046	-0.7984204128154568	0.19134369059121592	6.418511221531645	1.2198681867864665	0.2259563583079374	0.6976176026563297	-4.605237715826823	
LAMA5	0.2795981097584479	-0.1767591851312314	0.7359554046481271	6.100696895797468	-1.218513254198956	0.22646778937017256	0.6976176026563297	-4.606210162314227	
IGLC2	-0.17851242815851331	-0.47403622945763185	0.11701137314060522	6.633003565936709	1.2013706468598002	0.2330111380919265	0.6976176026563297	-4.61842476284391	
FMOD	0.22435372837046613	-0.14737180085105034	0.5960792575919827	5.874318729202532	-1.2003611374163514	0.23340068245030135	0.6976176026563297	-4.619138931967273	
KV401	-0.19858568497088294	-0.5294009660150734	0.13222959607330745	6.712275185151899	1.1938874873480168	0.23590987700816302	0.6976176026563297	-4.623705072683477	
ITB3	0.24702135084104718	-0.16732187809835883	0.6613645797804532	6.622732816632912	-1.1857012285214783	0.23911062116178272	0.6976176026563297	-4.629445501947448	
IGHD	-0.26077351173570035	-0.6997612032479414	0.17821417977654075	6.493528714620253	1.181441319311171	0.24078848678641962	0.6976176026563297	-4.632417772945073	
HV439	-0.21900897093959584	-0.587781170656807	0.1497632287776153	6.729575957177215	1.1811491842502622	0.24090385965118424	0.6976176026563297	-4.632621230891419	
TETN	0.2255562960634925	-0.15693932107141487	0.6080519131983999	6.407258927443038	-1.1728150080235074	0.24421198341057668	0.6976176026563297	-4.638405364716649	
LTBP4	0.19072177628233028	-0.133100330995975	0.5145438835606355	6.247007508126583	-1.1713719278909211	0.24478807496571386	0.6976176026563297	-4.639402930372942	
TIMP2	0.16387571783829533	-0.11465583132926369	0.4424072670058543	6.369134111683544	-1.170149189256339	0.24527696346561048	0.6976176026563297	-4.640247261993906	
CD44	-0.2118556756215384	-0.57543401948901	0.15172266824593317	6.547673972721519	1.158892413531492	0.24981054745106354	0.6976176026563297	-4.647980788219019	
APOA	0.3433834315541385	-0.24740832359637982	0.9341751867046568	6.210523991253164	-1.155968325406473	0.2509978943914597	0.6976176026563297	-4.649977984255592	
S10AD	0.22830578520966077	-0.16456192342573628	0.6211734938450578	6.421335192202531	-1.1557705026904639	0.2510783662932387	0.6976176026563297	-4.650112926019772	
ANXA1	-0.15205553624614226	-0.4148672861068688	0.11075621361458426	6.570010796177216	1.1506903816038891	0.2531511803671717	0.6976176026563297	-4.653570691763223	
A1BG	-0.15986340381328926	-0.43659800349100675	0.1168711958644282	6.919555848316456	1.1489116089829845	0.25387982375151236	0.6976176026563297	-4.654777965057537	
HRG	-0.15427277831460026	-0.42706220692819086	0.1185166502989903	6.960006960063291	1.124767576110056	0.26391719976551004	0.713963665252249	-4.6709880210070285	
ANGI	0.2181955824034689	-0.17614523346434627	0.612536398271284	6.386115322607595	-1.1004624968186416	0.2742997153112316	0.713963665252249	-4.686972967333976	
CPXM2	0.20619832018239756	-0.16777857794080217	0.5801752183055973	5.9786314784936705	-1.09658265307015	0.2759830312326425	0.713963665252249	-4.689493653000221	
FCN3	-0.23072297127360075	-0.6497536856128668	0.18830774306566533	6.569233668405063	1.095080390923455	0.2766367278765144	0.713963665252249	-4.690467358666898	
GELS	0.15237531028795545	-0.12516364821829593	0.4299142687942068	6.523636795848101	-1.0919221413027231	0.278014515364755	0.713963665252249	-4.692510228987893	
S10A8	-0.4558821405588288	-1.2866699009274023	0.3749056198097448	5.728129226012658	1.0913486431010928	0.27826521351355565	0.713963665252249	-4.692880580584	
LYSC	0.2841941346059654	-0.23540594933015385	0.8037942185420845	6.419431525734177	-1.0877946574520962	0.27982229044300266	0.713963665252249	-4.695171493305408	
SRPX2	0.17046992774164005	-0.14224938623974842	0.4831892417230285	6.492775245126582	-1.0841617874852096	0.28142014836575047	0.713963665252249	-4.697505835811444	
HSP74	-0.14842692983003672	-0.42141824933582106	0.1245643896757476	6.52935168821519	1.0813465282270023	0.28266272117165375	0.713963665252249	-4.699309652654921	
HSP7C	-0.15160068733315735	-0.43107408125331154	0.12787270658699684	6.4937910585443035	1.0788516371554282	0.2837670527892061	0.713963665252249	-4.700904433100472	
VWF	0.24992696783968604	-0.21380150698444877	0.7136554426638209	6.698037621189873	-1.0718903961051078	0.28686406907306283	0.713963665252249	-4.705335459627597	
LV319	-0.23493959866773878	-0.6725641547221208	0.20268495738664327	6.637732628835443	1.0677155382847723	0.28873254489306244	0.713963665252249	-4.707979641308447	
CO6A3	0.17413441331950763	-0.15085001419469046	0.4991188408337057	6.524605417278481	-1.0656708333238245	0.2896507014180879	0.713963665252249	-4.709271051063553	
CO5	-0.15353853894786076	-0.4411691255752558	0.13409204767953423	6.761562643696203	1.0616548796455487	0.2914598506884181	0.713963665252249	-4.711800542785857	
KVD11	-0.19947795372874405	-0.5776269573065573	0.17867104984906923	6.76366798956962	1.0491388461080364	0.2971477359772987	0.7222975736063568	-4.71962491636481	
HTRA1	0.18224844515000121	-0.167602517837947	0.5320994081379494	6.364984511797468	-1.0360525448181115	0.30317507903720364	0.7225370762229787	-4.727710180989321	
COMP	0.2066913253148347	-0.19169631360960004	0.6050789642392694	6.541995909962026	-1.0318520203765884	0.3051271969743019	0.7225370762229787	-4.730284697029944	
LV310	-0.18991736810530088	-0.5571672139974672	0.17733247778686542	6.675117824544304	1.0284994992489438	0.30669130034486314	0.7225370762229787	-4.732332229909654	
ITIH1	-0.12201932264246872	-0.36183884996584414	0.11780020468090673	6.638176337101266	1.0119174630944996	0.31450698793538484	0.7225370762229787	-4.74236503383618	
HV551	-0.19381153756032987	-0.5763327429510894	0.18870966783042964	6.752912726746835	1.0076857913945514	0.3165226921440694	0.7225370762229787	-4.744900145078415	
ITIH2	-0.14636520069750913	-0.43580889472847856	0.1430784933334603	6.758485158607595	1.0057146211856407	0.3174645746432003	0.7225370762229787	-4.746077530339224	
PRDX1	-0.15998768447405343	-0.4766608858264435	0.15668551687833665	6.61644996113924	1.0047922206164348	0.3179059663380099	0.7225370762229787	-4.746627717589139	
POSTN	-0.1967137654085363	-0.5865555613765128	0.19312803055944022	6.22004371878481	1.003569319942157	0.31849178576672127	0.7225370762229787	-4.7473563929694444	
LBP	-0.26344036089548467	-0.7879350554481872	0.2610543336572178	6.569329408025316	0.9989465165773898	0.32071279704888045	0.7225370762229787	-4.750103178937312	
C1S	-0.16163406570428057	-0.4863436447409638	0.16307551333240267	6.7139319763037975	0.9900082648472162	0.32503630784876547	0.7225370762229787	-4.755379349900938	
APOD	-0.1900213259665946	-0.5728353929753838	0.19279274104219452	6.490003814936709	0.9872234885876435	0.3263911817098798	0.7225370762229787	-4.757013807278808	
FRIL	-0.36897616067700145	-1.112800623408543	0.37484830205454023	6.345727044341772	0.9865722008922851	0.3267085902729383	0.7225370762229787	-4.757395422237797	
FINC	-0.17561391096601375	-0.534102747762651	0.18287492583062354	6.227884175278481	0.97428115442993	0.33273696336941094	0.7225370762229787	-4.764551520279694	
CLC11	0.16785484388676158	-0.17482079789695248	0.5105304856704757	6.42845766535443	-0.9742079454860657	0.33277308778707226	0.7225370762229787	-4.764593883822626	
CO6A2	0.16656549295733747	-0.17701229109959005	0.510143277014265	6.378250269291139	-0.9641863608953491	0.3377424942176501	0.7225370762229787	-4.770363934046473	
HV330	-0.15123956111538225	-0.46418414944670927	0.16170502721594474	6.800473523303798	0.9611672978961454	0.33924902431867576	0.7225370762229787	-4.7720908660352634	
ANXA7	0.13920570395820084	-0.14968515354059794	0.4280965614569996	6.458713415341772	-0.9583502412920546	0.3406587040650533	0.7225370762229787	-4.773697514534238	
C1R	-0.15026391156910243	-0.46390040778692554	0.16337258464872065	6.792510066227848	0.9528600525011158	0.3434170034035896	0.7225370762229787	-4.776815589901093	
RNAS1	0.27140082296576423	-0.2960272786411748	0.8388289245727032	6.321704022822785	-0.9512646181470911	0.3442212741086679	0.7225370762229787	-4.777718437037594	
COEA1	0.22762052769402255	-0.2488047017523339	0.704045757140379	5.898573373772152	-0.9502058452561182	0.34475568473518203	0.7225370762229787	-4.7783167805889715	
IGHG2	-0.15471857342487189	-0.4788976071764779	0.16946046032673412	6.6908772844050635	0.9492017987727094	0.34526296996730943	0.7225370762229787	-4.778883599631532	
ICAL	-0.16822791189496622	-0.5318713066966603	0.19541548290672778	6.36970545	0.9200753054295574	0.36018945735383434	0.738028455181513	-4.795073295117328	
LAMB1	-0.16253792750485815	-0.5146178023316303	0.189541947321914	6.370284976341772	0.9181519064626389	0.36118945784871925	0.738028455181513	-4.796125149545077	
CADH1	0.15562213690950716	-0.18334803508334402	0.49459230890235834	6.48954191564557	-0.9130843820724576	0.36383260818532215	0.738028455181513	-4.798886196516787	
CATZ	-0.17247638788751793	-0.5495116334073559	0.20455885763231998	6.719573885202531	0.909805843142188	0.36554919301486055	0.738028455181513	-4.800664597833073	
PXDC2	0.12192847956249686	-0.14519785974870691	0.38905481887370064	6.321162689835443	-0.9077985176369952	0.36660272936953864	0.738028455181513	-4.80175037571268	
IGLL5	-0.16071032859851084	-0.5135180777065497	0.19209742050952802	6.6197451396329114	0.9059551482141109	0.3675719101581505	0.738028455181513	-4.802745414207039	
PRDX2	0.2228389531758924	-0.2678426246513046	0.7135205310030893	6.843683032126583	-0.9032175761691529	0.3690142275907565	0.738028455181513	-4.804219507231658	
TAGL2	-0.20255639035699147	-0.6664506767282808	0.2613378960142979	6.063617415265822	0.8684162655405215	0.3876608881347683	0.7603897176575528	-4.822580266169269	
APOA1	-0.1715201454033832	-0.5654326186222275	0.22239232781546106	6.556485062303797	0.8659970784825983	0.38897848617178776	0.7603897176575528	-4.8238304738056685	
ANXA2	-0.11923525219218287	-0.39307958326191106	0.1546090788775453	6.613144719151899	0.8659681983355801	0.38899423234233554	0.7603897176575528	-4.823845378191601	
FA12	-0.13003880707734566	-0.43030116941447755	0.17022355525978622	6.653390646632912	0.8613369999115261	0.39152438428172054	0.7603897176575528	-4.826229163860673	
ANXA4	-0.11910991025644084	-0.39454704129833684	0.15632722078545513	6.720555892113924	0.860055415816056	0.3922263417031048	0.7603897176575528	-4.826886623032468	
THIO	-0.15311023809965105	-0.5100503903938366	0.20382991419453453	6.2888237506455695	0.8531194647122448	0.3960388117272392	0.7630991738158999	-4.83042823256263	
FBN1	0.12211735097407979	-0.16819254691271512	0.4124272488608747	6.251564205607595	-0.8365974865245673	0.40521176176916474	0.7668767803716374	-4.8387518769474855	
CBPB2	0.1419057729498187	-0.1963297164396134	0.4801412623392508	6.817382755164557	-0.8344146360133968	0.4064332711008669	0.7668767803716374	-4.839839693750091	
LG3BP	-0.1825264970235637	-0.622281170930584	0.25722817688345656	6.242001975924051	0.8254988616112446	0.4114456708869717	0.7668767803716374	-4.844254012750474	
S10A9	-0.3398258851490582	-1.1590128463169789	0.47936107601886235	5.829340172253165	0.8250389448627574	0.41170524270462605	0.7668767803716374	-4.844480466969198	
A1AT	-0.142858616919327	-0.48764423245312005	0.20192699861446606	6.948247382164557	0.8240590364095832	0.41225862174405836	0.7668767803716374	-4.84496254385399	
APOM	-0.1551381330299439	-0.5298027686069009	0.21952650254701317	6.551403422746835	0.8235251791883272	0.4125602932379062	0.7668767803716374	-4.845224945258639	
FBLN4	-0.11018421476545912	-0.38070069067577017	0.16033226114485197	6.256049268860759	0.8100777121829363	0.4202030270308481	0.7740117350014993	-4.851779805212415	
HS90A	-0.13816415890746161	-0.47817826676171993	0.20184994894679667	6.471022378126582	0.8081639689877292	0.42129752664638576	0.7740117350014993	-4.852704066077538	
IGHG3	-0.14659779209078677	-0.5185465030661681	0.22535091888459458	6.75270834321519	0.783872439437461	0.43533760066272387	0.793931503990581	-4.86424995073785	
PEDF	0.14430674056048573	-0.2244073166127389	0.5130207977337103	6.466816874367089	-0.7783912507625963	0.4385432349269186	0.793931503990581	-4.866807477380489	
SFRP3	0.17941481255129677	-0.2801443543315337	0.6389739794341271	5.855668754582278	-0.7764578515358673	0.43967725695680915	0.793931503990581	-4.867705408306878	
CO4A1	0.15967725052960513	-0.256417497036654	0.5757719980958642	6.122194894658228	-0.7632236790630923	0.4474855435812164	0.7980644562963719	-4.873793004881328	
APOB	-0.12717726660766335	-0.45888081333343156	0.20452628011810484	6.436562038670886	0.7625360755971287	0.4478934179478148	0.7980644562963719	-4.874106492435168	
S10AC	-0.33503766564785925	-1.2120759158253516	0.542000584529633	5.796001068012658	0.7597594719010451	0.44954263677453865	0.7980644562963719	-4.875369564570227	
HS71B	-0.11472413319588186	-0.41810346529848175	0.188655198906718	6.305188362303798	0.7520900062197118	0.45411623944930235	0.80168006517307	-4.878834909673931	
CO4A	-0.14161368888203862	-0.5189705999471572	0.23574322218308003	6.831003805164557	0.746369615752266	0.4575448540487932	0.8032454104412147	-4.881397132554263	
ANX11	0.10660074923848609	-0.1810145284689814	0.3942160269459536	6.436931385848101	-0.7371388985278469	0.46310852130022373	0.8056447763668998	-4.885491178177079	
FCG3A	-0.15119263432083874	-0.5608508170188802	0.25846554837720276	6.643106675822785	0.734023600451681	0.46499484806554037	0.8056447763668998	-4.886861598960582	
KV315	-0.13153739433961306	-0.48919642048002676	0.22612163180080067	6.745841893329114	0.7314439776828595	0.46656010783272994	0.8056447763668998	-4.8879920624240425	
FRIH	-0.2212875418993394	-0.8321908578951834	0.3896157740965046	6.337258030025317	0.7204195765553376	0.47328291726367666	0.81281196660501	-4.892779211200069	
TENX	0.121568000767716	-0.2178101245400197	0.4609461260754517	6.200023836924051	-0.7124205723012077	0.47819457760669126	0.8129414471527632	-4.896207913215244	
CO5A1	0.1165253797026696	-0.20929180402783484	0.442342563433174	6.244697718962025	-0.7112914117392795	0.47889019822207024	0.8129414471527632	-4.896688887080796	
PGS2	0.16525665736756778	-0.3037212189884929	0.6342345337236285	6.256457064189873	-0.7008218473230201	0.48536670151323846	0.8129414471527632	-4.901112747815573	
CBPA3	0.28137123755518434	-0.5184038657799579	1.0811463408903266	6.282733964291139	-0.6997015625886832	0.4860625611916275	0.8129414471527632	-4.901582297571684	
FBLN5	-0.1504261220130745	-0.5803660559071964	0.2795138118810473	5.717962829962025	0.6958513879760707	0.4884582622590058	0.8129414471527632	-4.903190404214711	
SRP14	-0.13000576053422655	-0.5021790332917022	0.2421675122232491	6.4057263773417725	0.6947338157333692	0.4891548629809488	0.8129414471527632	-4.903655547257377	
ANXA5	-0.11597210104967827	-0.44967211708512667	0.21772791498577015	6.603657962329114	0.6911913928708354	0.49136650761448664	0.8129414471527632	-4.9051250724871105	
TENA	0.1404479193498473	-0.27029581649309	0.5511916551927846	6.461994038632912	-0.6800571085436935	0.4983534432758505	0.8167208351117025	-4.909695836380357	
CMA1	0.26179295831240457	-0.5046621730645169	1.028248089689326	6.272841113113924	-0.6793166328127637	0.4988200037232866	0.8167208351117025	-4.90999721974459	
CAD13	0.11776305215971608	-0.2372062882407451	0.4727323925601773	6.262679829734177	-0.6598105162675423	0.5111951247273515	0.8326283851801904	-4.9178199975187225	
PDIA1	-0.09436128506996048	-0.3805621552836271	0.19183958514370608	6.597104028987342	0.6557282895229605	0.5138054908548644	0.8326283851801904	-4.919428730035155	
LEG1	-0.12653946647998474	-0.5175821685661017	0.2645032356061322	6.184100046556962	0.643580441710762	0.5216149675489823	0.8409710701299918	-4.924157757205707	
PON1	-0.172582212277687	-0.7142112984187863	0.3690468738634123	6.298227730620253	0.6337165905191651	0.5280015718135079	0.8429582522170372	-4.927933495833408	
GRP75	0.11521615572675029	-0.24883680678099082	0.47926911823449136	6.478779281721519	-0.6294334729025974	0.5307873675947674	0.8429582522170372	-4.929555097086357	
CO8B	-0.11356145563442638	-0.4724410816647584	0.24531817039590564	6.652891638696203	0.629336862486834	0.5308502917442735	0.8429582522170372	-4.929591548949335	
HEP2	0.0917139628692535	-0.20383620947200032	0.3872641352105073	6.724289739987341	-0.6171706518648932	0.5388050504504915	0.8513119797117766	-4.934137818842852	
CATS	-0.13208209475396268	-0.5693362466817229	0.3051720571737975	6.827470244291139	0.6007738622624779	0.5496213518540254	0.8588371743171868	-4.9401263367955695	
YBOX1	0.08617485467556672	-0.20088524488561327	0.37323495423674674	6.539639524949367	-0.597047318566766	0.5520947164049421	0.8588371743171868	-4.941465150931634	
COFA1	-0.09010271572453205	-0.3909722947001071	0.210766863251043	6.303156162	0.5956081424785102	0.553051406982503	0.8588371743171868	-4.94197999243037	
CFAH	-0.08186593266147127	-0.35619190374822995	0.1924600384252874	6.601960038126582	0.593522670745089	0.5544391884832471	0.8588371743171868	-4.942723856954691	
HV307	-0.09587990719385145	-0.4194697224756001	0.22770990808789718	6.810090008607595	0.5892963952957074	0.5572568801059525	0.8589910932364927	-4.944223415011538	
AEBP1	0.10557506848387103	-0.2577336175204254	0.4688837544881675	6.0395066960886075	-0.5779451377144235	0.5648598140525706	0.8655957944177018	-4.948198609733195	
MFAP4	-0.13419141437930016	-0.6011813879081194	0.33279855914951906	5.733372962291139	0.5715025833346021	0.5691974388550761	0.8655957944177018	-4.950420774806106	
CFAB	-0.09932344104379137	-0.4454762243917071	0.24682934230412434	6.666168825594936	0.57066988230555	0.5697592570850696	0.8655957944177018	-4.950706192082028	
A1AG2	-0.13098393162066674	-0.5978354180670953	0.33586755482576175	6.703850197772152	0.5580078387208129	0.5783352743672687	0.8699106807380331	-4.954995515629463	
HPTR	-0.10801142542173314	-0.4960080080196427	0.2799851571761764	6.564348616177215	0.5536595822538317	0.5812945438259748	0.8699106807380331	-4.956446540383036	
CD14	-0.09500167396878699	-0.4398033632188632	0.2498000152812892	6.605673843341772	0.5479777143994445	0.5851722551077302	0.8699106807380331	-4.958325662514277	
ITGBL	0.09079441142614018	-0.241656661229263	0.4232454840815434	6.437605599481013	-0.5431657820475152	0.5884657999990519	0.8699106807380331	-4.959902070431432	
FIBG	0.129549846901764	-0.34678242325970665	0.6058821170632346	6.441284331987342	-0.5409136275439087	0.5900102849392299	0.8699106807380331	-4.960635155809596	
TSP1	0.13434619549756535	-0.36157934609433007	0.6302717370894608	6.266929505443038	-0.5387780817244827	0.5914765556357922	0.8699106807380331	-4.961327498731011	
APOE	0.09183927841326137	-0.2547029833254073	0.43838154015193	6.509295175253165	-0.527076047950368	0.5995412954452766	0.8699106807380331	-4.965073135176801	
CATG	0.15182713110265053	-0.4213195399849953	0.7249738021902964	6.458519399329114	-0.526847150044229	0.5996995504204066	0.8699106807380331	-4.965145589393163	
FHR3	-0.14022473105402644	-0.6700410948981145	0.3895916327900616	6.6034618468607595	0.526381081007807	0.6000218397936269	0.8699106807380331	-4.96529302021733	
NPC2	-0.09383940389750209	-0.45123315328956226	0.26355434549455814	6.687877178822784	0.5222029384597291	0.6029146054874088	0.8699106807380331	-4.9666089108991525	
CO8G	0.08891419726026452	-0.25507008211556226	0.43289847663609127	6.558550250696203	-0.5140833526192075	0.6085544513731955	0.8699106807380331	-4.969136425275448	
A2MG	-0.0958317761940189	-0.4682426383062722	0.27657908591823444	6.504730087518987	0.5117857881524763	0.6101546661824909	0.8699106807380331	-4.969844499805904	
LTBP2	-0.09212707424401058	-0.45352577759191026	0.26927162910388913	5.9967589754936705	0.5069927077206904	0.6134990726778022	0.8699106807380331	-4.971311533887552	
MUC18	0.08844802356546033	-0.26480620296477225	0.4417022500956929	6.224835024468354	-0.49796840624507505	0.6198180772278424	0.8699106807380331	-4.974036489788327	
SMOC2	0.08730405235654945	-0.2633345849035784	0.43794268961667737	6.178253187189873	-0.495194322202608	0.6217663374564636	0.8699106807380331	-4.974864393439863	
RARR2	0.09931929371162909	-0.29964521236952724	0.4982837997927855	5.957249602126582	-0.4951085039385644	0.621826651424632	0.8699106807380331	-4.974889932086468	
SAA4	-0.09971251646097834	-0.5026825910876517	0.303257558165695	6.448857996835443	0.49212780668044503	0.6239231187790306	0.8699106807380331	-4.975774233199582	
APOC1	0.09711929176604166	-0.2961364803263344	0.4903750638584177	6.655133369253164	-0.4911695382593707	0.6245977752757477	0.8699106807380331	-4.976057403305449	
CO7	0.07050054887188842	-0.21643838620350378	0.35743948394728065	6.8181862015316455	-0.4886569046064674	0.6263682832562245	0.8699106807380331	-4.976797291522328	
MANF	0.09338283617487683	-0.2881139410751494	0.47487961342490315	6.675705584734177	-0.48682986222511665	0.6276570734438973	0.8699106807380331	-4.977332931860601	
LEG3	-0.09106141972893134	-0.4743894906504691	0.2922666511926064	6.5515644596835445	0.47245975143147273	0.6378337908772667	0.8733537501107377	-4.981476456691775	
AMBP	-0.0595479032887113	-0.310584342828251	0.1914885362508284	6.622924880797468	0.47177044628828246	0.6383237192308285	0.8733537501107377	-4.981672116750043	
HEMO	-0.08788569596553446	-0.46103412817714406	0.2852627362460751	6.750180640734177	0.46842233931463245	0.6407056936887727	0.8733537501107377	-4.982618447340696	
FHR2	0.10158807990290564	-0.33037392968819956	0.5335500894940108	6.702306033253165	-0.4677332270164574	0.641196424131934	0.8733537501107377	-4.982812392305204	
TRYB2	-0.17028975812048838	-0.900787322869315	0.5602078066283381	6.020704179696202	0.46362919912359063	0.6441222842357359	0.8735735700364488	-4.98396156634782	
ANXA6	-0.0735593162117576	-0.39249823916382515	0.24537960674030995	6.506872775556962	0.4587025810551187	0.6476420142180987	0.8745934892859796	-4.985327795028601	
CO9	0.08341334732024006	-0.2825613114998814	0.44938800614036156	6.814486125531645	-0.4532998324640376	0.6515111454676394	0.8747186598415749	-4.986809400762659	
TIMP1	-0.11764769279377114	-0.6402832437546828	0.4049878581671405	6.3592859159367086	0.44769834615170045	0.6555327124774257	0.8747186598415749	-4.988327099272103	
CO8A	-0.07966453592229668	-0.4353628422147162	0.2760337703701229	6.7692087471518985	0.44543491618741166	0.6571606315852029	0.8747186598415749	-4.9889350486874635	
BGH3	-0.07628171550930851	-0.42095669525190016	0.26839326423328314	6.504182999531646	0.44016115869822137	0.6609600784673932	0.8747186598415749	-4.990339686612202	
LV861	-0.11702686849737894	-0.6468329893134637	0.41277925231870577	6.41563915356962	0.4393085302696249	0.6615751889308115	0.8747186598415749	-4.990565219056062	
CFAI	0.06953599794851652	-0.2529878200123872	0.3920598159094202	6.881698115291139	-0.4287942206536755	0.6691795246504693	0.8810863741231179	-4.9933106865048975	
PROS	0.08915716221927616	-0.32834734192389586	0.5066616663624481	6.661450816227848	-0.42471352900279397	0.6721402154033578	0.8813124816077222	-4.9943584220960116	
HDGR2	0.05665267192165586	-0.22613119968193268	0.3394365435252444	6.361176251329114	-0.39844353538031946	0.6913224364687488	0.9027185534054737	-5.000864882815582	
COCA1	0.08037480436511243	-0.33463449829646785	0.4953841070266928	6.064215121506329	-0.38517946066857106	0.70108596174945	0.9101339596655706	-5.003993145399608	
HSP72	0.06735944613213121	-0.28250752326559136	0.41722641552985384	6.239731561848101	-0.38290989384580826	0.7027616650582253	0.9101339596655706	-5.0045178539242885	
CRIP2	-0.09647920490886354	-0.603490471630601	0.41053206181287394	5.785942934126583	0.37845751128990623	0.7060532890951668	0.9106646504247866	-5.005538250288985	
PROP	0.06315306217855288	-0.2728266962020861	0.39913282055919186	6.393405316151899	-0.3738370352146152	0.7094751128746454	0.9113582750747478	-5.0065846120715385	
C1QBP	0.08784246793412166	-0.3850358204606251	0.5607207563288684	6.296299617063291	-0.3694504314209247	0.7127292674672099	0.9118317753831512	-5.007566172535625	
C1QA	-0.05857915068549625	-0.37902506732410896	0.2618667659531165	6.382989617265823	0.36357109863177833	0.7170991407251357	0.9128109938553652	-5.008863663273549	
MMP9	-0.10507739468704032	-0.6867572257663757	0.476602436392295	6.448037528772152	0.35927443442520257	0.7202986625550372	0.9128109938553652	-5.009798774989221	
MMP12	0.1132994510539816	-0.5182855974163743	0.7448844995243376	6.294527570556962	-0.35677711465679474	0.7221605964045611	0.9128109938553652	-5.010337197124057	
KLKB1	0.047645237195146635	-0.2231199503621868	0.31841042475248005	6.771033141962025	-0.3499674804834213	0.7272461661996512	0.9155768466896007	-5.011786352176786	
CFAD	0.07891207687257827	-0.3873017128514633	0.5451258665966199	6.403382063531645	-0.3366350888716566	0.7372383721326785	0.9244735142616127	-5.014543074948399	
VINC	-0.06370574304771995	-0.45680324958021845	0.3293917634847786	5.901748772113924	0.3223141115373273	0.7480220504734112	0.9272446927594694	-5.017385389443802	
QSOX1	-0.04913432490805724	-0.3525649261464	0.2542962763302855	6.628720547113924	0.32205247371486423	0.7482195385761234	0.9272446927594694	-5.017436172188928	
PGBM	0.04332180640865076	-0.22424830911527535	0.31089192193257686	6.06723280678481	-0.32201045666795386	0.7482512552331161	0.9272446927594694	-5.017444323682303	
HV372	0.06040370911471231	-0.3275355257403968	0.44834294396982144	6.734736143746836	-0.30967127786228993	0.7575840635517732	0.9297415239356451	-5.019792315130406	
APOH	0.048593433532178563	-0.2665947369255726	0.3637816039899297	6.693006993594937	-0.30662580473191725	0.7598931318279318	0.9297415239356451	-5.020357762465315	
SAMP	0.056822678710155575	-0.31504923766505666	0.4286945950853678	6.795376151367089	-0.30389905177545357	0.7619623983519793	0.9297415239356451	-5.020859306840021	
HS90B	-0.0482677233150799	-0.3642517603145147	0.26771631368435495	6.4633160001392405	0.30380344543811116	0.7620349832257345	0.9297415239356451	-5.0208768111186926	
C1QC	-0.049899306807209574	-0.3811962955514103	0.2813976819369912	6.419279617379747	0.2995560171905156	0.7652617965228727	0.9300874142354915	-5.021648919514435	
HV315	0.052653981667970896	-0.31326499236637095	0.4185729557023128	6.6910649549493675	-0.28618529317237323	0.7754465320374424	0.9388548050721525	-5.024008717713169	
HV374	-0.059501090617040946	-0.4897451352477671	0.3707429540136852	6.548237094797469	0.2750496408413392	0.7839589724817422	0.941630297085251	-5.025892045497348	
FIBB	0.06282398219567259	-0.3914839062231267	0.5171318706144719	6.477222077632911	-0.2750275545338818	0.7839758825052139	0.941630297085251	-5.025895706796348	
SFRP4	-0.06155396430021566	-0.531079139433036	0.4079712108326046	6.316914749367089	0.2607343009505011	0.7949407137101853	0.941630297085251	-5.028203619449414	
CO6	-0.03211746925249547	-0.2867678209770229	0.22253288247203196	6.817847221240506	0.250840732493724	0.8025547710766859	0.941630297085251	-5.029729165347864	
F13B	-0.06360331219845021	-0.569774020264947	0.44256739586804655	6.568642760063291	0.24991006478050815	0.8032720053209367	0.941630297085251	-5.029869640489059	
CCL18	-0.0501584124364706	-0.45045625325502164	0.3501394283820804	6.340306043721519	0.24920775812450155	0.8038133611205124	0.941630297085251	-5.029975301808119	
PLMN	0.05904166498173316	-0.41276873970751626	0.5308520696709825	6.727822096949367	-0.24888120784228285	0.8040651070187435	0.941630297085251	-5.0300243299039185	
FBLN1	-0.04857975285745444	-0.43808954202939066	0.3409300363144818	6.458037451518988	0.24804926691853266	0.8047065648319569	0.941630297085251	-5.030148947183595	
KVD20	-0.051297869464838344	-0.4704050227209914	0.3678092837913147	6.580759565696202	0.24343066101632352	0.8082701071470957	0.941630297085251	-5.030833200088057	
TRFL	-0.08201155940047582	-0.7524615084219184	0.5884383896209668	6.312067849139241	0.24328186216014983	0.8083849825347877	0.941630297085251	-5.030855031440163	
DEF1	-0.08364423668621515	-0.7752906639890229	0.6080021906165927	5.827119650253165	0.24052094858608414	0.8105172177442667	0.941630297085251	-5.031257688082712	
LV321	0.0373166880586044	-0.2879589712425321	0.3625923473597409	6.757589335164557	-0.2281668517261449	0.8200755297146425	0.9485968336110718	-5.033003246439651	
SERPH	0.047002631690474805	-0.3721023781534403	0.46610764153438994	6.577109113177215	-0.2230490337717943	0.8240432372081511	0.9485968336110718	-5.033699453700282	
LTBP1	0.03964789376939459	-0.31825690381838295	0.39755269135717214	6.047704934531645	-0.22031984872875243	0.8261609816303384	0.9485968336110718	-5.034064275173277	
HDGF	0.03572245082024897	-0.29725129610000267	0.36869619774050055	6.514042980822785	-0.21336946950389335	0.8315599960278625	0.9485968336110718	-5.03497310981585	
IPSP	0.03690574197736662	-0.3158284041122547	0.38963988806698796	6.521395895405063	-0.2080882038758235	0.8356678848561964	0.9485968336110718	-5.035644243107879	
HMCN1	0.035170837871291015	-0.3018443873071965	0.37218606304977847	6.35500146370886	-0.2075554860461259	0.836082500441871	0.9485968336110718	-5.035711007389201	
S10A6	0.035971276476902424	-0.3118230341263741	0.3837655870801789	6.522360720734177	-0.20570005120523457	0.8375269511945855	0.9485968336110718	-5.0359422105443095	
ALBU	-0.0328310380192873	-0.35957748680465795	0.2939154107660833	6.907258068443038	0.19983647551025072	0.842095371740305	0.9503647766783442	-5.036659234027216	
ADIPO	0.030528157904318464	-0.29704462758232136	0.35810094339095827	6.473689087	-0.18535052023129717	0.8534045533675734	0.959700494178481	-5.03834186438861	
HV349	-0.037085021567855245	-0.4536877737367414	0.3795177306010309	6.866828856696203	0.17704245569447585	0.859904684963599	0.9626380746976868	-5.0392498542741615	
ITB2	0.04537260982848335	-0.47579881691802517	0.5665440365749919	6.497777807670886	-0.17314668723741986	0.8629560484892794	0.9626380746976868	-5.0396613006024715	
APOA4	0.031403736434323634	-0.3352582502015513	0.3980657230701986	6.681705718075949	-0.17033992834158843	0.86515573801944	0.9626380746976868	-5.0399520647252105	
CD5L	0.03071955779924445	-0.3554683429324516	0.4169074585309405	6.455917066544304	-0.15820394913212762	0.874678877055574	0.9650511080480867	-5.0411546398066225	
FBLN3	0.030185814198558418	-0.3542355804134374	0.41460720881055424	5.910968704506329	-0.1561695533677267	0.8762771231251903	0.9650511080480867	-5.041347544278469	
FBLN2	0.028741309572647176	-0.3379090533891316	0.395391672534426	6.1241752399620255	-0.15590335345490886	0.8764862911702559	0.9650511080480867	-5.041372601189836	
FIBA	0.03408096527721258	-0.4136299755939258	0.4817919061483509	6.418237021645569	-0.1513962795890849	0.8800290706255984	0.9655874524919762	-5.041790360029283	
CATL1	-0.027810347117110785	-0.40672839831950064	0.3511077040852791	6.730635159341772	0.14596950597886837	0.8842980188468225	0.9669140967321658	-5.042277117471053	
ZA2G	-0.022370537911288204	-0.34981230558898074	0.3050712297664044	6.997323106696203	0.13587619434885242	0.8922468871921662	0.9710307323326575	-5.04313522418459	
IGHM	0.02583055882002715	-0.3593108425941225	0.4109719602341768	6.423232754240506	-0.13338734220254567	0.8942086807240612	0.9710307323326575	-5.043337379749905	
GANAB	-0.019271742119302906	-0.3432594046160549	0.30471592037744916	6.600523027101266	0.11830239223592633	0.9061127913216389	0.9742506902791167	-5.044482720658147	
LRP1	0.015084388834840605	-0.24181290431486338	0.2719816819845446	6.453465999848102	-0.11678019986886282	0.9073152515250991	0.9742506902791167	-5.044590672635565	
VTDB	-0.014043372009555185	-0.26954762174519464	0.24146087772608427	6.872478662734177	0.10931362492689486	0.9132165739097831	0.9742506902791167	-5.045099954491455	
TTHY	0.016227195837482566	-0.2819353723572247	0.3143897640321898	6.861458023240506	-0.10824089649296299	0.9140648296181894	0.9742506902791167	-5.045170361032507	
S10A4	-0.017987327465976307	-0.3517258421236863	0.3157511871917337	6.342795723848101	0.1071917438089614	0.9148945393096735	0.9742506902791167	-5.0452385488803175	
BCAM	-0.022782973389447687	-0.449414301584701	0.40384835480580566	6.239394182569621	0.1062083552448338	0.9156723259901824	0.9742506902791167	-5.045301859730784	
PERM	-0.03153662627380231	-0.6820940981292817	0.6190208455816771	6.322473737822785	0.09641188763118423	0.9234249635449644	0.979202310336271	-5.0459007106821945	
C1QB	0.014828635584294505	-0.3749455386770797	0.40460280984566865	6.307671580037975	-0.07566397548425688	0.9398678093949271	0.9898206877348243	-5.046977872824689	
TRFE	0.013347781481874873	-0.34039590672340286	0.3670914696871526	6.873078782126583	-0.07504493957517795	0.9403588361064736	0.9898206877348243	-5.047006021302248	
FCGBP	0.015371128427726555	-0.4096777391481103	0.44041999600356335	6.008235545025316	-0.0719230194222982	0.9428355285069054	0.9898206877348243	-5.047144456523298	
PA2GA	-0.015701781516967567	-0.48746924427945393	0.45606568124551883	6.049246489101265	0.06619450957559972	0.9473815358386324	0.9911513900203682	-5.04738318112674	
IBP7	0.015081380388309838	-0.4739791053011628	0.5041418660777824	5.580018365974683	-0.06133092895960219	0.9512425316096802	0.9911513900203682	-5.047570320350663	
PLTP	0.01433335355386263	-0.48386490137280247	0.5125316084805277	6.555672825405063	-0.05721983949033484	0.9545070685071402	0.9911513900203682	-5.047717374482941	
HSPB1	0.010034385776309235	-0.3559941161420517	0.3760628876946701	6.041944784873418	-0.054522644596809756	0.956649284671558	0.9911513900203682	-5.047808313334788	
FHR5	-0.01103468174772941	-0.4916681637932187	0.46959880029775986	6.605084072341772	0.04566114675022997	0.9636895879836467	0.9916576512854524	-5.048076185609435	
S10AA	-0.0064804108684158954	-0.3101301026267354	0.29716928088990363	6.620476505708861	0.0424454088048147	0.9662451772600693	0.9916576512854524	-5.0481616758075525	
ECM1	0.005953309792583882	-0.4259999925883983	0.43790661217356613	7.150413440341772	-0.027410862907124973	0.9781975782221359	0.9916576512854524	-5.04847858004527	
F13A	-0.005531234669605355	-0.4384654624909559	0.4274029931517452	6.5253214957088606	0.025409796415000758	0.9797888531941048	0.9916576512854524	-5.048510473524188	
LAMA4	0.0037433630604093897	-0.30481758868512354	0.31230431480594234	6.562744945645569	-0.024128038025408406	0.9808081681227173	0.9916576512854524	-5.048529632856135	
PRG4	-0.0034764775502111535	-0.31079662727856766	0.3038436721781454	6.693145516759493	0.02249828514524139	0.9821042705872787	0.9916576512854524	-5.048552562146414	
TSP2	-0.004455413485371751	-0.44646757122389025	0.4375567442531467	6.103988211936708	0.020047250802897872	0.9840536074955261	0.9916576512854524	-5.04858402816107	
FHR1	-0.004631425097853687	-0.4861914010899395	0.47692855089423214	6.723958635341772	0.01912781154565408	0.9847848741642635	0.9916576512854524	-5.048594896710815	
IGJ	-0.0037157236436569673	-0.4058296373612992	0.39839819007398525	6.526919257101266	0.01837787651234919	0.9853813370368103	0.9916576512854524	-5.048603383821623	
LAMC1	0.001655787468847775	-0.2795245499233596	0.28283612486105514	6.307196218911392	-0.011711719637584843	0.9906836094923536	0.9938286368240753	-5.048663908406355	
GRN	-0.0015055941874715702	-0.3887536482022532	0.38574245982731004	6.69829352056962	0.007732496089718543	0.9938489055818659	0.9938489055818659	-5.048687255332806	
