	logFC	CI.L	CI.R	AveExpr	t	P.Value	adj.P.Val	B	
PGLYRP1	-0.4458322357235302	-0.916183680486051	0.02451920903899063	8.7673256287625	1.8854174800503165	0.06289001501444723	0.9991906372846477	-4.434552959273914	
RETN	-0.5703688560294031	-1.1798339532711157	0.03909624121230959	7.208187128775	1.861510579803618	0.06622988022910797	0.9991906372846477	-4.440200276276651	
MIF	0.5702529721188963	-0.10438699888035419	1.2448929431181468	9.8035632537	-1.6813341479708723	0.09647646072230198	0.9991906372846477	-4.480764130028489	
PDGF subunit A	0.49987144599781924	-0.12184048973360001	1.1215833817292384	7.6028372538125	-1.5992916474210328	0.11357500396952867	0.9991906372846477	-4.498037964928419	
GAL	0.4560076909808063	-0.11573256944290888	1.0277479514045216	1.667161176675	-1.586470266983516	0.11645456820900109	0.9991906372846477	-4.500668336097996	
CA4	-0.388040837974247	-0.8943867981758082	0.11830512222731421	2.7766393788	1.5243638084728222	0.1312384884056728	0.9991906372846477	-4.5131421593330945	
DEFA1	-0.4241895403674023	-0.9960222271342313	0.14764314639942666	5.9902951288	1.4755350277475976	0.14387149128807558	0.9991906372846477	-4.522634894156157	
PRTN3	-0.4151615053874686	-0.9894695303832182	0.15914651960828102	7.3940342538	1.4379068014360397	0.15423925869515792	0.9991906372846477	-4.529759397660961	
TIMD4	-0.45714907083806866	-1.125474489326736	0.21117634765059878	5.4440735038	1.3605935479840219	0.177344201374156	0.9991906372846477	-4.543871022610155	
LCN2	-0.3332520697807189	-0.8365189165040832	0.17001477694264538	2.8043615038	1.317143456089852	0.19143364214806688	0.9991906372846477	-4.55148749314736	
t-PA	-0.3883360000675158	-0.9840557873117521	0.20738378717672057	10.13528337895	1.2966542028027248	0.19836168996179243	0.9991906372846477	-4.554999943713007	
PI3	-0.31685582816226904	-0.806459169868667	0.17274751354412893	1.83317076005	1.2872884459667353	0.20159002428598363	0.9991906372846477	-4.556588534546675	
IL-18BP	-0.3810080856003854	-0.9790095716052245	0.21699340040445375	3.1979420038	1.2673322127198257	0.20859867158302062	0.9991906372846477	-4.559937828749197	
SEMA3F	0.17885652030510427	-0.10706654643949473	0.46477958704970324	0.7988534942875	-1.244268563112648	0.21692074453536292	0.9991906372846477	-4.563748062173218	
CCL15	-0.29347472846251843	-0.7670106798806788	0.18006122295564198	5.9044476288	1.232753651173698	0.22116559399295224	0.9991906372846477	-4.56562599519926	
CLEC14A	-0.36361833706094415	-0.9686310124512926	0.24139433832940427	5.9779767538	1.1954732083446684	0.2353238503052672	0.9991906372846477	-4.571594068031465	
USP8	0.2561683504201204	-0.18205121663697754	0.6943879174772184	1.3290570575	-1.1627658039174522	0.24827363435934438	0.9991906372846477	-4.576688630001985	
ANXA11	0.3347232023174138	-0.2508408427968485	0.9202872474316761	4.7096091288	-1.137024860216779	0.2588163893789719	0.9991906372846477	-4.580604644005824	
CGA	-0.21004083407475715	-0.5809693510311851	0.16088768288167077	1.262976014375	1.1263466089104048	0.2632813288406486	0.9991906372846477	-4.582204903295703	
SPINT2	0.26483462314742784	-0.214001592154195	0.7436708384490507	4.7281728788	-1.100135850071956	0.27446955218971003	0.9991906372846477	-4.586072421532424	
LILRB2	-0.3670670907800912	-1.0388957732132853	0.30476159165310296	9.1575527537	1.0867895487296222	0.2802918277404601	0.9991906372846477	-4.58800862906399	
RELT	-0.2723142401509922	-0.779594016261921	0.23496553595993658	4.8503076287999995	1.0677789347879791	0.2887317476516182	0.9991906372846477	-4.590727903191875	
CHIT1	-0.4913061519029948	-1.412915267016157	0.43030296321016753	5.5295943787625	1.0603860007416648	0.2920605341377842	0.9991906372846477	-4.591773088131012	
FCRL5	0.16663054363592777	-0.148719740071787	0.48198082734364256	0.543049586625	-1.0510416588276876	0.2963054038510699	0.9991906372846477	-4.593084284419657	
TYRO3	0.14064789065916003	-0.12628621889872013	0.40758200021704016	0.6337213835375	-1.0480637388823326	0.29766697833649	0.9991906372846477	-4.593499827345879	
SOST	0.401005133354445	-0.36018730476388894	1.1621975714727788	9.250362128999999	-1.0478859362479718	0.29774840832456756	0.9991906372846477	-4.593524602693624	
SPINT1	0.14874871008881704	-0.13497298946852107	0.43247040964615513	0.86829808225	-1.0428436485425603	0.30006398374864474	0.9991906372846477	-4.594225539851969	
Ep-CAM	-0.3527664651218338	-1.0275468316675196	0.32201390142385194	2.3870852349875	1.0398804183644375	0.30143048016714347	0.9991906372846477	-4.594635962858388	
CCL16	-0.2859871586985626	-0.8337248245134247	0.26175050711629944	8.358527003799999	1.038562102738437	0.3020397767342695	0.9991906372846477	-4.59481819927713	
TFF3	-0.23354761163278642	-0.6811195743594096	0.21402435109383672	2.7403203788	1.0379372584956308	0.3023288573586845	0.9991906372846477	-4.594904497309212	
SCARF1	-0.2490979853346284	-0.73368388385819	0.23548791318893314	4.8675715038	1.0224874538961735	0.3095362406424154	0.9991906372846477	-4.597022554223686	
COCH	0.48498436239366044	-0.4770935723615061	1.447062297148827	4.16029137885	-1.0027115700849507	0.3189291332601762	0.9991906372846477	-4.599689474034709	
ANXA4	0.4035016219479176	-0.3985952588880798	1.2055985027839151	4.1898520935	-1.0006380243560402	0.3199248924195754	0.9991906372846477	-4.599966226204008	
TNFRSF10C	-0.20402257056804177	-0.6165785674121744	0.20853342627609092	3.8015223788	0.9836800319427113	0.32814609549897866	0.9991906372846477	-4.6022090221722065	
QPCT	-0.2800930436063967	-0.8516213047037184	0.2914352174909251	6.7131770038	0.9748171411980766	0.3324978553263255	0.9991906372846477	-4.603366599039153	
OMD	0.32390746068324494	-0.34446358672964594	0.9922785080961358	6.9807082538	-0.9639663355795421	0.33787714371927047	0.9991906372846477	-4.60477015297853	
PEBP1	0.27749740178085874	-0.2951569449521911	0.8501517485139085	8.1315610037375	-0.9638842954344161	0.33791803079292704	0.9991906372846477	-4.604780707546979	
QDPR	0.37240001540718953	-0.4041955320153638	1.1489955628297428	3.6453918589125	-0.9538351855306453	0.3429507654515387	0.9991906372846477	-4.606067023543674	
BCAM	0.2552262350551627	-0.27773175002378997	0.7881842201341154	6.8975651288	-0.9525568082392253	0.3435944744550795	0.9991906372846477	-4.606229732562843	
CD164	-0.2248023433446498	-0.7076647228422275	0.25806003615292794	4.0698953788	0.9260533531008892	0.35711667775684386	0.9991906372846477	-4.609555816149805	
PLA2G4A	0.2789053333836395	-0.32106823205180973	0.8788788988190888	1.280779057875	-0.9246625062645824	0.3578355995008211	0.9991906372846477	-4.609727871169111	
IGFBP-1	0.5178579379345739	-0.6070516294561538	1.6427675053253017	5.8889087538125	-0.9156965374524436	0.36249229999916954	0.9991906372846477	-4.610831036853659	
CCL14	-0.31201981616388863	-0.9905327193408173	0.36649308701304006	11.3161986289375	0.9147082801562897	0.3630079305880667	0.9991906372846477	-4.610951998333808	
C2	-0.2629606918978041	-0.83570972192307	0.3097883381274618	3.9042876288	0.9132401909995488	0.36377477959462734	0.9991906372846477	-4.611131458522931	
SELE	-0.2799289119536308	-0.9173965205809492	0.35753869667368765	5.6738055038	0.8734703729910054	0.38493965309684064	0.9991906372846477	-4.615887197247552	
SAA4	-0.27573175890514756	-0.9072775515758158	0.3558140337655207	4.0006803788	0.8684413419625423	0.387669610429182	0.9991906372846477	-4.61647402228133	
DPP4	-0.25710529953948774	-0.8470460357228957	0.3328354366439202	6.1689246288	0.8668843997016166	0.38851721054818156	0.9991906372846477	-4.616655034309339	
DAG1	0.2975667618766686	-0.3857188689220857	0.9808523926754229	6.2117522538	-0.8662448706376237	0.3888657031832714	0.9991906372846477	-4.616729295804937	
IGFBP-2	-0.23885139980461684	-0.7890415487512976	0.311338749142064	8.3643932537375	0.8635222363650847	0.39035149016113413	0.9991906372846477	-4.6170448527083625	
C1QTNF1	-0.2948747876094825	-0.980662810649895	0.39091323543093004	9.758840253725	0.8552760085846854	0.39487298589448283	0.9991906372846477	-4.61799474162448	
BST1	-0.14318824495211924	-0.48606815873886294	0.19969166883462447	0.6844414544875	0.830661087441386	0.40856024396264756	0.9991906372846477	-4.6207776779518985	
CR2	-0.31041884621416904	-1.061050635448902	0.4402129430205639	7.029225378825	0.8225828910051206	0.41311413877291403	0.9991906372846477	-4.621673830071807	
CST3	-0.2827345095598395	-0.9673170568754018	0.40184803775572286	10.292757003875	0.8215075173154454	0.4137226563816898	0.9991906372846477	-4.621792485903453	
F11	-0.23338632671414844	-0.8019308672949015	0.33515821386660455	9.006424503825	0.8165249502569372	0.41654916541368636	0.9991906372846477	-4.622340293409478	
CST6	-0.22376184298300963	-0.7721776946781407	0.32465400871212147	1.8291125571	0.8115860542501913	0.4193623181217062	0.9991906372846477	-4.622880108585254	
U-PAR	-0.23614466813276047	-0.8200850547865598	0.34779571852103885	7.3997506287625	0.8043928022749143	0.4234798211255325	0.9991906372846477	-4.62366063550505	
Gal-3	0.17286650028115522	-0.2608583507099721	0.6065913512722825	9.9140300036625	-0.792784367614544	0.43017520329724623	0.9991906372846477	-4.624906011746248	
SPARCL1	0.2596820987056614	-0.3939412723041775	0.9133054697155003	4.4219980038	-0.7902654308647541	0.4316362684017947	0.9991906372846477	-4.625173925721388	
SPINK1	-0.1388145614218805	-0.4912334101819158	0.2136042873381548	1.0102447617625	0.7834917754828525	0.43557970497003773	0.9991906372846477	-4.6258902599453435	
TSHB	0.10667496521008905	-0.16740917270138989	0.380759103121568	0.6448025809625	-0.7741714518905733	0.4410401883003171	0.9991906372846477	-4.626866107714328	
AXL	0.242384450949665	-0.38545617970764634	0.8702250816069763	6.2674655038	-0.7679162951923327	0.4447271800481222	0.9991906372846477	-4.627514656294831	
IGLC2	-0.1904784335507085	-0.689514097801508	0.308557230700091	7.3793663788	0.7592289705761309	0.4498773523445373	0.9991906372846477	-4.628406879004954	
CDH1	-0.16955104170383492	-0.6173230529412334	0.27822096953356346	4.4028185038	0.7531856956756061	0.4534802452423773	0.9991906372846477	-4.629021715006556	
GNLY	-0.24908200504662387	-0.9099976629492381	0.41183365285599033	10.3187228788	0.7496436332219754	0.4555996433675573	0.9991906372846477	-4.629379854669277	
CCDC80	-0.26896657510154814	-0.9854476561165753	0.447514505913479	10.1720932538	0.7467102803544575	0.45735910792799206	0.9991906372846477	-4.629675201635126	
PLA2G7	0.1820346240330083	-0.3036003558754152	0.6676696039414318	1.0720386604625	-0.745594309676083	0.4580295010141515	0.9991906372846477	-4.629787267578001	
CRIM1	0.21480160899569195	-0.36452063305656074	0.7941238510479447	5.7744002538	-0.73752351563453	0.46289451820245053	0.9991906372846477	-4.630592871875927	
CCL5	-0.22801909944987558	-0.8569597392849546	0.4009215403852034	8.893586253825	0.7211408753999302	0.47285951342575216	0.9991906372846477	-4.632201827201397	
NID1	-0.24805366739308599	-0.9324502724208128	0.4363429376346408	8.0836493787625	0.7209353990278435	0.4729852565836068	0.9991906372846477	-4.632221783168718	
GRN	-0.16912164401541505	-0.6363595546720381	0.29811626664120794	6.0243396288	0.7199787247198078	0.4735709488846006	0.9991906372846477	-4.632314622721324	
REG3A	-0.17159207566543686	-0.6470763299175787	0.30389217858670503	1.46378123075	0.717826740646258	0.47488991322449736	0.9991906372846477	-4.632523019893895	
GP6	-0.1559810838655581	-0.5925447849034566	0.2805826171723405	2.8548297538	0.7106943388181783	0.4792760538042682	0.9991906372846477	-4.633209360779187	
SELL	-0.2398646017862397	-0.9114676632409981	0.43173845966851876	7.3770085038	0.7104148629352861	0.47944837746569247	0.9991906372846477	-4.633236117989205	
FCGR3B	-0.2014012169855614	-0.783442670983904	0.3806402370127811	4.4712787538	0.6882824854665223	0.49320385785052734	0.9991906372846477	-4.635322403760723	
LILRA5	-0.12565566131587816	-0.4892584976575801	0.23794717502582383	1.0711503373125	0.6874060380841228	0.4937529750231501	0.9991906372846477	-4.635403691458052	
LILRB5	0.28641236296985445	-0.5442964564024868	1.1171211823421958	6.6122396288625	-0.6858063213506673	0.49475609784662555	0.9991906372846477	-4.635551798684748	
CPB1	-0.13186636301591365	-0.5151050714842295	0.25137234545240217	1.7962610192125	0.6844208086168212	0.4956257968744735	0.9991906372846477	-4.63567980120551	
TIE1	-0.1829727226295489	-0.7175886975868624	0.3516432523277646	1.2427413445625	0.6807740038595195	0.49791889660658106	0.9991906372846477	-4.63601550491035	
APOM	-0.24374360840999243	-0.9598257687824531	0.4723385519624682	4.1028867538	0.6770627589938633	0.5002584058432051	0.9991906372846477	-4.636355337515123	
IGFBP6	-0.2344231096857315	-0.9236951421383941	0.45484892276693106	8.1282805037625	0.6765007934798145	0.5006131767762507	0.9991906372846477	-4.636406637175335	
VSIG4	-0.2049605289931294	-0.8283619765907488	0.4184409186044901	6.2050323788	0.6539747366776042	0.514945113950515	0.9991906372846477	-4.638428576955688	
PAG1	0.11909148145385312	-0.24385169924440347	0.4820346621521097	1.0453660603375	-0.6526804460144945	0.5157751365657237	0.9991906372846477	-4.6385427131758945	
WFIKKN2	-0.11730073380563552	-0.47519125411703345	0.24058978650576243	1.3842050038	0.6519421774511005	0.5162489011778733	0.9991906372846477	-4.6386077175992995	
CD163	-0.19962495370562902	-0.8088442717704176	0.4095943643591595	6.7735362538	0.6517780146787492	0.5163542795761236	0.9991906372846477	-4.6386221622966	
FCGR2A	-0.20392766754858638	-0.8264110178505196	0.41855568275334687	8.0183671288	0.6516388326262447	0.5164436313919736	0.9991906372846477	-4.638634406142998	
MFAP5	-0.19513247347027926	-0.7910031444199469	0.4007381974793883	6.8101143788	0.6513824970097956	0.5166082145725179	0.9991906372846477	-4.638656949277379	
LYVE1	-0.1876667773492564	-0.7659965912465755	0.39066303654806267	5.0527486288	0.6454615247375127	0.5204175313130899	0.9991906372846477	-4.63917524032521	
KIT	-0.15483540118939906	-0.6383578413886402	0.3286870390098421	1.7266764575625	0.6369600203238148	0.5259127261680661	0.9991906372846477	-4.639911295274791	
TIMP4	-0.1349615192311357	-0.5663162514537341	0.29639321299146276	4.1243057538	0.6223489143390833	0.535427115257455	0.9991906372846477	-4.641153926022515	
ARSA	-0.17346321901662254	-0.7301127357985217	0.3831862977652766	5.5846206288	0.6198464380437714	0.537065481824254	0.9991906372846477	-4.6413639126402995	
DAB2	0.17187268859068403	-0.38938226999727044	0.7331276471786385	1.4996034566625	-0.6091233170844481	0.5441148234504444	0.9991906372846477	-4.642254289141993	
MFGE8	0.13145883157361055	-0.30135547383996547	0.5642731369871865	11.077087628975	-0.6041526795281493	0.5473983224444183	0.9991906372846477	-4.642661835308586	
CES1	0.27775606195627595	-0.637332516757547	1.192844640670099	6.4815968788	-0.6037525192840393	0.547663093390977	0.9991906372846477	-4.6426945018922945	
CD69	0.14871130425992812	-0.34268479055798123	0.6401073990778374	2.9451827538	-0.6019644258309271	0.5488469946638544	0.9991906372846477	-4.642840210563662	
DLK-1	-0.1340441758600669	-0.582048618731172	0.3139602670110382	1.7903261288	0.5951468958380524	0.5533726660661579	0.9991906372846477	-4.643391858268564	
SNAP23	-0.1132150523365877	-0.4918522073901403	0.2654221027169649	1.053649291475	0.5947568985724057	0.5536321194158664	0.9991906372846477	-4.643423228358758	
TNF-R2	-0.1622754135249894	-0.7096488105974489	0.38509798354747005	2.6666967538	0.5896951866443018	0.5570050161183981	0.9991906372846477	-4.643828539773367	
FCER2	0.11024483836540619	-0.26218524188723624	0.4826749186180487	0.9482081854125	-0.5888057727376076	0.5575987327391341	0.9991906372846477	-4.643899406468537	
ANGPTL1	0.19857780479305792	-0.47424782955672123	0.8714034391428371	2.5670558360875	-0.5870657185469568	0.5587611893810032	0.9991906372846477	-4.644037745928678	
ALCAM	0.14023685079614082	-0.34561587472234256	0.6260895763146243	5.4998706288	-0.5741376825266042	0.5674352079261271	0.9991906372846477	-4.645052936657832	
SHPS-1	-0.17168642132870504	-0.7664977190669836	0.4231248764095735	3.4957903788	0.5741366674584438	0.5674358915527825	0.9991906372846477	-4.645053015493184	
ENG	0.19383682943841915	-0.4866334909607092	0.8743071498375475	7.4437180038	-0.5666118521241301	0.5725146986355475	0.9991906372846477	-4.6456336567122944	
ESAM	-0.1332688105385807	-0.6017322924568166	0.3351946713796552	3.2853987538	0.5658630346282804	0.5730213064524498	0.9991906372846477	-4.64569102511503	
NOTCH1	-0.14129940174991942	-0.6394187657328336	0.35681996223299484	4.1585190038	0.5642420425358742	0.574118719809618	0.9991906372846477	-4.645814956417719	
INHBC	-0.09548377856528366	-0.4322459107016783	0.24127835357111094	0.8546433942125	0.5639815428038744	0.5742951728798852	0.9991906372846477	-4.645834839977379	
CRHBP	-0.09109933451017807	-0.4128080555418274	0.23060938652147125	0.7626981717625	0.5632625994248204	0.5747822946435311	0.9991906372846477	-4.645889668905343	
PTPRF	-0.10305845423781322	-0.4679173986166204	0.26180049014099394	0.8429211262875	0.5618458427432158	0.5757428035270913	0.9991906372846477	-4.645997513524943	
BLM hydrolase	-0.13773130657090332	-0.6281115899711252	0.35264897682931856	7.6606692538	0.5586736804390885	0.5778962072733389	0.9991906372846477	-4.6462380100583305	
TMSB10	0.1631163596777553	-0.4183392971048977	0.7445720164604083	5.9967943788	-0.5580067666072831	0.57834942827931	0.9991906372846477	-4.646288401135484	
IL-17RA	0.15879499161368152	-0.40768426173475314	0.7252742449621161	2.6319406442125	-0.5575853267989122	0.578635917872159	0.9991906372846477	-4.646320213937787	
CD93	-0.14578020080178505	-0.6660997971115843	0.37453939550801424	9.427175253875	0.5572972580042264	0.5788317825562033	0.9991906372846477	-4.646341945460494	
THBS4	-0.25712841921544505	-1.1818679942443624	0.6676111558134724	5.9040830038	0.5530815618888467	0.5817017541353073	0.9991906372846477	-4.646658705017818	
GUSB	-0.13519263404013265	-0.6267358233154401	0.3563505552351747	9.0741497537875	0.547078807453313	0.5857999731739474	0.9991906372846477	-4.647105646840125	
CD74	0.14565850439165742	-0.38837734403329016	0.679694352816605	5.2229046288	-0.5425302772466573	0.5889144187848969	0.9991906372846477	-4.647441108374547	
MPO	0.13048685198434212	-0.35500059018184216	0.6159742941505264	5.3640468788	-0.5346225805848659	0.5943473825293863	0.9991906372846477	-4.648017734266638	
MEGF9	-0.11105075123053396	-0.5294159521220364	0.30731444966096844	1.8505949879499999	0.5279885351781506	0.5989232054439064	0.9991906372846477	-4.6484950389575355	
LDL receptor	0.1701573315994983	-0.47287456752555845	0.8131892307245551	4.8822877538	-0.526352504179037	0.6000541505026402	0.9991906372846477	-4.648611843154562	
COMP	-0.22581844427684622	-1.079769661560238	0.6281327730065456	9.5752976290625	0.5259989702724936	0.6002986683741747	0.9991906372846477	-4.648637036622187	
THOP1	0.1728420116389925	-0.48841839864005576	0.8341024219180407	2.7534315934999998	-0.5199185763931158	0.6045112667329726	0.9991906372846477	-4.649067720028789	
PARK7	0.12749583525423416	-0.3650083635583171	0.6200000340667854	6.7193413788	-0.5149257448005841	0.6079804499267465	0.9991906372846477	-4.649417671060687	
CD109	0.17763764992669875	-0.5090571614961327	0.8643324613495301	3.2822633589125	-0.5145526247060357	0.6082400686115723	0.9991906372846477	-4.649443689326674	
CD177	0.17946906581952232	-0.5149752435313109	0.8739133751703556	3.4066064418375	-0.5140563444789833	0.6085854606123422	0.9991906372846477	-4.6494782668703225	
TR-AP	0.10982208427655829	-0.3186753122174184	0.5383194807705349	7.8361512538	-0.5098002440416477	0.6115511875421729	0.9991906372846477	-4.649773450088575	
IL2-RA	-0.12799028587548922	-0.6280505386018006	0.37206996685082216	2.7519457538	0.5091118642174394	0.6120314745881501	0.9991906372846477	-4.649820965037063	
MESDC2	-0.14671102566597388	-0.724846223634779	0.4314241723028313	9.3329382536375	0.5047680841591036	0.6150660687003647	0.9991906372846477	-4.650119327880056	
uPA	-0.11818475136518382	-0.5872675987434051	0.35089809601303745	10.0127641287375	0.5011531194250974	0.6175966333613169	0.9991906372846477	-4.650365703498093	
TFPI	-0.10597277863449928	-0.5295353592983202	0.31758980202932163	9.4355637538625	0.4976629171080078	0.620044254745736	0.9991906372846477	-4.650601914784	
MYOC	0.1984755799406829	-0.5982630094234076	0.9952141693047734	2.7256107538	-0.49550697480989325	0.6215583283235195	0.9991906372846477	-4.650747009880978	
B4GAT1	0.07549401673035373	-0.2304645421254255	0.38145257558613294	0.7895355915875	-0.4908044268269627	0.6248664888443876	0.9991906372846477	-4.651061330237246	
NCAM1	-0.09918656471044072	-0.5020795450938944	0.303706415673013	1.9234745038	0.4896905159792335	0.6256512378531511	0.9991906372846477	-4.651135350230283	
STIP1	0.1393245694881988	-0.42718101579138235	0.70583015476778	4.8596613788	-0.4891950552239169	0.6260004283162577	0.9991906372846477	-4.651168220415483	
F7	0.21507490372057503	-0.6611615691723954	1.0913113766135454	5.9974512538	-0.48823280339041775	0.626678847446327	0.9991906372846477	-4.651231964721462	
SELP	-0.1437094589598567	-0.7296489618839817	0.4422300439642683	7.084607878825	0.48785540487581547	0.6269450136510625	0.9991906372846477	-4.651256931562267	
DKK3	0.1597189083604483	-0.4946479663228698	0.8140857830437664	5.3548477538	-0.4855048488110518	0.6286038923140119	0.9991906372846477	-4.6514120029080654	
CRELD2	-0.14243393344475386	-0.7277751943583848	0.44290732746887707	5.2999645038	0.4840195169696433	0.629653134779026	0.9991906372846477	-4.651509611441913	
CCL24	-0.16190285682455932	-0.8301844243612618	0.5063787107121432	8.7363932540125	0.48189628050973055	0.631154316797394	0.9991906372846477	-4.651648625998778	
NID2	-0.12798105010382155	-0.6567883183373862	0.40082621812974306	2.6142237692125	0.4814007897091607	0.631504864760539	0.9991906372846477	-4.651680980212518	
PROC	0.22009264882887783	-0.7057454107030914	1.145930708360847	6.4741378788	-0.47285616115687484	0.6375632074237363	0.9991906372846477	-4.652233739133859	
ANG	-0.13786742022801501	-0.7185681113045398	0.44283327084850976	8.71869225385	0.47224552481675863	0.6379971149034213	0.9991906372846477	-4.652272866547258	
LRIG1	0.12547889820626804	-0.4031196265492487	0.6540774229617847	2.5776183911625	-0.4721753323460602	0.638047000539788	0.9991906372846477	-4.652277361024664	
NOMO1	0.08170378503510148	-0.26544468022735423	0.42885225029755714	1.1960786288	-0.46815047833119716	0.6409102409897881	0.9991906372846477	-4.652533969167516	
SIGLEC7	0.11901659467710426	-0.3899779025950866	0.628011091949295	2.6058668788	-0.4651071089689113	0.6430788843766264	0.9991906372846477	-4.652726557756461	
IL-6RA	-0.15294719315158853	-0.8144842539765449	0.5085898676733678	6.772073628775	0.45988143382401847	0.6468098194892276	0.9991906372846477	-4.6530543439579	
CTSD	0.0819550180667223	-0.27485912456097594	0.4387691606944205	6.2883926288	-0.4568693625903821	0.6489644472523367	0.9991906372846477	-4.653241612833684	
DPP7	-0.09755796477718215	-0.5238845561380734	0.32876862658370914	1.6591129134625	0.45517547550812854	0.6501774540271961	0.9991906372846477	-4.653346390998199	
CD2AP	0.15150106226676888	-0.5144580254397177	0.8174601499732554	3.2495379685	-0.4525084286916644	0.6520892620508507	0.9991906372846477	-4.6535105840670035	
PLC	0.12499829874695294	-0.42632740912547445	0.6763240066193803	8.6583067538375	-0.45097701037101834	0.6531880763835674	0.9991906372846477	-4.653604431664617	
CTSH	0.09526070805659545	-0.32836934884114344	0.5188907649543344	1.0004710785375	-0.4472862872615508	0.6558393678889728	0.9991906372846477	-4.653829309305995	
KYAT1	0.14194551005552125	-0.50089628177483	0.7847873018858725	7.9589082538	-0.4392139258568668	0.6616536567377984	0.9991906372846477	-4.654314778689375	
PRCP	0.15732330628412286	-0.557095572150171	0.8717421847184167	4.6449267538	-0.4380247873745748	0.6625119283845335	0.9991906372846477	-4.654385552528538	
COL18A1	-0.12173662916975495	-0.6791805490693695	0.4357072907298597	7.9126445038	0.43438881488161907	0.665139021878248	0.9991906372846477	-4.654600774289138	
PILRB	-0.1174983549792874	-0.6586068217153664	0.42361011175679164	4.7521235038	0.4319226726052177	0.6669232681340009	0.9991906372846477	-4.654745738683688	
CSTB	0.07928196149080473	-0.2903191096248029	0.4488830326064124	9.701760628925	-0.4266774687573783	0.6707245310741732	0.9991906372846477	-4.655051339824696	
CLUL1	0.054419572809099606	-0.20322377504904443	0.3120629206672436	0.517745664725	-0.42014068506180213	0.675473846410036	0.9991906372846477	-4.655427008564251	
ALDH1A1	0.14665844042902743	-0.549271011475278	0.8425878923333329	2.302594442	-0.41917984316714546	0.6761730643457949	0.9991906372846477	-4.655481743120756	
ACAN	0.10267392175878468	-0.39362335949993454	0.598971203017504	6.1440945038	-0.41150659463697137	0.6817671562173899	0.9991906372846477	-4.655914389788327	
CD209	0.1024874970906551	-0.39434135427870776	0.599316348460018	3.0986023788	-0.41031994141125316	0.6826338741869757	0.9991906372846477	-4.655980589628313	
CPA1	-0.07419721332577423	-0.43486257599688477	0.2864681493453363	1.4277365038	0.4092057272126815	0.6834480716484428	0.9991906372846477	-4.656042575605077	
PCOLCE	-0.12318492819140922	-0.7223595426480874	0.47598968626526894	9.89802987875	0.4089429394791264	0.6836401550399209	0.9991906372846477	-4.6560571706366645	
PRSS2	-0.17223213555885913	-1.0196617227306484	0.67519745161293	4.4972611288	0.4042677603292184	0.6870609289535967	0.9991906372846477	-4.656315271067812	
TNC	-0.11273140669804121	-0.6694540149452928	0.4439912015492104	8.7469371288375	0.4027769537163515	0.6881531123047473	0.9991906372846477	-4.656396953902284	
CCL18	-0.14424644964876765	-0.861940992268348	0.5734480929708127	10.907452878875	0.3997827338970574	0.6903487146789431	0.9991906372846477	-4.656560105213953	
FETUB	-0.07800581432068172	-0.4710762675444172	0.3150646389030538	1.0743533435	0.39474362064006696	0.6940497859655107	0.9991906372846477	-4.656831951461347	
ICAM1	-0.14228780605208727	-0.867036951002381	0.5824613388982065	8.268361253775	0.3905157157550233	0.6971607967298556	0.9991906372846477	-4.6570573935976345	
TNF-R1	-0.10175077887296004	-0.6280531218277272	0.42455156408180716	4.2215223788	0.38455723251909324	0.7015540216502804	0.9991906372846477	-4.657371020959283	
UMOD	-0.06817216881605812	-0.4259325292821008	0.2895881916499846	0.5967360025125	0.3790298696435782	0.7056384854305251	0.9991906372846477	-4.6576576732957395	
TINAGL1	0.09484767728998204	-0.4034050578667677	0.5931004124467318	5.6083708788	-0.37864790068614546	0.7059210636466389	0.9991906372846477	-4.657677330132186	
XG	0.1308099462458855	-0.5590369032545356	0.8206567957463066	4.0755286288	-0.37717823747206486	0.7070086959910028	0.9991906372846477	-4.657752778108732	
TCN2	-0.1538242270942849	-0.9674771843950549	0.6598287302064851	6.7954186287625	0.376048689151826	0.7078450386662756	0.9991906372846477	-4.657810567500464	
CNTN1	0.07651620578288787	-0.33007959132780346	0.4831120028935792	1.0853633435	-0.3743252179719108	0.7091218265116963	0.9991906372846477	-4.657898411018653	
REG1A	-0.16598485411808012	-1.0496733054934915	0.7177035972573313	5.9564708787875	0.37361803027548623	0.7096459688124743	0.9991906372846477	-4.657934339613931	
MATN2	0.1674399589199204	-0.7316807909735215	1.0665607088133622	8.3535305039	-0.37042444012778386	0.7120146836170756	0.9991906372846477	-4.65809574871841	
FAP	-0.09358006618593304	-0.6042021750062698	0.4170420426344037	3.5379006288	0.3645375562981246	0.7163884477518137	0.9991906372846477	-4.658389672209094	
CD300LG	-0.04839216974699273	-0.313596985832244	0.21681264633825853	0.9206019025875	0.36295454001574395	0.7175662029839838	0.9991906372846477	-4.658467911415886	
MBL2	-0.16167381424778354	-1.0481573820356005	0.7248097535400335	10.7001293790875	0.3627668044883073	0.7177059225820618	0.9991906372846477	-4.658477167631198	
OSMR	-0.09354832502589559	-0.6099066313484751	0.4228099812966839	1.5861685407875	0.3603656547035077	0.7194937919618511	0.9991906372846477	-4.658595135399814	
GDF-15	-0.08800839174693431	-0.580276313333784	0.4042595298399155	8.410963878825	0.3556158369319045	0.7230350515570049	0.9991906372846477	-4.658826198268259	
PCSK9	-0.07233541686398814	-0.4774693657131311	0.3327985319851548	1.8984302538	0.35514924543742615	0.7233832495640413	0.9991906372846477	-4.658848731972984	
NADK	0.15336183034922612	-0.7160482080443186	1.0227718687427707	4.2213263435	-0.35087399167101657	0.7265764019110278	0.9991906372846477	-4.659053832605183	
ST6GAL1	-0.13809071454230867	-0.9243359215221746	0.6481544924375572	4.4132828788	0.3493534292764777	0.7277132681961107	0.9991906372846477	-4.6591261844258955	
TR	0.0966424584037747	-0.4580884697677944	0.6513733865753438	2.5071218942124998	-0.34653262937576407	0.7298238872717986	0.9991906372846477	-4.659259576907087	
PILRA	-0.07965359798069006	-0.5415309206486254	0.38222372468724525	5.8335247538	0.34303410693803466	0.7324444980272363	0.9991906372846477	-4.659423523854311	
GLRX	0.07111071185816768	-0.3428455182019294	0.48506694191826477	1.1499029922125	-0.34169541228065603	0.7334481064282656	0.9991906372846477	-4.659485819724296	
PAM	0.140944738275194	-0.6818207719640643	0.9637102485144524	5.4629146288	-0.34074644552181993	0.734159820207541	0.9991906372846477	-4.659529832929128	
SPP1	0.06362802063692098	-0.3078841450906248	0.4351401863644667	5.7476075038	-0.3406700216291031	0.7342171473473733	0.9991906372846477	-4.659533372181592	
EFEMP1	0.1312820624531224	-0.6403669510071857	0.9029310759134306	8.6737883789375	-0.3384107343890779	0.7359125655447749	0.9991906372846477	-4.6596376448307755	
AHCY	0.07547892438727351	-0.37154655522037766	0.5225044039949247	1.5629084641375	-0.33585511709743265	0.7378319356183327	0.9991906372846477	-4.6597547619750355	
NECTIN2	0.09415837760649683	-0.4648053376338659	0.6531220928468595	3.3995876288	-0.33506872626318596	0.7384228820446441	0.9991906372846477	-4.659790622462248	
MMP-3	-0.1558146096771247	-1.0841970503281686	0.7725678309739191	4.3286566288	0.3338411004047155	0.739345716378291	0.9991906372846477	-4.659846436665272	
CD59	-0.08720929209674474	-0.6127580134289636	0.4383394292354741	6.5070716288	0.3300717245049258	0.7421816261111991	0.9991906372846477	-4.660016538075249	
SCGB3A2	-0.07688920596791128	-0.546076685197149	0.39229827326132644	1.0058766614625	0.3259699056588369	0.7452717044088011	0.9991906372846477	-4.660199457877591	
MET	-0.06990899746366257	-0.5056311412944123	0.3658131463670872	1.3948895384625	0.3191405485238288	0.750425804189671	0.9991906372846477	-4.660498961113652	
SNAP29	-0.0918648545896557	-0.6672561437196208	0.48352643454030947	6.3435073788	0.3175737913760263	0.7516098431621729	0.9991906372846477	-4.660566781522286	
TPP1	-0.10300360868660718	-0.7501619224685567	0.5441547050953424	4.8315490038	0.3165923746223921	0.752351828835779	0.9991906372846477	-4.660609094984146	
FCN2	-0.09691652510263965	-0.7114647217147638	0.5176316715094846	8.8518305038625	0.3136898239847864	0.7545476210661293	0.9991906372846477	-4.660733474505694	
CRTAC1	0.07571490867581386	-0.4056270633732402	0.5570568807248679	1.6565373435	-0.31288606017373083	0.7551560301034987	0.9991906372846477	-4.660767715596384	
IGFBP3	-0.09785034756422388	-0.7202295351478634	0.5245288400194157	8.031779878825	0.31272734373215255	0.7552761888189551	0.9991906372846477	-4.660774466725017	
PPP1R2	0.09189013769177161	-0.5045069547815048	0.6882872301650479	4.6306350038	-0.30647279532728655	0.760016062804953	0.9991906372846477	-4.661037793417809	
CA3	-0.10010001424492099	-0.7550014779136129	0.554801449423771	4.6045583788	0.30403019847539475	0.7618696376540206	0.9991906372846477	-4.661139192437026	
APEX1	0.06999675501311743	-0.3974083295124921	0.537401839538727	7.6444238788	-0.29788114830575374	0.7665420110300885	0.9991906372846477	-4.661390879082228	
BAG6	0.0857203417108781	-0.48834766363666066	0.6597883470584168	1.6959404088625	-0.29701548739303296	0.7672004851311838	0.9991906372846477	-4.6614259001662575	
B4GALT1	-0.04949987281534906	-0.38570123016234253	0.2867014845316444	1.0095956288	0.29286209538478364	0.7703621797048507	0.9991906372846477	-4.661592517280064	
CXCL16	-0.08812837368268113	-0.6881337402082259	0.5118769928428637	7.0768970038	0.2921589302983749	0.7708978378968473	0.9991906372846477	-4.66162049405102	
CD46	-0.08728859945220993	-0.6887661585382879	0.5141889596338681	8.0134061288	0.2886666694367704	0.7735598216563664	0.9991906372846477	-4.661758447700796	
ACP6	-0.07155308256052988	-0.5707858134608006	0.42767964833974087	1.1730827846875	0.2850912196983312	0.776288028530463	0.9991906372846477	-4.661897975295783	
REG4	-0.09112111195833231	-0.7272373795147942	0.5449951555981296	4.4465425038	0.2849318865504416	0.7764096716218007	0.9991906372846477	-4.66190415275456	
MCP-1	-0.09833037830120887	-0.8006889219398685	0.6040281653374509	9.7112018787375	0.27847575184378265	0.7813432811780497	0.9991906372846477	-4.6621515670806195	
CA2	0.09928939283026364	-0.6137374457129896	0.8123162313735168	5.7559826288	-0.276984535635082	0.7824841128631062	0.9991906372846477	-4.662207910739208	
TNFSF13B	-0.0834863465726749	-0.6853009211881045	0.5183282280427548	3.8522350038	0.27593786518192587	0.7832851365416098	0.9991906372846477	-4.66224727775174	
IGFBP-7	0.04838734303536982	-0.3017725907264487	0.39854727679718827	11.671265129	-0.27486780153138024	0.7841043050499562	0.9991906372846477	-4.662287371074002	
HTRA2	0.11444782656417293	-0.7251109257130824	0.9540065788414284	5.1212803788	-0.271153366580976	0.7869497111091261	0.9991906372846477	-4.66242533930579	
PECAM-1	-0.07431163521081745	-0.6199165465422144	0.47129327612057953	5.1585025038	0.27091752021288207	0.7871304771611983	0.9991906372846477	-4.662434036370535	
PTPRS	-0.06613111787318489	-0.5536973548039597	0.42143511905758985	3.3394987538	0.26979306682722004	0.787992482533159	0.9991906372846477	-4.6624753979736875	
CANT1	-0.04566161300755599	-0.38476794731270403	0.293444721297592	1.0432261288	0.2678390473109782	0.7894910614029721	0.9991906372846477	-4.662546866242392	
CTSF	0.075960648967093	-0.496953404638107	0.648874702572293	1.750118116875	-0.26372890743834293	0.7926457974378954	0.9991906372846477	-4.662695504433745	
Gal-4	0.0701270923750681	-0.4598280532860971	0.6000822380362333	2.2048202538	-0.26321174469517944	0.7930429915737909	0.9991906372846477	-4.662714044701286	
TGFBI	-0.09285969795771015	-0.7980062512415063	0.6122868553260861	10.23576062865	0.2619427749864019	0.7940178240603976	0.9991906372846477	-4.662759383501825	
NPDC1	-0.038756732513473446	-0.34110529001909	0.2635918249921431	0.878149255875	0.25497511682829366	0.7993762345690938	0.9991906372846477	-4.663004437042802	
AP-N	-0.061462022679816104	-0.5423112836398004	0.41938723828016816	3.7238582538	0.2542473531781801	0.7999364742294626	0.9991906372846477	-4.663029652681358	
CDHR5	0.04271566219763098	-0.29412326951533685	0.37955459391059887	0.73077375035	-0.2522454881433049	0.8014780697515616	0.9991906372846477	-4.66309864280815	
CD58	0.047104795897603975	-0.3264872946262616	0.4206968864214695	2.1021033788	-0.25079911411537376	0.8025923833069478	0.9991906372846477	-4.663148150705445	
AOC3	0.060349787685635994	-0.42485404094704216	0.5455536163183141	5.6758895038	-0.24740591138720952	0.8052081709392649	0.9991906372846477	-4.663263182299226	
LGMN	0.11246545808171589	-0.7958137388316372	1.020744654995069	4.764195175475	-0.24629655312446885	0.8060638479774711	0.9991906372846477	-4.663300451262639	
SERPINA5	-0.07828988176734143	-0.7182994575123305	0.5617196939776476	8.7790042538	0.24331994526283995	0.8083609492519687	0.9991906372846477	-4.663399625231145	
PAMR1	0.14140349934678437	-1.040880591108849	1.3236875898024176	6.6597301288375	-0.23790132260077526	0.8125469044177006	0.9991906372846477	-4.663577074278038	
RNASE3	-0.0369569554473231	-0.3523493160556257	0.27843540516097953	8.6239682538	0.23307922291149427	0.8162766341112044	0.9991906372846477	-4.663731636380227	
IGFBPL1	0.08150502755239504	-0.622004285935717	0.7850143410405072	3.1199981288	-0.2304480789277982	0.8183135284888768	0.9991906372846477	-4.663814640740723	
JAM-A	0.05610180875833914	-0.45941929332324016	0.5716229108399185	4.9043483788	-0.21646563563924867	0.8291586453261451	0.9991906372846477	-4.664239969093736	
TNXB	0.06085943797360827	-0.5186442706946529	0.6403631466418694	5.5681058788	-0.20889606659539564	0.8350437885134155	0.9991906372846477	-4.664459145369671	
CFHR5	-0.0640003171585697	-0.6743051319422774	0.546304497625138	9.760520003725	0.20859018763714635	0.8352818016855363	0.9991906372846477	-4.664467838420068	
PPIB	0.03492854035226551	-0.3016034061921746	0.3714604868967056	6.3199716288	-0.206448952809721	0.8369483867609948	0.9991906372846477	-4.664528336104302	
CTSZ	0.042355698170722295	-0.3736083505360023	0.4583197468774469	6.0733576288	-0.20254176627521991	0.8399913790623301	0.9991906372846477	-4.664637122650053	
CTSO	0.061819269170101346	-0.5477929370117416	0.6714314753519444	2.0961842538	-0.20171061664659085	0.8406390103108625	0.9991906372846477	-4.664659996479241	
FBP1	-0.07058547200757463	-0.7678927404107073	0.6267217963955581	2.49662878005	0.20134909219377295	0.8409207442354716	0.9991906372846477	-4.664669916589438	
CLEC5A	-0.05947443065945979	-0.6481787161209709	0.5292298548020513	6.0620568788	0.2009516797564839	0.8412304693969774	0.9991906372846477	-4.6646808009582745	
PON3	0.033325909815554645	-0.3021554961834519	0.3688073158145612	0.8554283788	-0.1975932502300978	0.843848871019822	0.9991906372846477	-4.664771924754476	
MCFD2	-0.040745516080176944	-0.4537846750553215	0.3722936428949676	3.0194550038	0.19622174789128005	0.8449186709419761	0.9991906372846477	-4.664808696673131	
TXNDC5	0.06823332709825915	-0.6261672479239588	0.7626339021204771	3.6015861288	-0.195454206335803	0.8455174963294109	0.9991906372846477	-4.664829163966576	
FAS	0.049752068729060434	-0.46420396990498036	0.5637081073631013	5.8619976288	-0.19255008534411117	0.8477840713168012	0.9991906372846477	-4.664905880653979	
EGFR	-0.0412351791065848	-0.47166858661148486	0.38919822839831525	1.213199473725	0.1905550483302299	0.8493418791945082	0.9991906372846477	-4.664957918199963	
ANGPTL3	-0.04247018644072251	-0.4871410683559051	0.40220069547446013	2.0859008788	0.1899783102431322	0.8497923322038551	0.9991906372846477	-4.664972860727639	
ADGRE2	0.037296344209384054	-0.3545128901806625	0.4291055785994306	3.3248366288	-0.18934338702075607	0.850288287617029	0.9991906372846477	-4.6649892584623345	
TGFBR3	-0.048885476519197855	-0.5633459097162817	0.46557495667788606	1.302184834775	0.18901071221983948	0.8505481728466269	0.9991906372846477	-4.664997828349541	
ITGB1	0.043554630613908525	-0.41913673039370153	0.5062459916215186	7.2071016288	-0.18724123149795988	0.8519307666123503	0.9991906372846477	-4.665043158298032	
IL7R	-0.042419217087732775	-0.49327496469043974	0.4084365305149742	1.491136526225	0.18714730735772128	0.8520041677620537	0.9991906372846477	-4.665045552516893	
MMP-2	0.07614558270797743	-0.7335371487830987	0.8858283141990536	5.5172393788	-0.18706320989576627	0.8520698905295003	0.9991906372846477	-4.665047695226322	
ST2	-0.043178653911248255	-0.5029577979912836	0.41660049016878703	0.901047648125	0.18680064715013373	0.852275091920257	0.9991906372846477	-4.665054378844389	
ENPP7	0.030416469074750707	-0.3030895855239635	0.3639225236734649	0.8186848788	-0.18141100081342962	0.8564895070359133	0.9991906372846477	-4.6651895030144	
NOV	0.033709359974395614	-0.34910909310678845	0.4165278130555797	8.825999253825	-0.1751524383407818	0.8613885937520922	0.9991906372846477	-4.665341455329761	
BLVRB	-0.04381048307307176	-0.5441098152493168	0.4564888491031732	2.6460142538	0.17418335987889533	0.8621476612080266	0.9991906372846477	-4.665364507432991	
GP1BA	-0.05067252601552785	-0.6315296702056916	0.5301846181746359	4.4794732538	0.17352488443024391	0.8626635110911509	0.9991906372846477	-4.665380098142484	
TYMP	-0.1015937071430185	-1.2756423750336061	1.0724549607475693	5.7062622537875	0.17212313700204604	0.8637618388194104	0.9991906372846477	-4.665413090902353	
ANGPT2	0.05189466541410676	-0.5759941068454209	0.6797834376736345	2.6351808788	-0.16439876239693008	0.8698189621982769	0.9991906372846477	-4.665590104481398	
SERPINB6	0.04573586392165472	-0.5086399242136352	0.6001116520569447	4.5377462538	-0.1641009809827797	0.8700526277889782	0.9991906372846477	-4.66559676603877	
SERPINB8	-0.05832075445399957	-0.7730371330737748	0.6563956241657757	3.9657571288	0.16231099634633092	0.8714574505151336	0.9991906372846477	-4.665636554934297	
PAI	0.04684103634134845	-0.5322379831363175	0.6259200558190143	8.2304153787625	-0.1608967269548407	0.8725676952361135	0.9991906372846477	-4.665667683956056	
COMT	0.04671237464128008	-0.5473712159550889	0.640795965237649	2.0203163357	-0.1564022272783479	0.8760977015413185	0.9991906372846477	-4.6657648044380915	
KLK10	-0.029365428219116616	-0.40404282962428045	0.34531197318604717	1.418150376275	0.15589686562061922	0.8764947739211881	0.9991906372846477	-4.665775552783464	
VASN	-0.043922311687759175	-0.6043570293519305	0.5165124059764121	2.6432998788	0.15589016018210933	0.876500042726276	0.9991906372846477	-4.6657756951653075	
MB	-0.04554589736328842	-0.6301096291929007	0.5390178344663239	1.5830307923375	0.1549801015269067	0.8772151738384395	0.9991906372846477	-4.665794962398189	
FAM3C	0.028899866862150975	-0.3484019938364046	0.4062017275607065	1.1453362619375	-0.15235806202112734	0.8792761613063194	0.9991906372846477	-4.665849844640259	
IL-1RT1	-0.0354363569519515	-0.5120360398668726	0.4411633259629696	2.5974675038	0.1478951265793324	0.882786046792684	0.9991906372846477	-4.665941107669012	
TNFRSF14	-0.03806121830030044	-0.5679083184563993	0.49178588185579847	4.2965593788	0.14288632567657314	0.8867280186708604	0.9991906372846477	-4.666040305192108	
IGF2R	-0.04243054254285126	-0.6552586841438993	0.5703975990581968	3.2888342538	0.13772044885676285	0.8907966010990536	0.9991906372846477	-4.666139036935645	
SIRPB1	-0.026880584012218833	-0.4195902477080854	0.36582907968364775	2.0126672538	0.13615251136807435	0.892032074365035	0.9991906372846477	-4.666168285309334	
FUCA1	0.059329507398638334	-0.8219210994677518	0.9405801142650284	8.0104091286875	-0.13391519504938504	0.8937954533166714	0.9991906372846477	-4.666209440909402	
TIMP1	-0.04370663132258372	-0.7210610714826101	0.6336478088374428	9.7470893788	0.12834823400497028	0.8981854499939816	0.9991906372846477	-4.666308888652618	
CNTN4	-0.030183836817171884	-0.523886268154546	0.4635185945202022	2.2075191288	0.12160956165905591	0.903503670552221	0.9991906372846477	-4.666423623531328	
ICAM3	-0.028970550637765095	-0.509746495010417	0.4518053937348868	3.2178878788	0.11985952851745854	0.9048855437784735	0.9991906372846477	-4.6664524089523765	
LAMA4	0.0456263279958521	-0.7190401969630301	0.8102928529547343	7.2471017538	-0.11868668082995477	0.9058118202875716	0.9991906372846477	-4.666471467172882	
CHL1	-0.024838878803977896	-0.45477053722667704	0.40509277961872125	1.2037025732125	0.11491880658154854	0.9087884399987032	0.9991906372846477	-4.666531426029222	
SOD1	-0.025321913625646914	-0.4719102358402059	0.4212664085889121	3.9816682538	0.11278405506806097	0.9104754748038411	0.9991906372846477	-4.666564538868383	
CD99L2	0.025192039443833247	-0.42592032404457963	0.47630440293224613	3.1375545038	-0.111080325212943	0.9118221805027316	0.9991906372846477	-4.666590520749207	
COLEC12	-0.027619089523315637	-0.5268651593980951	0.4716269803514638	2.2930207538	0.11004067552472403	0.9126440939549103	0.9991906372846477	-4.666606181222092	
CD97	0.022805083726500214	-0.4104848126048737	0.4560949800578741	5.4985161288	-0.10469155579076296	0.9168744201407888	0.9991906372846477	-4.66668442938858	
CLEC11A	0.05502288414668118	-1.0463421290621617	1.156387897355524	6.0555716442125	-0.09937350766142371	0.9210825509299565	0.9991906372846477	-4.66675836037339	
MMP-9	0.03531957296991857	-0.6862891399272014	0.7569282858670386	5.5452407538	-0.09735812931183387	0.9226778990552267	0.9991906372846477	-4.666785371557965	
PLXNB2	-0.025232692955480703	-0.5465340829054218	0.49606869699446043	4.8870487538	0.09627937555966279	0.9235319575294495	0.9991906372846477	-4.666799602301834	
LAIR1	0.026028391159214306	-0.5137662105778558	0.5658229928962843	9.6185450038125	-0.09591296848345154	0.9238220655866178	0.9991906372846477	-4.666804399825343	
SDC4	0.01995883126970246	-0.39465114163143816	0.43456880417084304	2.1992591288	-0.09575333461001961	0.9239484612243042	0.9991906372846477	-4.66680648426097	
SERPINA7	0.02841262839745707	-0.6169323592546175	0.6737576160495317	3.0669711288	-0.08757457025788574	0.9304268245244838	0.9991906372846477	-4.6669086349839635	
CD79B	-0.012513041527350605	-0.29673313003000973	0.2717070469753085	0.47525844395	0.08757228067076171	0.9304286387743985	0.9991906372846477	-4.666908662304673	
LTBP2	-0.0282382339436967	-0.6725912669823004	0.616114799094907	8.7118153788125	0.08717103440852503	0.930746588673268	0.9991906372846477	-4.666913439185935	
P4HB	0.02783136793075802	-0.6519754722230645	0.7076382080845806	4.7430910038	-0.0814343374710939	0.9352935869053748	0.9991906372846477	-4.666979337040885	
MEPE	-0.016557058094619145	-0.428347375627107	0.3952332594378687	0.9224179912125	0.07997708788547142	0.9364489747966115	0.9991906372846477	-4.666995362558801	
COL1A1	-0.017139369432716926	-0.4530101250653787	0.4187313861999448	4.5283847538	0.07821600921410814	0.9378454367939775	0.9991906372846477	-4.66701434327811	
ENO2	-0.03046452882260302	-0.8177197146148337	0.7567906569696278	3.112703551775	0.0769728346086635	0.9388313399289259	0.9991906372846477	-4.667027487694884	
PDGFRB	-0.017959446312404724	-0.4934811997303715	0.4575623071055621	2.8099847538	0.0751244142726986	0.9402974109680162	0.9991906372846477	-4.667046642296118	
GAS6	0.037049311444540156	-1.0489685315169157	1.1230671544059958	11.4756382538125	-0.06785810466170215	0.9460626197916283	0.9991906372846477	-4.667117429431189	
HDGF	0.019175908568988924	-0.5514497587564413	0.5898015758944191	3.5316937538	-0.06684411724990878	0.9468673697757812	0.9991906372846477	-4.667126735592623	
PEAR1	-0.012941961863417716	-0.42152944509345075	0.3956455213666153	2.7009996288	0.06300479492406262	0.9499149368962709	0.9991906372846477	-4.667160702754708	
PLTP	-0.02103106258027935	-0.7229846399742628	0.6809225148137041	2.6343977617625	0.05959521196301319	0.9526220136259564	0.9991906372846477	-4.667189184239473	
ITGA5	0.01398670165666054	-0.47579782808555426	0.5037712313988754	2.6792847538	-0.05680267555492506	0.9548395954698605	0.9991906372846477	-4.667211331420532	
CRKL	0.013422397152086185	-0.4731096306669966	0.499954424971169	2.0330292863625	-0.05487533633278733	0.9563703240530447	0.9991906372846477	-4.667225997127289	
FSTL3	-0.016237142836678466	-0.6115390092559236	0.5790647235825668	2.6204241288	0.05425389365278953	0.9568639205748237	0.9991906372846477	-4.6672306179650445	
RARRES2	-0.010817446329085061	-0.43356233550397294	0.41192744284580285	10.5425776289375	0.05089849348067597	0.9595293179006044	0.9991906372846477	-4.6672546584970265	
HAVCR2	-0.013648197335437501	-0.5509476086063193	0.5236512139354442	2.519604175475	0.050526297315342465	0.9598250047707373	0.9991906372846477	-4.667257230660382	
METRNL	-0.010070175462930823	-0.42234669403053937	0.40220634310467773	2.2897612538	0.0485855342398552	0.9613669114317658	0.9991906372846477	-4.667270337007982	
SPON1	-0.01734134267096452	-0.7320768571388799	0.6973941717969508	3.7801523788	0.048260954005549715	0.9616247999992762	0.9991906372846477	-4.667272478866131	
CASP-3	-0.013500347810505985	-0.5791950853341377	0.5521943897131256	8.3097571288375	0.04747023301574594	0.9622530682001779	0.9991906372846477	-4.667277636636381	
APP	0.013093398568096631	-0.5423681876368345	0.5685549847730278	5.6443308788	-0.04688748119108146	0.9627161095797435	0.9991906372846477	-4.667281383319619	
NRP1	0.012918588207135678	-0.5744671003732751	0.6003042767875464	3.5967917884625	-0.04374719769816906	0.9652115240236562	0.9991906372846477	-4.667300776580777	
SUMF2	0.01034294283779883	-0.5021009486434319	0.5227868343190295	5.7495983788	-0.040147300503335814	0.9680725941487314	0.9991906372846477	-4.667321355096429	
VCAM1	-0.013408661213382706	-0.7011550706269031	0.6743377482001377	5.5889846288	0.03878069884662625	0.9691588321191273	0.9991906372846477	-4.667328704727074	
Notch 3	0.012284434240286655	-0.6224391191472896	0.6470079876278629	3.3119811288	-0.038497195289903294	0.9693841811752469	0.9991906372846477	-4.667330197545222	
LTBR	-0.007600992535022422	-0.4462112919354774	0.43100930686543254	4.6704538788	0.03447069385026281	0.9725849947064141	0.9991906372846477	-4.6673502170948575	
vWF	-0.011334152675411227	-0.6883067466136177	0.6656384412627951	3.8314126288	0.03330247537685063	0.973513740856325	0.9991906372846477	-4.66735561193222	
SEMA7A	-0.005641337424597146	-0.42324795035109286	0.41196527550189854	2.5248253788	0.026870345735909597	0.9786279730628787	0.9991906372846477	-4.6673819845924776	
LILRB1	-0.009213240627416682	-0.7175157446141924	0.6990892633593591	5.8126927538	0.02587332129983178	0.9794207997965527	0.9991906372846477	-4.667385567842057	
AZU1	0.005069177533688012	-0.38625640489025403	0.39639475995763007	8.0158493788	-0.025766640960843662	0.9795056324826208	0.9991906372846477	-4.6673859432223965	
CA1	0.008105694893244695	-0.6764680174288361	0.6926794072153254	9.78298087885	-0.023552042645026295	0.9812667428888573	0.9991906372846477	-4.667393385540401	
FABP4	0.009222293411256428	-0.8053653622072511	0.823809949029764	4.0455137538	-0.022519547293467185	0.9820878443248954	0.9991906372846477	-4.667396626874926	
ANGPTL4	-0.005856756420843816	-0.643190777517387	0.6314772646756993	3.4244465038	0.01827883890141032	0.9854604997704492	0.9991906372846477	-4.667408416093709	
VCAN	0.002654946163653189	-0.35553019428451593	0.3608400866118223	4.8783505038	-0.014743707247073632	0.9882722115306473	0.9991906372846477	-4.667416370746023	
EPHB4	-0.003146311359151912	-0.510376925748907	0.5040843030306033	1.8368054685	0.012338284641017815	0.9901854818488461	0.9991906372846477	-4.667420809672364	
OPG	0.002873104191849949	-0.556561645657755	0.5623078540414549	11.0496982537875	-0.010215520062459236	0.9918739744066638	0.9991906372846477	-4.6674240720043025	
NUDT5	0.002892718206609406	-0.6689541870043494	0.6747396234175682	4.8335102538	-0.008564348925328737	0.993187377426201	0.9991906372846477	-4.667426184965556	
ITGB2	0.0019059832152090673	-0.5147183979276798	0.518530364358098	8.1514826287625	-0.007338422608531534	0.9941625372384468	0.9991906372846477	-4.667427513412838	
CCL21	-0.0019856671402677132	-0.7379333952055707	0.7339620609250352	4.3010965038	0.005366832299130248	0.9957308514726961	0.9991906372846477	-4.667429220310216	
ITGAM	-0.0012336423044885607	-0.6530540292879925	0.6505867446790154	4.8466151288	0.0037646088508504856	0.9970053631080844	0.9991906372846477	-4.6674302172523605	
CHI3L1	-0.0003545366940783939	-0.693463979222944	0.6927549058347873	7.4836867538	0.0010174613482959386	0.9991906372846477	0.9991906372846477	-4.667431112422553	
