	logFC	CI.L	CI.R	AveExpr	t	P.Value	adj.P.Val	B	
C1QBP	0.4026140728997298	0.10559373197694288	0.6996344138225167	6.596147441607843	-2.687100756074248	0.00835734814247596	0.8583545957930683	-3.849812393156622	
S10AA	0.27413275011939836	0.06012196410746429	0.48814353613133243	6.592420450088235	-2.5392558005405146	0.012544499919924592	0.8583545957930683	-3.940937680972677	
PEPD	0.3675474747783715	0.07397743956086011	0.6611175099958829	6.432614637117647	-2.4818921799607168	0.01462186388674719	0.8583545957930683	-3.975184204970372	
HMCN1	-0.37081056570674276	-0.6724093110375067	-0.06921182037597884	6.4869969463823525	2.437270668814808	0.01644499566020893	0.8583545957930683	-4.001385002400584	
FRIH	0.5939852613615618	0.09492311020549582	1.093047412517628	5.6831138113039215	-2.3594035414893892	0.02011569602043306	0.8583545957930683	-4.0461735890863135	
COEA1	-0.5448201469955625	-1.0102179334766386	-0.07942236051448626	6.342024654754902	2.3206520989332815	0.022199479500167915	0.8583545957930683	-4.068014992883942	
CO2	-0.352847378085243	-0.6579038753583716	-0.04779088081211447	6.521412305117647	2.2929142199397003	0.023805735923985914	0.8583545957930683	-4.083463819748261	
SFRP2	0.4436461849387342	0.056410443430353285	0.8308819264471151	6.3937939710784315	-2.2711326880062566	0.025137855815331185	0.8583545957930683	-4.095486247213402	
FRIL	0.644965111390763	0.05099257865933282	1.238937644122193	5.470995523186274	-2.1525391185150444	0.0335991253457734	0.8583545957930683	-4.159240810387304	
LBP	-0.5702910733401442	-1.1147525369628577	-0.025829609717430646	6.228462292784314	2.0763980852008053	0.04024978559353449	0.8583545957930683	-4.198631137558788	
CD59	0.3030182109458331	0.01213368962844541	0.5939027322632208	6.601133307098039	-2.065044002079769	0.0413327441078731	0.8583545957930683	-4.204400105046701	
COCA1	-0.4410477464804906	-0.8674393028010137	-0.014656190159967608	6.349456772058823	2.0504925880909304	0.04275717555708157	0.8583545957930683	-4.211753538899021	
ADIPO	0.2980711887316015	-0.0015046840565771102	0.5976470615197801	6.594396994215686	-1.9723971149713606	0.05114115619334268	0.8583545957930683	-4.250443497042233	
CATS	0.3423260396413991	-0.002464334315199601	0.6871164135979979	6.268576437529412	-1.968185353511321	0.05163048352330582	0.8583545957930683	-4.252492709218491	
TRYB2	0.5612953622429084	-0.0046831346199578405	1.1272738591057747	5.92704495927451	-1.965951115827632	0.05189166879201618	0.8583545957930683	-4.253578205290959	
A2MG	0.3349039801134456	-0.003946556193876294	0.6737545164207674	6.36591756367647	-1.95926564715978	0.052679912905175805	0.8583545957930683	-4.2568198443524	
CD44	0.27184617826974733	-0.006974585298460623	0.5506669418379553	6.478751273333334	-1.9327661548947423	0.05590486581589162	0.8583545957930683	-4.269573225174088	
FBLN3	-0.3987999979454982	-0.8095786207613656	0.011978624870369159	6.404534367215686	1.9245469270905053	0.05693840975339543	0.8583545957930683	-4.2734977612309475	
MMP2	-0.2753748970423332	-0.5603989324711571	0.009649138386490785	6.587729193205883	1.915243757426933	0.05812765914796682	0.8583545957930683	-4.277922030657797	
CYTB	0.2956957011203827	-0.012721651992152916	0.6041130542329183	6.3854928025	-1.9005854376430573	0.060043904401911194	0.8583545957930683	-4.284854530187595	
CATB	0.3133777205819595	-0.01637122070219149	0.6431266618661104	6.257300251147059	-1.8839349357253443	0.06228474179313059	0.8583545957930683	-4.2926719263441715	
GELS	-0.29033188507834734	-0.5961604394972861	0.015496669340591462	6.429150684431373	1.8819058587202322	0.06256255212147617	0.8583545957930683	-4.293620402411955	
SULF1	0.22291265854908754	-0.013037540535696751	0.4588628576338718	6.627074674480392	-1.8728180037447208	0.0638195931424008	0.8583545957930683	-4.297857303754063	
OSTP	0.646793966678734	-0.051530945600762434	1.3451188789582305	5.230219045254902	-1.836071616402959	0.06912002544697687	0.8583545957930683	-4.314802696046792	
S10AB	0.229005911014779	-0.01954746710839153	0.47755928913794954	6.553648660833334	-1.8264517952909394	0.07056666951254154	0.8583545957930683	-4.319189301348935	
DCD	0.33196494860289416	-0.0342385144655728	0.6981684116713611	6.446211558352942	-1.7970119921326342	0.07515110479359152	0.8583545957930683	-4.3324854849222385	
S10AC	0.5417145085478731	-0.05921065467057163	1.1426396717663176	4.91995223822549	-1.7870276387778474	0.07676082896080229	0.8583545957930683	-4.3369507780904035	
KV315	0.3575762108503652	-0.044694647653558406	0.7598470693542887	6.4219811615686275	-1.762102786298163	0.08090401890855016	0.8583545957930683	-4.348000177070505	
IPSP	-0.3022572847059945	-0.6425391076833684	0.03802453827137936	6.377532770137255	1.7608372545231321	0.08111920434461775	0.8583545957930683	-4.348557467649075	
RNAS1	0.3072390850956466	-0.03925118441419356	0.6537293546054868	6.150190385058823	-1.7577884749583432	0.08163954041884942	0.8583545957930683	-4.349898547685481	
CATZ	0.24476782299940328	-0.03417440615617143	0.523710052154978	6.312722019078431	-1.7394872517497595	0.08482101390989116	0.8583545957930683	-4.357904676260083	
MGP	0.5399784904128023	-0.07958710992752682	1.1595440907531316	5.823055666009804	-1.7277080466993873	0.08692198438410818	0.8583545957930683	-4.363017578023221	
CATL1	0.2367486791817358	-0.039351043023819865	0.5128484013872915	6.389171546215686	-1.6998194229223784	0.09206638152908471	0.8816053503997203	-4.374997409593088	
IGHD	0.36479156513677374	-0.06650549559002988	0.7960886258635773	6.260579201009804	-1.6766772887295947	0.09652116359746066	0.8970790499058109	-4.384803832042561	
B2MG	0.3308526466155753	-0.06406166262119478	0.7257669558523454	6.079921293568628	-1.6607831703176035	0.09968084013519254	0.8999755852205955	-4.3914679917644	
NPC2	0.28762253256965753	-0.059023813255345836	0.6342688783946608	6.2730158246666665	-1.6448165677958189	0.10293864197554854	0.9035725240075928	-4.39810420587429	
ITIH1	-0.19953698823182703	-0.44807852865986303	0.04900455219620897	6.474937807235294	1.5914962490369509	0.11444427871899768	0.9388838892696398	-4.419840140121646	
ITB2	0.30205407572680393	-0.08541380878591659	0.6895219602395244	6.0096562819803925	-1.5453618293388716	0.12520751352335194	0.9388838892696398	-4.438114853443234	
HTRA1	-0.22745352823085427	-0.520391701988491	0.06548464552678254	6.623640242931373	1.5392100859693418	0.1267013099382312	0.9388838892696398	-4.4405141803292425	
SPP24	0.4220097924320094	-0.12857386897662437	0.9725934538406432	5.785460657784314	-1.5194289656623556	0.13160015586041965	0.9388838892696398	-4.448169270414439	
FBLN4	-0.22919742957733502	-0.5296884797566437	0.07129362060197364	6.492947484480392	1.5120264680075606	0.13347123430493713	0.9388838892696398	-4.451010377301308	
CAPG	0.28942797249228974	-0.09031045010404343	0.6691663950886229	6.2041938738431375	-1.510904979671394	0.13375651722913906	0.9388838892696398	-4.451439686842841	
HGF	0.22402720330796735	-0.07031592294019531	0.51837032955613	6.529774355705882	-1.5087874096376723	0.13429648637870964	0.9388838892696398	-4.452249494403424	
FA10	0.3676220971026651	-0.11564646725211614	0.8508906614574463	5.943726525490196	-1.5079753915023115	0.13450399952867945	0.9388838892696398	-4.452559749438567	
PROZ	0.3743070013013883	-0.12238481109772081	0.8709988137004974	5.930691913019608	-1.4939021139547897	0.1381405276228949	0.9388838892696398	-4.457912227138192	
THIO	0.20449308573280134	-0.06910486903406288	0.47809104049966555	6.584668651901961	-1.4816546013239724	0.14136740963677866	0.9388838892696398	-4.462532367607963	
ICAL	0.17207633270198427	-0.060006303968097086	0.40415896937206564	6.5204439414215685	-1.4698048776266417	0.1445451018182745	0.9388838892696398	-4.4669687748685005	
APOD	0.27399478439384456	-0.10021454151958026	0.6482041103072693	6.310874006921568	-1.451472732640687	0.14957016367552883	0.9388838892696398	-4.473766743257756	
ALBU	0.23847456889162097	-0.09797523287944379	0.5749243706626858	6.317505537137255	-1.4050862630889052	0.1628885317213468	0.9388838892696398	-4.490611801405051	
HDGF	0.1905285923290426	-0.07895613944065208	0.4600133240987373	6.488568972931373	-1.4015454529725508	0.16394129309946143	0.9388838892696398	-4.491876595911378	
IGHA2	0.28772086690538184	-0.12122823914987318	0.6966699729606369	6.33435682827451	-1.394707991260266	0.16598892391686673	0.9388838892696398	-4.494310503911461	
TSP2	-0.2807826359674863	-0.6799146911439542	0.11834941920898151	6.392819520901961	1.3945523787658587	0.16603575156785516	0.9388838892696398	-4.494365766863863	
CATD	0.21193943951679314	-0.092873120282113	0.5167519993156993	6.362006095098039	-1.3783519203680645	0.1709661965970393	0.9388838892696398	-4.500087401997934	
MIF	-0.30987253979367774	-0.7604173474329329	0.1406722678455774	6.417183422441177	1.3634094350625217	0.17561164006461288	0.9388838892696398	-4.505309062190086	
GANAB	0.1570244184530764	-0.07544047852367661	0.38948931542982945	6.364533171784314	-1.3390321478019953	0.1833942476567396	0.9388838892696398	-4.513712729657494	
SOST	-0.4068892651491924	-1.0174428493476837	0.20366431904929888	6.201091135323529	1.3210937542927912	0.18928468404488913	0.9388838892696398	-4.519805398069196	
VINC	-0.2667674062598662	-0.6685702625100078	0.13503544999027534	6.451686363205883	1.3161365164924341	0.19093717127216853	0.9388838892696398	-4.521475414974707	
GRN	0.22590347722072474	-0.11594244598564124	0.5677494004270907	6.255268658392157	-1.3100072621262795	0.19299520577665055	0.9388838892696398	-4.5235320659796034	
APOA1	0.24281160291826934	-0.13011257573952814	0.6157357815760668	6.356235410196079	-1.2907141950182068	0.19958113755670467	0.9388838892696398	-4.529946524432847	
AEBP1	-0.22932454874675015	-0.5883571986238754	0.12970810113037504	6.384973447480392	1.266186840135392	0.20819233573770518	0.9388838892696398	-4.537971101476715	
A4	0.20685931034092717	-0.12050153005338268	0.534220150735237	6.341889302107843	-1.2526494088575957	0.21306059581503353	0.9388838892696398	-4.542337572195301	
VTNC	0.23960419671932998	-0.14355908082885876	0.6227674742675187	6.243784802617647	-1.2396290163056236	0.2178210480007016	0.9388838892696398	-4.546495209678188	
HV330	0.2140748143956637	-0.12884354595580258	0.55699317474713	6.5371515470980395	-1.2375308381332546	0.21859537250663977	0.9388838892696398	-4.547161331160611	
MMP12	0.3882663537384191	-0.2346913738399804	1.0112240813168185	5.787011902941177	-1.2355273742880124	0.21933661275667368	0.9388838892696398	-4.547796381624611	
HV309	0.18540236704974003	-0.11303676234101803	0.4838414964404981	6.365461718686275	-1.231517825656992	0.2208255550838548	0.9388838892696398	-4.549064374095285	
S10AD	0.19120857789451293	-0.11972114973463907	0.5021383055236649	6.515417378107843	-1.2190634694011064	0.22549730437141163	0.9388838892696398	-4.55297796308598	
S10A9	0.36893038851366816	-0.23339483094570984	0.9712556079730461	4.989747908794118	-1.2142121490238396	0.22733631594113243	0.9388838892696398	-4.554492163923065	
FETUA	0.38824209668400733	-0.247667574260664	1.0241517676286787	5.588406021735294	-1.2102870494756324	0.2288321363096091	0.9388838892696398	-4.555713061437316	
HV307	0.1997156249528587	-0.13180689763650447	0.5312381475422219	6.493149524705882	-1.1942086089105155	0.23503363389254248	0.9388838892696398	-4.560674895771568	
LV319	0.23886220505783834	-0.15965407897562545	0.6373784890913021	6.370728645294117	-1.1881808742312188	0.23738937004612307	0.9388838892696398	-4.562518747409863	
PROC	0.3311586302121509	-0.2239036157609689	0.8862208761852708	5.842397793843137	-1.18270268071821	0.23954496694217645	0.9388838892696398	-4.564186770232153	
FCN3	0.26819853237080093	-0.1944575092642843	0.7308545740058862	6.331492098205882	-1.1491569592567625	0.25305020932165817	0.9388838892696398	-4.5742401465727145	
DERM	0.17019754507760673	-0.1245906706631976	0.46498576081841103	6.656522588421569	-1.1445225805387864	0.2549574549072831	0.9388838892696398	-4.575607266053718	
APOC3	0.2683490516295162	-0.1969153927301267	0.7336134959891591	6.170497180833333	-1.1433557815936912	0.2554392359547124	0.9388838892696398	-4.575950632264399	
A1AG1	0.3010197254594223	-0.22271674318340678	0.8247561941022514	5.790195158803922	-1.1393662008442096	0.2570914139742464	0.9388838892696398	-4.577122152937729	
S10A8	0.3518460841451984	-0.2611717122612664	0.9648638805516632	4.887813278019608	-1.1377866443871005	0.2577476188262483	0.9388838892696398	-4.577584897502621	
LEG1	0.17141609788728865	-0.1276534310096392	0.47048562678421646	6.643884081539215	-1.1362152927292426	0.2584015831319238	0.9388838892696398	-4.578044627902442	
A1AG2	0.26167915830513827	-0.19537133083125818	0.7187296474415348	6.245832501617647	-1.1349746157822247	0.25891875078277127	0.9388838892696398	-4.578407182538029	
FMOD	-0.21645522049741986	-0.5972710252762095	0.16436058428136976	6.621255343745098	1.1267674499370468	0.2623581692532979	0.9388838892696398	-4.580795940667317	
KV401	0.204553309286629	-0.15569322801111382	0.5647998465843718	6.532518694529411	-1.1256098560513532	0.26284585132157134	0.9388838892696398	-4.581131529206704	
COMP	0.16622826992517417	-0.12800883856917641	0.46046537841952473	6.378154760509804	-1.1199242099334972	0.2652503659981755	0.9388838892696398	-4.582775003348103	
ANT3	0.1500172180577801	-0.11876340307398478	0.41879783918954494	6.482310126862745	-1.106431028827335	0.27101813490606774	0.9388838892696398	-4.586643316352496	
PLMN	0.21305290627477322	-0.17007005475041567	0.5961758672999621	6.09317525440196	-1.1023778402765672	0.2727675998283345	0.9388838892696398	-4.587796514231937	
HV439	0.2038886963596152	-0.16476064552620895	0.5725380382454394	6.450506278735294	-1.096379428990516	0.2753710248174343	0.9388838892696398	-4.589495695499162	
IGJ	0.2368289083079362	-0.1925052096969457	0.6661630263128181	6.36201848382353	-1.0935043205333208	0.27662495409795457	0.9388838892696398	-4.590306973126047	
FBLN5	-0.25771406598894736	-0.7337535716469954	0.21832543966910073	6.253397574578432	1.0731892646762602	0.28559745257862035	0.9388838892696398	-4.595980921872441	
CBPA3	0.37015575346062335	-0.31709344169018194	1.0574049486114285	5.712445588921569	-1.067705442662494	0.2880533002004335	0.9388838892696398	-4.597494982471838	
PROS	0.18594056045444388	-0.16012736520396378	0.5320084861128516	6.194817814568627	-1.0651088130127142	0.28922118570970295	0.9388838892696398	-4.598209294553579	
HEMO	0.19045584270180382	-0.16492455981599236	0.5458362452196	6.311503859686274	-1.062385213912416	0.2904496495251182	0.9388838892696398	-4.5989567340891115	
IBP5	0.20972197457965766	-0.1829196917133372	0.6023636408726525	6.410741558323529	-1.0588361158461648	0.2920557853831457	0.9388838892696398	-4.599927948370054	
HDGR2	0.13452674059999778	-0.12000297397341655	0.38905645517341214	6.488883155627451	-1.0477346859827963	0.2971187198369942	0.9388838892696398	-4.60294563444676	
MANF	0.12481361790669097	-0.11206792500822245	0.3616951608216044	6.556134928519608	-1.0445084102078968	0.2986011948876385	0.9388838892696398	-4.603816874838879	
PGCA	-0.21228273913437587	-0.6195124950906855	0.1949470168219338	6.6390760659019605	1.0333712415071419	0.3037571595034049	0.9388838892696398	-4.606804485619523	
LEG3	0.12821371170321144	-0.1190832699999115	0.37551069340633436	6.404192970245098	-1.0277721599666063	0.3063717870354107	0.9388838892696398	-4.608294790205491	
VTDB	0.14262899286925992	-0.13279214234340905	0.4180501280819289	6.465753472470588	-1.0265775058985096	0.30693161188762164	0.9388838892696398	-4.608611758252167	
CTHR1	0.13157740902797563	-0.12272994582566418	0.3858847638816154	6.649249968460785	-1.0256604325925165	0.30736182594711564	0.9388838892696398	-4.608854836374243	
TTHY	0.1725654970451069	-0.16499212380845993	0.5101231178986737	6.42087374204902	-1.0134147982634558	0.31314523934751076	0.9388838892696398	-4.612080525512282	
SAP	0.1490293969010045	-0.1435981146864206	0.44165690848842964	6.525910180294118	-1.0095735921411018	0.3149742523924798	0.9388838892696398	-4.6130846404695545	
TRFE	0.17412675751774087	-0.16796515204221646	0.5162186670776983	6.377285003147059	-1.0090295894166899	0.31523385688609346	0.9388838892696398	-4.613226548008928	
TARSH	0.16019958117338903	-0.15481343504508185	0.47521259739185995	6.5982752781078435	-1.0081242684547371	0.3156662026266658	0.9388838892696398	-4.613462544348788	
MMP9	0.2998360628185992	-0.2941120821932388	0.8937842078304372	5.8547322842254905	-1.0007290994100395	0.31921262672727874	0.9388838892696398	-4.615382620000272	
S10A6	0.1474270737566857	-0.14635952589594833	0.4412136734093197	6.62459398077451	-0.9947786482564582	0.3220853480993145	0.9388838892696398	-4.616917656760935	
SRPX2	-0.17539050594098698	-0.5249142103299093	0.1741331984479353	6.5189328590294116	0.9947424203609568	0.322102890213073	0.9388838892696398	-4.616926975322812	
TIMP2	0.1175464510810969	-0.11736836796875552	0.3524612701309493	6.600495220696079	-0.9919283430062507	0.32346744245806247	0.9388838892696398	-4.617649810002153	
CPXM2	-0.1805719454363602	-0.5495739146365218	0.18843002376380139	6.437447794029412	0.9700693557532776	0.3341968114974899	0.9388838892696398	-4.623197026948886	
CO4B	-0.16401068384941953	-0.49989517376165793	0.17187380606281888	6.247933926352941	0.9679733080705821	0.3352377367920496	0.9388838892696398	-4.6237226511399205	
LTBP2	0.15842051989902015	-0.1678161065057651	0.4846571463038054	6.584085278784314	-0.9626311457174787	0.3379002915266892	0.9388838892696398	-4.625057313885368	
ANXA5	0.14148202521335204	-0.1508253301724006	0.43378938059910466	6.476138552117647	-0.959495000965561	0.3394697579247361	0.9388838892696398	-4.6258374965878195	
HV372	0.18094175218339253	-0.19450082261374502	0.5563843269805301	6.622643525784314	-0.9553807012413862	0.34153591441726694	0.9388838892696398	-4.626857269585096	
GAS6	0.24007147139606128	-0.2586769091815307	0.7388198519736533	6.206846892019608	-0.9542018363328166	0.3421294286959675	0.9388838892696398	-4.627148679896191	
FA9	0.1442062045764932	-0.15613962754663235	0.44455203669961874	6.36856789477451	-0.9517952416264305	0.3433431343586576	0.9388838892696398	-4.627742495434561	
CMA1	0.2976748514513563	-0.3237646578816876	0.9191143607844002	5.6767406672254905	-0.9495645152616103	0.34447063303413994	0.9388838892696398	-4.628291616195832	
ANXA4	0.13928520153108784	-0.15156387084235431	0.43013427390452996	6.576156616647059	-0.9493327998716785	0.3445878884997797	0.9388838892696398	-4.628348584069482	
PRG4	0.1427155378978821	-0.1556255793976457	0.4410566551934099	6.389106312970588	-0.948286000599155	0.34511792450420753	0.9388838892696398	-4.628605774335857	
IGHG4	-0.1651151693692277	-0.5139352877500882	0.1837049490116328	6.339611362009804	0.9383538528133895	0.3501731743313329	0.9388838892696398	-4.631032310996991	
AMBP	0.11468246034028683	-0.12847045482622038	0.357835375506794	6.473146770068627	-0.9349722326030246	0.35190516246903336	0.9388838892696398	-4.631852814901651	
IBP6	-0.15329289672080246	-0.4787260850577504	0.1721402916161455	6.981904159794118	0.9337731505950639	0.35252062357204583	0.9388838892696398	-4.632143064401077	
APOC1	0.20606493574955664	-0.2350993787696164	0.6472292502687297	6.324887578676471	-0.925944411594211	0.3565558965359923	0.9388838892696398	-4.634029187702677	
CCL18	0.19908026864044026	-0.2272073934588424	0.6253679307397229	6.5996354020980394	-0.9257775547823492	0.3566422218606701	0.9388838892696398	-4.634069219311519	
SERPH	0.14574727873192997	-0.16836134295772684	0.45985590042158675	6.46694122167647	-0.9198177582153425	0.3597343465829733	0.9388838892696398	-4.635494468596462	
PA2GA	0.23121686156165763	-0.26758536622684237	0.7300190893501577	6.441791371058824	-0.9189085866715803	0.36020754935037025	0.9388838892696398	-4.635711104390212	
CD5L	0.19483855645338968	-0.2328454532714795	0.6225225661782589	6.258842791205883	-0.9030942609958446	0.3685018519380817	0.9388838892696398	-4.639445959561591	
CFAH	0.12738011040426042	-0.15249926252891574	0.40725948333743656	6.565824839343137	-0.9022189009335927	0.36896445497769637	0.9388838892696398	-4.639650849083076	
LAMC1	-0.12430260795542057	-0.39750257223222085	0.14889735632137968	6.391139424117647	0.90194653529213	0.3691084672017054	0.9388838892696398	-4.639714560374232	
SDF1	0.15336806231284061	-0.18705124469032242	0.49378736931600364	6.641940546647059	-0.8931038050207599	0.3738032694144452	0.9388838892696398	-4.641772857438295	
ITB1	-0.10191672252489306	-0.3290724260981873	0.12523898104840117	6.692897136696079	0.8894120221241073	0.3757743581668366	0.9388838892696398	-4.6426263372243	
CO6A2	-0.13884802399648213	-0.45175178877726163	0.17405574078429734	6.4464937512745095	0.8796504056542442	0.3810174856661591	0.9388838892696398	-4.644866461633214	
SFRP3	-0.17514126325198692	-0.5723029107250732	0.22202038422109943	6.562699593147059	0.8741830201043675	0.38397391268085	0.9388838892696398	-4.64611060198074	
FCGBP	0.1925780950076532	-0.24462532810221502	0.6297815181175214	6.225418207549019	-0.8731814984329315	0.3845170130871819	0.9388838892696398	-4.64633768513713	
CLUS	0.11718631393175494	-0.15020825699532397	0.38458088485883385	6.517802352303922	-0.8687713707696408	0.38691417974896636	0.9388838892696398	-4.647334608260372	
OLFL1	-0.13702444595187127	-0.45121441723428324	0.17716552533054072	6.440394771166667	0.8645436563104335	0.3892208528301355	0.9388838892696398	-4.648285672500495	
CLC11	-0.1261793231062566	-0.42775834190016937	0.17539969568765615	6.547881185892157	0.8294080796593407	0.408717654170071	0.9744105444893433	-4.6560144198993525	
IGLC2	0.12945523302248002	-0.18088147341694394	0.439791939461904	6.4426814730588235	-0.8269279216994824	0.41011583043380584	0.9744105444893433	-4.6565481378334805	
FBLN1	-0.14626125446421537	-0.5030437659666362	0.21052125703820548	6.342153439078431	0.8126563401933421	0.4182172251039752	0.9833973028805285	-4.65958892697838	
PGS2	0.19550270340417022	-0.29277699268185886	0.6837823994901993	6.254923981186274	-0.7937162903049114	0.429115019008511	0.9833973028805285	-4.6635443836368635	
HSP74	-0.10793535466727455	-0.3775574957158289	0.1616867863812798	6.5317737752843135	0.7935775296336068	0.42919547251519374	0.9833973028805285	-4.663573025443648	
FBLN2	-0.1484803132356638	-0.520193143212647	0.22323251674131944	6.354569616921569	0.7918492614272837	0.4301982680354268	0.9833973028805285	-4.663929348898125	
TENX	0.11933433844037661	-0.18209076544052216	0.4207594423212754	6.538478465519608	-0.7848148334820976	0.4342940719790467	0.9833973028805285	-4.665371808158907	
PGS1	-0.1306488289315492	-0.4634874307114618	0.2021897728483634	6.5909744890392155	0.7781315503020494	0.4382065024228685	0.9833973028805285	-4.666730575459124	
F13B	0.1793586213586829	-0.278183525571843	0.6369007682892088	6.193098110784313	-0.7770918311818316	0.4388170017215305	0.9833973028805285	-4.666940935026491	
ANXA2	0.0893201098033733	-0.13929902375150668	0.3179392433582533	6.533741640549019	-0.7744936584504251	0.4403447540032558	0.9833973028805285	-4.667465400626398	
CO6	0.09638982553866202	-0.15254528293244804	0.34532493400977204	6.4184323159411765	-0.7675845683670289	0.44442238701515724	0.9833973028805285	-4.668851684158072	
PLF4	-0.17875985674606518	-0.6442547378199988	0.28673502432786835	6.406473319941177	0.761265732097928	0.44817071923514507	0.9833973028805285	-4.670108866143676	
LV321	0.13138044244690472	-0.21468387297143143	0.4774447578652409	6.347777523852941	-0.7525841946552069	0.45335018268342575	0.9833973028805285	-4.671819494117501	
PGBM	-0.09948057843460557	-0.36683448676603064	0.16787332989681952	6.543462710303921	0.7376204638787228	0.4623575633169117	0.9833973028805285	-4.674722756524458	
VWF	-0.157368440947988	-0.5836058951446019	0.268869013248626	6.190271500215686	0.7318923795989227	0.4658321897464708	0.9833973028805285	-4.6758189597745154	
PEDF	-0.13027983269995774	-0.483886460059306	0.22332679465939054	6.583763468166667	0.7303616960139769	0.4667631789312576	0.9833973028805285	-4.676110470118282	
LRP1	0.08776892500297961	-0.15274903150234304	0.32828688150830226	6.55082980572549	-0.7233932734526477	0.47101470232735054	0.9833973028805285	-4.677429986587298	
CFAD	-0.11079142086691592	-0.4144261991186758	0.19284335738484398	6.497861440490196	0.723328888402598	0.47105408523571757	0.9833973028805285	-4.677442120341334	
AFAM	0.12242311221056576	-0.21835717254650414	0.4632033969676357	6.301270778166667	-0.7121478158601511	0.4779211717777244	0.9833973028805285	-4.679533155364788	
FHR2	0.13706282497887712	-0.2458906976038958	0.52001634756165	6.231112835176471	-0.7095039249944072	0.4795530496819089	0.9833973028805285	-4.6800229206369375	
IBP7	-0.16406403417149126	-0.6284279694967618	0.30029990115377925	6.594211652666667	0.700383805262203	0.4852058114741252	0.9833973028805285	-4.681698614433518	
OMD	-0.11969254763416699	-0.4627996823829969	0.22341458711466294	6.485342602362745	0.6915419881318711	0.49072082607310774	0.9833973028805285	-4.683302803582289	
FIBG	0.15068273191964543	-0.283989760419249	0.5853552242585398	6.174214271509804	-0.6871990025600934	0.49344219101768183	0.9833973028805285	-4.684083412103675	
CFAB	-0.09886025443296688	-0.38508172297872395	0.18736121411279022	6.389888883098039	0.6847006032329973	0.4950114222913191	0.9833973028805285	-4.684530280321205	
LV861	0.1605900335026616	-0.3079002945610933	0.6290803615664164	6.211890918754902	-0.679515162132107	0.49827698156837363	0.9833973028805285	-4.685452641332805	
PDIA1	0.0806048043962563	-0.1550595844467944	0.31626919323930697	6.4583833105	-0.678028827988004	0.49921514665646394	0.9833973028805285	-4.685715749583674	
CYTC	0.08841392130491944	-0.17331220952480458	0.35014005213464344	6.2676591872843135	-0.6696606191656456	0.5045148209951182	0.9833973028805285	-4.687186480226851	
LECT2	0.1161679171655989	-0.2291101764267404	0.46144601075793823	6.632105295284314	-0.6669578214789573	0.5062329365077114	0.9833973028805285	-4.687657657243179	
FA12	0.09778939895773278	-0.1993474577034147	0.3949262556188803	6.197595496911765	-0.6524037435432325	0.5155380689853197	0.9833973028805285	-4.690162565289354	
APOA4	0.11518090574857232	-0.23837413139446195	0.4687359428916066	6.3879039125	-0.6458098320632911	0.5197833237846157	0.9833973028805285	-4.691279505849905	
HV349	-0.13432815592930022	-0.5475369042742589	0.27888059241565855	6.3542496611372545	0.644434433054725	0.5206711248829724	0.9833973028805285	-4.691511073432113	
CO6A3	-0.09745624290129475	-0.398562256351283	0.20364977054869354	6.466398718862745	0.6416104487747725	0.5224964477600511	0.9833973028805285	-4.6919850037744215	
CO5	-0.09651810323387229	-0.396032510084902	0.20299630361715743	6.348716696137255	0.6388108057631905	0.5243093228410136	0.9833973028805285	-4.692452821856552	
SAA4	0.13559081275038076	-0.290207556015953	0.5613891815167145	6.048672998372549	-0.6312588254886552	0.5292157653762675	0.9833973028805285	-4.693704682984622	
HRG	0.09042429499919795	-0.19938493178782662	0.38023352178622255	6.338949517333333	-0.6185205245847637	0.5375450437687158	0.9833973028805285	-4.69578295448535	
CERU	0.11062376672978899	-0.24486770550958478	0.46611523896916274	6.309617107088235	-0.6168796551351875	0.5386228052353019	0.9833973028805285	-4.696047622951433	
FINC	-0.10327233172583752	-0.4425731470479395	0.2360284835962644	6.361937767421568	0.6033652193296163	0.5475409920436024	0.9833973028805285	-4.6982010517404165	
TENA	0.11753735704865681	-0.2712870478349442	0.5063617619322578	6.336498404676471	-0.5992438661011933	0.5502753390185045	0.9833973028805285	-4.698848381111169	
KVD20	-0.12327437917496624	-0.5322319378056806	0.28568317945574806	6.357243186088235	0.5975520997672142	0.5513997265694413	0.9833973028805285	-4.699112832608329	
APOA2	0.11888416681508078	-0.2773066020123068	0.5150749356424683	6.30056904827451	-0.5948409497889171	0.5532040052725054	0.9833973028805285	-4.699535089743492	
HV374	0.11682878610465636	-0.2725605371167677	0.5062181093260805	6.389092754833333	-0.5947672096342659	0.5532531205371798	0.9833973028805285	-4.699546548135343	
ANX11	-0.08182089898082105	-0.35478985861646445	0.19114806065482232	6.33566022517647	0.5941993530693526	0.5536314188779319	0.9833973028805285	-4.699634739622387	
HEP2	0.09668111296179893	-0.23066848210574492	0.4240307080293428	6.343315765460784	-0.5854785997538352	0.5594571508761643	0.9833973028805285	-4.7009786626054115	
CO9	-0.10303784512841133	-0.45664898407971977	0.25057329382289717	6.262431895588235	0.5776330350832461	0.5647238764557385	0.9833973028805285	-4.70217092206713	
IBP3	0.09649425716673558	-0.23934146437323822	0.4323299787067094	6.382150488970588	-0.569581363639825	0.5701539870639741	0.9833973028805285	-4.703377958476668	
ZA2G	0.09725368739509825	-0.24149620529754795	0.4360035800877445	6.3621630546372545	-0.5691255757625702	0.570462127386582	0.9833973028805285	-4.70344578487864	
CO8B	-0.10769681352883922	-0.4839538349404433	0.2685602078827648	6.302944723529412	0.5674131976801122	0.5716205175975344	0.9833973028805285	-4.703700126027058	
APOM	0.10424634650952103	-0.26404265559072915	0.4725353486097712	6.121616842911765	-0.5611168177555527	0.5758896212815787	0.9833973028805285	-4.704628811352129	
HV169	0.12125373385772992	-0.3123463674706758	0.5548538351861356	6.257593818637255	-0.5543536843938415	0.5804921308303538	0.9833973028805285	-4.705614913952592	
HPTR	0.106645831942303	-0.27863454964805007	0.49192621353265603	6.425453869931372	-0.5487167068720307	0.5843415595394162	0.9833973028805285	-4.70642777065973	
PTN	-0.13164523781088627	-0.6085476323809806	0.34525715675920815	6.468259228264706	0.5472135498063074	0.5853700792333467	0.9833973028805285	-4.706643137782542	
FCG3A	0.10611868177667423	-0.27884346804690674	0.4910808316002552	6.22978886327451	-0.546455759642147	0.585888912407423	0.9833973028805285	-4.706751489506201	
A1AT	0.09585988135022747	-0.25577405630071226	0.44749381900116714	6.441406222784313	-0.5404148761103207	0.5900326174529754	0.9833973028805285	-4.707609920050239	
TAGL2	-0.11584631092387404	-0.5457041204146438	0.3140114985668957	6.473781893362745	0.5342426789621917	0.5942804823284482	0.9833973028805285	-4.708477247626762	
ITGBL	0.07203453122633267	-0.19767984588481052	0.3417489083374759	6.6719791139509805	-0.5294413161996321	0.5975946763929674	0.9833973028805285	-4.709145117280536	
HV315	0.093999408970434	-0.2607425252551535	0.44874134319602155	6.347655014460784	-0.5252835319774535	0.6004714961534343	0.9833973028805285	-4.7097186379611555	
LV310	0.10213859880721096	-0.28639540290983234	0.4906726005242543	6.353805358892157	-0.5211251784237925	0.6033550434619936	0.9833973028805285	-4.7102877548193725	
CO5A1	-0.07834786879018037	-0.3785160623536429	0.22182032477328217	6.522570858156863	0.517420591411973	0.6059292389259068	0.9833973028805285	-4.71079099229711	
BCAM	-0.08986714131114963	-0.43484203554676176	0.25510775292446247	6.451944377960785	0.5164099827703548	0.6066323419748973	0.9833973028805285	-4.71092765724071	
IGHM	0.11120614363704999	-0.3199173269259219	0.5423296142000219	6.252427321588235	-0.5113382800786681	0.610166409130209	0.9833973028805285	-4.711609504814916	
DEF1	-0.13277297119447445	-0.6535829799264208	0.3880370375374718	5.447755221460785	0.505372428555944	0.6143353599291271	0.9833973028805285	-4.712403021895555	
CO8G	-0.09244975175814345	-0.45692839607452695	0.27202889255824003	6.122601648	0.5028226755407371	0.616121006065393	0.9833973028805285	-4.712739347185475	
GRP75	-0.07434922557054582	-0.36988974306916333	0.22119129192807171	6.379340195029411	0.4987014283278439	0.6190120766123388	0.9833973028805285	-4.713279392829739	
IGHG2	0.0807421420864726	-0.24160856140230422	0.4030928455752494	6.4551744123529415	-0.49653839604192884	0.6205318511240179	0.9833973028805285	-4.713561071032509	
OLFL3	-0.07959700297219607	-0.4004266366067796	0.24123263066238743	6.4235739698137255	0.4918168826306588	0.6238549533114005	0.9833973028805285	-4.714171704780085	
ITB3	-0.08364798250798156	-0.4209271858607723	0.2536312208448092	6.363246959990196	0.4916398750761442	0.6239796866726085	0.9833973028805285	-4.714194484616081	
CO8A	-0.08641198965518371	-0.43577014815652065	0.26294616884615324	6.273286642529412	0.490325305467518	0.6249063770601345	0.9833973028805285	-4.714363407447828	
THRB	0.1278183641240026	-0.38912344341692007	0.6447601716649253	5.8674727740588235	-0.49015426982604454	0.6250269908885061	0.9833973028805285	-4.714385352619453	
KNG1	0.08880017130329869	-0.27140876072928216	0.44900910333587957	6.2787100306470585	-0.4886979510070881	0.6260543948471735	0.9833973028805285	-4.714571901655016	
KLKB1	0.0638034813358709	-0.19561080692325056	0.3232177695949923	6.4567439257843136	-0.48756404941945747	0.626854850018244	0.9833973028805285	-4.714716768858494	
SODE	0.10176704742858794	-0.31782835952733013	0.521362454384506	6.596071259990196	-0.480792452193285	0.6316443772716077	0.9833973028805285	-4.715574955382118	
TIMP1	0.10414531394287549	-0.332343996948847	0.540634624834598	6.15467798332353	-0.47298494010610187	0.6371861173771497	0.9833973028805285	-4.716549640356876	
HSP72	-0.07791700556873793	-0.40631666133338207	0.2504826501959062	6.626373596745098	0.4703387416293893	0.639069077106168	0.9833973028805285	-4.716876395721691	
FIBB	0.0985602388111708	-0.31806781966090697	0.5151882972832486	6.1613360199313725	-0.4689585136112792	0.6400521461443456	0.9833973028805285	-4.717046105479979	
ECM1	0.09231005181140925	-0.29909591878895836	0.4837160224117769	6.520047968088235	-0.4675227414031182	0.641075456941104	0.9833973028805285	-4.717222119332598	
MUC18	0.07266292010579901	-0.24461621286521618	0.3899420530768142	6.684206323588235	-0.453996525459062	0.6507496759486544	0.9866932774812501	-4.718854011878508	
HDGR3	0.06184231370179549	-0.22675811945687036	0.35044274686046134	6.696145222529411	-0.42478575373757765	0.671844727252942	0.9866932774812501	-4.72221579259762	
CO3	-0.06268594407383263	-0.35608658920738545	0.23071470105972017	6.381351657931373	0.423535968847274	0.6727533066282729	0.9866932774812501	-4.722354671097527	
CD14	-0.06696957993420119	-0.3902030859868968	0.25626392611849447	6.259673859372549	0.41071673053343705	0.6821005237377455	0.9866932774812501	-4.723755678363019	
YBOX1	0.047740150491211955	-0.1845941938178417	0.28007449480026564	6.635415085960784	-0.40733484493535566	0.6845747861347702	0.9866932774812501	-4.7241181445826435	
PRDX2	-0.0823895071501183	-0.48386794762250296	0.3190889333222664	6.219140697205883	0.40680929631105717	0.6849595983317736	0.9866932774812501	-4.724174204621446	
TSP1	-0.10853245885546894	-0.6374747691331075	0.4204098514221697	6.047293798598039	0.4067546503106848	0.6849996154653287	0.9866932774812501	-4.724180029554355	
TETN	-0.060132950220809264	-0.3540464162574498	0.23378051581583126	6.612577770470589	0.4055778415029156	0.6858616070477338	0.9866932774812501	-4.724305281392721	
C1QA	-0.06133398906740009	-0.36586141396365	0.24319343582884986	6.587384110852941	0.39926017580149314	0.690496249627754	0.9866932774812501	-4.7249715214926375	
CRIP2	-0.08239496299027892	-0.5158609882198197	0.35107106223926193	6.612054193431373	0.37681379335837445	0.7070572597168385	0.9866932774812501	-4.727254460818049	
PERM	0.09259628220748974	-0.3978493317309829	0.5830418961459624	5.758030337372549	-0.37426902617834956	0.708943880267242	0.9866932774812501	-4.727504984539373	
LUM	0.054749165614852144	-0.23681678834818587	0.3463151195778902	6.663001224656862	-0.37223901210207755	0.7104501768809015	0.9866932774812501	-4.727703620821339	
PROP	0.05819528487948089	-0.25419632294509314	0.3705868927040549	6.644634621882353	-0.36929177283775594	0.7126391078678855	0.9866932774812501	-4.72799009313393	
COIA1	0.052145536199344644	-0.22833112565771357	0.33262219805640286	6.882784673166666	-0.3685543995806848	0.7131871355292909	0.9866932774812501	-4.728061411420141	
AACT	0.06756715309066803	-0.2979470986954791	0.4330814048768151	6.360521411313726	-0.36644811969725816	0.7147533827593137	0.9866932774812501	-4.728264347825533	
APOC2	0.08120765157078319	-0.3617640227147049	0.5241793258562712	6.0749876702549015	-0.3634144464892114	0.7170113882824856	0.9866932774812501	-4.728554601811589	
CO1A1	-0.07700178362989032	-0.5011620080725175	0.34715844081273683	6.175560457029412	0.3598752977206197	0.7196487984461717	0.9866932774812501	-4.728890181948556	
ANGI	0.06707340817538761	-0.302976707676388	0.4371235240271632	6.721298759794117	-0.3593114214244201	0.7200693185773124	0.9866932774812501	-4.728943346366432	
FHR1	-0.08280520962950481	-0.5436541059904696	0.37804368673145994	6.3220865152549015	0.35618883452968303	0.7223995914898693	0.9866932774812501	-4.72923625298786	
CSPG2	0.06082038495811568	-0.2842406731560292	0.4058814430722606	6.6552376933627455	-0.3494092574335771	0.7274679161344164	0.9866932774812501	-4.729863429208499	
ANXA6	-0.05876214673575773	-0.3924917043428223	0.2749674108713068	6.441004338009804	0.34904721154185664	0.7277389196783745	0.9866932774812501	-4.729896584304529	
CO1A2	-0.07202152180906286	-0.48127441613884003	0.33723137252071433	6.190164009313725	0.3488604418553396	0.727878736582306	0.9866932774812501	-4.729913674735841	
CADH1	-0.05248956694507478	-0.3675190477741898	0.26253991388404024	6.640186521539215	0.33029574923625404	0.7418214988729332	0.9866932774812501	-4.731566972095073	
SLPI	0.07226083101339469	-0.3671836490896228	0.5117053111164122	6.578103070490196	-0.3259718748780274	0.7450814601390985	0.9866932774812501	-4.731939108365485	
C1QB	-0.05805421449088419	-0.41757213461748466	0.30146370563571634	6.533023336372549	0.32010643362608393	0.7495110773516076	0.9866932774812501	-4.732436109238191	
PLTP	-0.06877196018840803	-0.49886910158310954	0.3613251812062935	6.482391349529411	0.31697575090031493	0.7518788329179881	0.9866932774812501	-4.732697702284921	
C1R	0.04765920048383605	-0.2525494798704533	0.34786788083812537	6.356388946411765	-0.3147057654593662	0.7535971213216759	0.9866932774812501	-4.7328857746551005	
SRP14	-0.03250912825537102	-0.23948844369501682	0.17447018718427476	6.572630069470589	0.311357670953476	0.7561337530252866	0.9866932774812501	-4.733160711055441	
HSPB1	0.0529884058545687	-0.28741726650162985	0.3933940782107673	6.585028311441176	-0.3085782118108074	0.7582415948857162	0.9866932774812501	-4.733386725771737	
ANXA7	-0.04043176179781393	-0.30731946520438813	0.22645594160876026	6.385779396686274	0.30031380302803035	0.7645197417286886	0.9866932774812501	-4.73404681936579	
CAD13	0.045005852199370956	-0.2587280119719954	0.34873971637073736	6.642402316607843	-0.2937358579977837	0.7695280126396193	0.9866932774812501	-4.734559442189591	
MFAP4	-0.06887215705871838	-0.5338111382841494	0.3960668241667127	6.954023699754902	0.2936492647953569	0.7695940079642984	0.9866932774812501	-4.73456611495163	
ITA1	-0.03744613305576439	-0.29124860436125044	0.21635633824972167	6.577953254549019	0.29247740572176995	0.7704872838033204	0.9866932774812501	-4.734656223991743	
POSTN	0.05909173869125042	-0.34282225783086273	0.4610057352133635	6.425526245401961	-0.29145722818318504	0.7712651884873132	0.9866932774812501	-4.734734377054786	
FST	0.041610313527048505	-0.24433394030726116	0.3275545673613582	6.581069705509804	-0.2884701011367072	0.7735442683517058	0.9866932774812501	-4.734961646726366	
CXCL7	0.05007268422312678	-0.29469292335106495	0.3948382917973185	6.448056112735294	-0.28791091483960296	0.7739711298917671	0.9866932774812501	-4.735003931853696	
A2AP	-0.05885953964186527	-0.46511114987760505	0.34739207059387445	5.783656787049019	0.28721224915911964	0.774504562078336	0.9866932774812501	-4.735056649289285	
FBN1	0.03542370425122087	-0.21046470451868757	0.2813121130211293	6.582487095264706	-0.285586128565173	0.7757465250099244	0.9866932774812501	-4.735178852673375	
BGH3	-0.04317413313171096	-0.3503786107679682	0.26403034450454627	6.391173914441176	0.2785975399623454	0.7810907024633098	0.9866932774812501	-4.735696168618212	
CATG	0.05712285889591156	-0.3524364767521204	0.46668219454394355	6.001227048843138	-0.2764867333558539	0.7827069140986126	0.9866932774812501	-4.735849903092853	
LAMA5	-0.04866515144969312	-0.3978899671203722	0.30055966422098596	6.533018954127451	0.27624484015025635	0.7828921888492013	0.9866932774812501	-4.7358674461970605	
MIME	-0.054531595155567915	-0.4506809497049105	0.34161775939377464	6.691687072980392	0.2728792052117751	0.785471341420021	0.9866932774812501	-4.736109946872286	
CO6A1	-0.037324543607032794	-0.31049193972762923	0.23584285251356363	6.46246787990196	0.2708612232080543	0.7870189088959637	0.9866932774812501	-4.736253924421379	
CO4A1	-0.04397639570879461	-0.36926873386411685	0.2813159424465277	6.420283721058824	0.2679951842328126	0.7892183069964869	0.9866932774812501	-4.736456576150867	
SFRP4	-0.04612873307523591	-0.38974867424917903	0.2974912080987072	6.666367575235294	0.26611806689843664	0.7906597315788841	0.9866932774812501	-4.736588137682005	
FHR5	-0.05561939475653844	-0.4769112771633487	0.3656724876502718	6.321652507127451	0.26171243599509053	0.7940456281098611	0.9866932774812501	-4.736893291260886	
PCOC1	-0.030200145878607355	-0.2598202221525702	0.19941993039535552	6.628570625911765	0.2607236192657783	0.7948061153458091	0.9866932774812501	-4.736961082697256	
PRELP	0.036939652320029964	-0.24600537461745667	0.3198846792575166	6.491026412617647	-0.2588045639030216	0.796282601896698	0.9866932774812501	-4.737091918872111	
LTBP4	0.03630401106067794	-0.24589544328082863	0.3185034654021845	6.577456087901961	-0.25502316627633903	0.7991941014216297	0.9866932774812501	-4.737346902014517	
APOA	0.08147481730901301	-0.5619639219776529	0.724913556595679	5.99104813982353	-0.2510136754376919	0.8022843162843829	0.9866932774812501	-4.737613174898792	
IGF2	0.05089833348684908	-0.37547583104394894	0.4772724980176471	6.097405873166666	-0.23664311518801734	0.8133855198347499	0.9866932774812501	-4.738532936774471	
ITIH2	-0.03593895558006062	-0.33745607922194726	0.26557816806182605	6.263717478441176	0.2362841895903092	0.8136632858999984	0.9866932774812501	-4.7385552165876526	
IGHG3	0.044537534147222016	-0.3415018188110667	0.43057688710551073	6.41059211417647	-0.22870506438212773	0.8195341305560767	0.9866932774812501	-4.739017797534252	
SPON1	0.03545969779477802	-0.27732972002869855	0.3482491156182546	6.523877674529412	-0.22473161384640114	0.8226161198013788	0.9866932774812501	-4.739254296350376	
TINAL	-0.03870357321164637	-0.3804483222528036	0.3030411758295109	6.588730904068627	0.22450726748922367	0.8227902163372358	0.9866932774812501	-4.739267525976699	
LYSC	-0.04702851635682721	-0.4634471441805556	0.3693901114669012	6.567145281892157	0.22387846549732893	0.8232782243489464	0.9866932774812501	-4.739304535906516	
RNAS4	-0.04825384481293799	-0.4795973567644944	0.3830896671386184	6.573499884990196	0.22176338674490262	0.8249202270475596	0.9866932774812501	-4.739428264306297	
MFGM	0.03263226272814957	-0.268900541192423	0.33416506664872214	6.830312059137255	-0.2145328563049341	0.8305393439762849	0.9866932774812501	-4.739842381207857	
KVD15	-0.04463945103127749	-0.4649418139976953	0.37566291193514034	6.560132659362745	0.21054173900348433	0.8336447789383166	0.9866932774812501	-4.740065095488028	
HS90A	0.033905187446974745	-0.2992670749024376	0.36707744979638707	6.3798221549313725	-0.20173372332232348	0.8405074305028176	0.9866932774812501	-4.740541825801242	
KV320	0.03094216336711122	-0.2768711707053057	0.3387554974395281	6.734374332803921	-0.19927115502839784	0.8424283335849154	0.9866932774812501	-4.740671472487506	
ITIH4	-0.03198717479426691	-0.35085747994090843	0.28688313035237456	6.263995672450981	0.1988579685269847	0.8427507293086565	0.9866932774812501	-4.74069306969569	
C1S	-0.03205275673486843	-0.3584003982300399	0.29429488476030297	6.318374618264706	0.1947000671752225	0.8459964806641171	0.9866932774812501	-4.7409079105423055	
PON1	0.05050395814590153	-0.4672915684150534	0.5682994847068565	5.852113347009804	-0.19335184236731218	0.8470495073537403	0.9866932774812501	-4.740976600561958	
CO5A2	0.03545288349689496	-0.332848440775136	0.4037542077689259	6.361680300833333	-0.190822453463585	0.8490258243681614	0.9866932774812501	-4.741104182937378	
LAMA4	0.027750795805109345	-0.2610794369528251	0.3165810285630438	6.634214151401961	-0.19046447498076644	0.8493056059332279	0.9866932774812501	-4.741122103825022	
FGL2	0.028597087718962987	-0.28731942329665583	0.34451359873458176	6.553817266607843	-0.17944471640674226	0.8579274522256197	0.9886513633324814	-4.741657324313114	
LTBP1	-0.026990076119044037	-0.3268618678571886	0.2728817156191006	6.696304032058824	0.1784225274563445	0.858728100095494	0.9886513633324814	-4.741705356716287	
LAMB1	-0.025773434535637622	-0.3155457255177711	0.26399885644649584	6.414264464666667	0.17631799306472673	0.8603769775836467	0.9886513633324814	-4.741803385120475	
TRFL	0.03947972447838329	-0.43506648038518536	0.5140259293419519	5.626980237931373	-0.16492131953488637	0.8693166781427484	0.99045900531963	-4.742314053083853	
KVD11	0.032513780579630454	-0.3637404681202666	0.4287680292795275	6.464581995147059	-0.16265773895296495	0.8710943168947228	0.99045900531963	-4.742411424135453	
HV102	0.03217561292762477	-0.3683375048182544	0.43268873067350394	6.419361254186274	-0.15925433987020488	0.8737683201912755	0.99045900531963	-4.742555295511202	
S10A4	0.023815975742498753	-0.27829154454217403	0.3259234960271716	6.633968525323529	-0.15627447026146155	0.8761107644719177	0.99045900531963	-4.742678767289682	
CO3A1	0.03643045247345875	-0.44182275781898883	0.5146836627659064	6.087870599715687	-0.15100379556846188	0.8802566697565417	0.99045900531963	-4.742891453093296	
HV551	0.027720326065651318	-0.3465205441449935	0.4019611962762962	6.422147283970588	-0.14683456887713367	0.8835385428624046	0.99045900531963	-4.743054527828402	
COFA1	-0.015532715744686097	-0.26322802143762153	0.23216258994824931	6.405144825872549	0.12431135803306936	0.9013016862849564	0.99045900531963	-4.743856593315026	
IC1	0.018395336290398242	-0.2794939564835566	0.3162846290643531	6.41667453522549	-0.12241482910811828	0.9027998209096794	0.99045900531963	-4.743918050737093	
HS71B	-0.018210251473247743	-0.3169730756205957	0.2805525726741002	6.593589553372549	0.12082883256862285	0.9040529248869569	0.99045900531963	-4.7439687202114245	
LV147	-0.016467042606548906	-0.28927111992641064	0.2563370347133128	6.693859674813726	0.1196591585434809	0.9049772457790877	0.99045900531963	-4.744005665853857	
CO7	0.013954610582481033	-0.23797236252112103	0.2658815836860831	6.407356785313725	-0.10980553827003788	0.9127690106452031	0.99045900531963	-4.744302644789556	
HS90B	0.01584682038860116	-0.30052097483255114	0.3322146156097534	6.402963973166667	-0.09929584133859996	0.9210889325643549	0.99045900531963	-4.74459129824175	
APOB	0.017030608298723753	-0.33882123008135434	0.3728824466788019	6.244770418078431	-0.09487289189758692	0.9245930011885556	0.99045900531963	-4.744704104115344	
PXDC2	0.011530761121361392	-0.2558824515026578	0.27894397374538055	6.610100678166667	-0.08547838455470166	0.9320406111132779	0.99045900531963	-4.74492666184024	
QSOX1	0.011063321267791361	-0.24812875716036425	0.270255399695947	6.4122455460588235	-0.08461453889360991	0.9327257484265923	0.99045900531963	-4.7449459627746915	
HPT	-0.019024432149223346	-0.47859271123649266	0.440543846938046	6.21698101567647	0.08206214227856962	0.9347504105321373	0.99045900531963	-4.7450018459347545	
RARR2	0.013867763155633175	-0.32369466840193856	0.35143019471320486	6.646981052666667	-0.08143920051508007	0.9352446181061236	0.99045900531963	-4.745015225086595	
CBPB2	0.013149172785050586	-0.30790050916032285	0.334198854730424	6.311760853196079	-0.08119090465805381	0.935441609383306	0.99045900531963	-4.7450205294189685	
MSRE	-0.014365230805531294	-0.365152043130475	0.33642158151941237	6.3746104447352945	0.08118027956462011	0.935450039137135	0.99045900531963	-4.745020756041015	
IGKC	-0.021088872487290328	-0.5367968613370147	0.49461911636243405	6.114570242186274	0.08106449733274397	0.9355418991071835	0.99045900531963	-4.7450232236320105	
C1QC	-0.012360646658748017	-0.3239985935788766	0.29927730026138055	6.539042830872549	0.0786270622941067	0.9374759253419922	0.99045900531963	-4.745074353772296	
CD9	0.011778275561080043	-0.2901373611096084	0.31369391223176846	6.622148820460785	-0.07733521489362927	0.9385011170887365	0.99045900531963	-4.745100820170234	
F13A	0.015354629874619849	-0.3851961401232879	0.41590539987252756	6.299129531705883	-0.07599114241614667	0.9395678636209697	0.99045900531963	-4.745127891213807	
HSP7C	0.008193630335513796	-0.2188096761395421	0.2351969368105697	6.592096652715687	-0.07155259280521313	0.9430913665004703	0.99045900531963	-4.745213917342534	
FHR3	0.01792256702455771	-0.48900140653755025	0.5248465405866657	6.342053324490196	-0.07008717819070266	0.9442549242297736	0.99045900531963	-4.745241183083371	
IGLC7	0.016056292494568847	-0.44916405721805175	0.48127664220718946	6.029158601843137	-0.06841758806857978	0.9455807467525685	0.99045900531963	-4.745271560280569	
A1BG	0.008951931889874766	-0.2552733287559136	0.2731771925356631	6.546038463794118	-0.06716200095123122	0.9465779101472414	0.99045900531963	-4.7452939225406885	
APOE	-0.011155839559258422	-0.38505238121737234	0.3627407020988555	6.394005146098039	0.05914690224219573	0.9529452823737993	0.9938307235317511	-4.7454269133226585	
KV240	-0.009461766401556992	-0.38673657494628944	0.36781304214317545	6.369708843147059	0.04971593443562078	0.9604413237586258	0.9971442259630048	-4.745561785323044	
SPRL1	-0.008487096102687464	-0.46851559067220744	0.45154139846683256	6.447651776362745	0.036572578359843844	0.9708938638000995	0.9971442259630048	-4.745710773829405	
LG3BP	-0.006347054241767707	-0.39298629722337775	0.3802921887398424	6.505635926	0.03254224199371927	0.9741001770193949	0.9971442259630048	-4.745747367920619	
CO4A2	0.0040061166554922235	-0.2567318378152622	0.26474407112624665	6.577574060754902	-0.03045794020395744	0.9757585023498396	0.9971442259630048	-4.745764618446605	
ANXA1	0.004008371954525003	-0.2692959863863263	0.27731273029537634	6.49101552077451	-0.029073856982273834	0.9768597745283671	0.9971442259630048	-4.745775443047322	
IGLL5	0.004587712247861518	-0.34840389456244053	0.3575793190581636	6.31517248827451	-0.02576398177398768	0.9794935171635372	0.9971442259630048	-4.745799287841008	
SAMP	0.003987360200291654	-0.3467438643843998	0.35471858478498314	6.7806147890294115	-0.022536798949621895	0.9820616781036012	0.9971442259630048	-4.7458197655104515	
APOH	0.003187547799499246	-0.29708276580963694	0.30345786140863545	6.481018307127451	-0.021043864695939257	0.9832498061894945	0.9971442259630048	-4.745828312990765	
CFAI	-0.0024072465248758247	-0.298987133692446	0.2941726406426943	6.397681995166667	0.016090148973518178	0.9871923975293639	0.9971442259630048	-4.745852479139188	
SMOC2	-0.0023065617690879257	-0.2976739317158622	0.2930608081776863	6.713790819480392	0.015480456586414561	0.9876776668557611	0.9971442259630048	-4.745855007848268	
FIBA	0.0020687109333540994	-0.39665437011973537	0.40079179198644355	6.209507059833333	-0.010285126213038802	0.9918129284633046	0.9981302082624339	-4.74587259351594	
PRDX1	0.00021183896657148743	-0.2606123027156997	0.2610359806488427	6.401469184078431	-0.0016100495970440276	0.9987183608857442	0.9990339400821473	-4.745886150114674	
CO4A	0.0002284224808889757	-0.3728864438237841	0.3733432887855621	6.50222307577451	-0.0012136053521286127	0.9990339400821473	0.9990339400821473	-4.745886297176748	
