	logFC	CI.L	CI.R	AveExpr	t	P.Value	adj.P.Val	B	
HV372	-0.7337969115849697	-1.131915164659847	-0.3356786585100924	6.5747943787125	3.664634171322602	0.0004298853834733606	0.13584378117758195	-0.24504335009403366	
CCL18	-0.6911477726942905	-1.124754206061394	-0.25754133932718704	6.5521091259375	3.1691444346362716	0.0021246134495480685	0.18686610977201792	-1.4976541048570464	
IGHG3	-0.6546230145259817	-1.0661109003812903	-0.24313512867067305	6.3605865597	3.163013551675908	0.0021650012581231194	0.18686610977201792	-1.5123157375272154	
HDGF	0.4346757972241663	0.14734844048321993	0.7220031539651127	6.5258813871625	-3.007844074328935	0.0034591957942372705	0.18686610977201792	-1.8761642219221977	
S10AB	0.4111773416320162	0.13602500174718096	0.6863296815168514	6.5952491456	-2.97113784407499	0.0038559354704204335	0.18686610977201792	-1.9601655174852999	
KV240	-0.5996995325200809	-1.0022104441609414	-0.19718862087922034	6.3685228914875	2.962258056214017	0.003958035229612925	0.18686610977201792	-1.980365756874007	
IC1	-0.4416742977472367	-0.7474965233957431	-0.1358520720987303	6.4043752861625	2.871441148773353	0.00515540278255859	0.18686610977201792	-2.184225862636827	
A2AP	-0.6450319082843301	-1.0928869999203559	-0.1971768166483044	5.78704861755	2.8635879075086677	0.005273228621085279	0.18686610977201792	-2.201618196251849	
S10A6	0.4616704250232191	0.13866534511381307	0.7846755049326251	6.6310400805125	-2.841774014740902	0.005613619579031408	0.18686610977201792	-2.2497296523179906	
IGHG2	-0.5013038494752349	-0.8543030809088148	-0.148304618041655	6.4487945855	2.823541119635035	0.005913484486456263	0.18686610977201792	-2.289717574386328	
CFAH	-0.39597355078067803	-0.6849299407632147	-0.10701716079814139	6.515249765625	2.7245872013550274	0.007812704338805697	0.2244376882784182	-2.5031208108324425	
AMBP	-0.33694462524634666	-0.5868444965736923	-0.08704475391900099	6.3867337957375	2.6807686603809873	0.00881939407316449	0.2322440439266649	-2.59564245199068	
KVD20	-0.5434262306132875	-0.9650080300401493	-0.12184443118642568	6.3904767794625	2.5628641223476576	0.01213991511730134	0.2950933213128633	-2.838451119246385	
PROP	-0.4044972360987175	-0.7232601468045308	-0.08573432539290432	6.5764664161875	2.522984670172156	0.01349593092314971	0.2965377189749904	-2.9185205761470545	
FIBB	-0.5738757326284346	-1.040413232027683	-0.10733823322918618	6.200872306825	2.4456715980217107	0.016518513603881336	0.2965377189749904	-3.070737844946039	
ITIH4	-0.4116873333869946	-0.7511305531524958	-0.07224411362149341	6.271474864475	2.411388602462386	0.01804267564606583	0.2965377189749904	-3.1369511188510795	
ANXA1	0.33539102146656075	0.05551028155086446	0.615271761382257	6.539809325325	-2.382567733381776	0.01941968940860911	0.2965377189749904	-3.1919986005865257	
THIO	0.3511555808199201	0.05551585040739221	0.646795311232448	6.5959339228	-2.3615851782677755	0.020480200311748627	0.2965377189749904	-3.231718881259323	
C1R	-0.3614602634601204	-0.6711249012072422	-0.051795625712998505	6.3175335367375	2.3207896773987806	0.02269016518550221	0.2965377189749904	-3.3080814279121307	
CATL1	0.3500155046812668	0.04815344425605683	0.6518775651064768	6.4259773426375	-2.305396278577697	0.023577341333885043	0.2965377189749904	-3.3365974075257028	
FA12	-0.36682850154913743	-0.6833325148292679	-0.05032448826900693	6.16390728525	2.3043619083061286	0.023638039629453694	0.2965377189749904	-3.338507683907593	
LAMB1	0.33492696129857347	0.045469902774047166	0.6243840198230998	6.4195688614	-2.300555960558874	0.02386256747686176	0.2965377189749904	-3.3455301358917167	
LEG1	0.3806693101490934	0.05134414285036282	0.709994477447824	6.65649068415	-2.29821037583475	0.024001878479395694	0.2965377189749904	-3.349853037264184	
PRDX1	0.3143511752877609	0.040489349707338806	0.588213000868183	6.464251124675	-2.2821827932924883	0.024973156269181833	0.2965377189749904	-3.3792896646076205	
ZA2G	-0.4227844646491557	-0.7922239848795478	-0.05334494441876353	6.3452334389375	2.275320114624672	0.025399518706922822	0.2965377189749904	-3.39183925119714	
IGHG4	-0.4329008138324128	-0.8125952177634264	-0.05320640990139924	6.3338584158375	2.2668409159630376	0.02593515508262334	0.2965377189749904	-3.4072996462543728	
FIBA	-0.5112136021129401	-0.9618928199067827	-0.06053438431909747	6.239696773725	2.2552864260095618	0.02668104807886431	0.2965377189749904	-3.428286619370677	
HEMO	-0.4217816481467962	-0.7947668373186579	-0.048796458974934454	6.2760423383125	2.2483448807705435	0.027138165307325265	0.2965377189749904	-3.4408500454207656	
PLMN	-0.4768530002149418	-0.9019129895289997	-0.05179301090088395	6.0903243683875	2.2304943606560914	0.02834538891949867	0.2965377189749904	-3.4730026183629543	
CFAI	-0.36707633687307395	-0.69670284395036	-0.03744982979578798	6.3808526122375	2.214119708908081	0.029493946727023247	0.2965377189749904	-3.502300205764537	
ANX11	0.32694730142326633	0.031951820216533866	0.6219427826299988	6.4020761506375	-2.203582074076995	0.030254446126753074	0.2965377189749904	-3.521054408087242	
HV374	-0.4803198444918847	-0.9141005684333116	-0.046539120550457835	6.3868573250375	2.201542723316751	0.03040359013258774	0.2965377189749904	-3.524674873423248	
GANAB	0.28033601604815417	0.025964272097463992	0.5347077599988443	6.3905751506375	-2.1911740036421476	0.031171869222643995	0.2965377189749904	-3.5430370865432557	
KVD11	-0.48164261520229884	-0.9211878613232378	-0.04209736908135986	6.478494481275	2.178653457109556	0.03212214218444751	0.2965377189749904	-3.5651087286397125	
ANXA5	0.3409140727690899	0.02761749366507077	0.654210651873109	6.5063754377125	-2.163496083404425	0.03330626905332073	0.2965377189749904	-3.5916800435268925	
S10AA	0.26121640022076265	0.019420502227617015	0.5030122982139082	6.6121152401	-2.1479212193247035	0.034562427919247116	0.2965377189749904	-3.618813236585816	
FIBG	-0.5254809857931562	-1.0123325404120687	-0.038629431174243556	6.2111268818375	2.1459879643693345	0.03472118861416027	0.2965377189749904	-3.6221691434029712	
F13B	-0.5556291972220937	-1.0760974851776512	-0.03516090926653603	6.210385219925	2.1225485014943586	0.03669705409185211	0.30516497613224386	-3.662645206511719	
IGLC2	-0.36469990413785613	-0.7105265910007266	-0.018873217274985754	6.418512605025	2.096737112118778	0.03898493626608076	0.3158779451302954	-3.7067624104970274	
TRFE	-0.38011947807888463	-0.7430978402643631	-0.017141115893406167	6.3454070419375	2.082122247733683	0.040334269284630964	0.31806349750994956	-3.7315302058455613	
HV309	-0.34246374714014444	-0.6710412888560875	-0.013886205424201381	6.3724816142375	2.072256761301846	0.04126773227186054	0.31806349750994956	-3.7481622684510825	
CO4B	-0.38077360513880315	-0.7554480388280546	-0.0060991714495517435	6.2598994008624995	2.0205965792350042	0.04646552125720328	0.3425200717329275	-3.8341058709551854	
A1BG	-0.2877396810123062	-0.5710599372769334	-0.004419424747678924	6.560299310975	2.0192447804967038	0.0466087439383414	0.3425200717329275	-3.8363287615753814	
HV102	-0.43596122310280266	-0.867927594924648	-0.0039948512809573344	6.424412092625	2.0066182635182037	0.047964875217976065	0.3444750129291008	-3.8570274530298487	
FHR3	-0.531922937381238	-1.0625729935657056	-0.0012728811967702702	6.2258249889625	1.9930001929821006	0.04946518528395434	0.34735552332732383	-3.8792212290997563	
ANXA6	0.36272483290250507	-0.0056272267812108034	0.731076892586221	6.4802603850375	-1.9578572507589933	0.053523111310199496	0.34787336867574226	-3.935867557639444	
HV307	-0.35631029284769095	-0.7187586396024368	0.006138053907054852	6.4950646214	1.954560339291423	0.053917925317778746	0.34787336867574226	-3.9411352810282656	
CO3	-0.3166307884303685	-0.6413209599763272	0.00805938311559018	6.363478051325	1.938879580370517	0.05582976554100897	0.34787336867574226	-3.966080073115907	
VTDB	-0.2854581325656749	-0.5786632211422869	0.007746956010936945	6.4370266698	1.935698681482698	0.056224521732801486	0.34787336867574226	-3.9711181049802096	
KV315	-0.43688750114447017	-0.8859361037563962	0.01216110146745586	6.4039708619875	1.9343858561673535	0.056388134237999134	0.34787336867574226	-3.973195232618421	
HV330	-0.36785199354366943	-0.7469554064099226	0.011251419322583722	6.5149187305	1.929222227235933	0.05703557646354383	0.34787336867574226	-3.9813526863887936	
SRPX2	-0.32276068092276	-0.6568574660390318	0.011336104193511776	6.4804793046	1.9207691133772498	0.058109052250954724	0.34787336867574226	-3.9946643208614683	
PEDF	-0.3471866960695307	-0.707187195368634	0.012813803229572596	6.4882299999625	1.9174621900989561	0.058533628960744474	0.34787336867574226	-3.999857556947365	
IPSP	-0.34055233117464473	-0.6958036176353979	0.014698955286108484	6.349149194625	1.9059655004645093	0.06003014911056497	0.34787336867574226	-4.017849112098165	
AACT	-0.367433995364003	-0.7515169140206381	0.01664892329263218	6.3655539689	1.9020467146685278	0.060547579991031095	0.34787336867574226	-4.023959368319641	
HV551	-0.38824765531577093	-0.8018704865836861	0.025375175952144224	6.4318925721875	1.8662558224829007	0.06544971678134275	0.36783336829768276	-4.079237314978371	
CBPB2	-0.32379860780357006	-0.6699331116589375	0.022335896051797366	6.27308728635	1.859931376217063	0.0663496898511643	0.36783336829768276	-4.088906045537996	
HDGR2	0.255656373111062	-0.019655927475362822	0.5309686736974868	6.496130741975	-1.8462811897602427	0.06832751544076096	0.37226715309104247	-4.109672452741577	
ANXA2	0.23359059764209283	-0.020615162947578147	0.4877963582317638	6.5737532879125	-1.8269926785515662	0.07120619182955405	0.38137553590066237	-4.138778875591202	
CTHR1	-0.2576121037039571	-0.5432439027225239	0.028019695314609683	6.6346799798875	1.7931909815376539	0.07649466967133393	0.3940215045668006	-4.189112045444443	
HRG	-0.27987347537498414	-0.5928134622561115	0.03306651150614326	6.276076192175	1.7781464122071373	0.07895120441643041	0.3940215045668006	-4.211237689632671	
LEG3	0.227835035784656	-0.02768295953627667	0.4833530311055887	6.4922084652875	-1.7728249490514063	0.07983560177986211	0.3940215045668006	-4.219022892031983	
CERU	-0.34515595516433895	-0.7333065098715756	0.042994599542897693	6.278641887725	1.767998925971738	0.0806447300719911	0.3940215045668006	-4.226064757067288	
RNAS4	-0.37616649302129423	-0.8011162750140728	0.04878328897148426	6.4567727093375	1.759986491769357	0.08200305011437622	0.3940215045668006	-4.237717125432083	
ITIH2	-0.2739789723159667	-0.5862507643017494	0.03829281966981596	6.2779110241375	1.7444210309123678	0.0846957870787633	0.3940215045668006	-4.260214669218148	
IBP5	0.36244748576836444	-0.05073446620413108	0.7756294377408599	6.3417994414625	-1.7440968011273361	0.08475264191599072	0.3940215045668006	-4.260681340186229	
S10A4	0.29486562334329314	-0.04182811405977438	0.6315593607463607	6.635875400025	-1.741229202879956	0.08525685433340324	0.3940215045668006	-4.264805260866445	
HV439	-0.358170370907875	-0.7681218422415381	0.051781100425788096	6.4759933704125	1.7370968961787554	0.08598778019638932	0.3940215045668006	-4.2707369828527355	
HSP7C	0.21497936219855612	-0.03117384919292937	0.4611325735900416	6.613457518575	-1.7364332811100596	0.08610563977442326	0.3940215045668006	-4.271688360038887	
FHR1	-0.42793729151257587	-0.9214301004285625	0.06555551740341087	6.2461563589999995	1.7241146500261237	0.08831767540256054	0.3940215045668006	-4.2892878736730395	
KVD15	-0.39454002555969214	-0.8498283831009547	0.06074833198157037	6.52347397055	1.722944787944811	0.08853014817798367	0.3940215045668006	-4.290953239479838	
HS71B	0.2830862832502664	-0.046388012400936096	0.612560578901469	6.6254265416875	-1.708299938709022	0.09122562049789214	0.39472210287241133	-4.311712765271459	
TRYB2	0.5470113302356623	-0.09092148330739569	1.1849441437787203	5.9809924422	-1.7048580217873803	0.0918687768179178	0.39472210287241133	-4.316568044620544	
ITIH1	-0.23750645785741156	-0.5149805148255026	0.03996759911067946	6.462671705575	1.7018445010891157	0.09243492282455203	0.39472210287241133	-4.320811587292125	
CO2	-0.28383921107102966	-0.617674154790443	0.04999573264838364	6.5100311437625	1.690469868733296	0.09459760278091313	0.3985712330502473	-4.336766443269948	
TETN	-0.25802733487187024	-0.5654605312260683	0.04940586148232784	6.5382315832	1.668713553374183	0.09884907209124376	0.41006307152183097	-4.367007496853049	
CAD13	0.2774637057640565	-0.05419319347053131	0.6091206049986443	6.666762785725	-1.6633513054633922	0.09992043198474995	0.41006307152183097	-4.374405212310552	
HV349	-0.3824248764906404	-0.844731278919518	0.07988152593823733	6.3226017901625	1.6446862598197658	0.103723336946963	0.41468644470985955	-4.399983060665208	
MGP	0.5738717168663526	-0.12393935885382323	1.2716827925865286	5.7303589092	-1.635098047494682	0.10572192499845777	0.41468644470985955	-4.413018135088811	
CO8G	-0.31065487906200373	-0.689759937771917	0.06845017964790956	6.1051794495125	1.6292413968433357	0.10695791612488942	0.41468644470985955	-4.420945331996586	
KV320	-0.28654285013910513	-0.6365383837072058	0.06345268342899563	6.7369261045875	1.627773265105463	0.10726957124303715	0.41468644470985955	-4.422928356270236	
IGLL5	-0.32134610704942906	-0.7142513102370096	0.07155909613815142	6.30974023925	1.6261181601685488	0.10762179444914928	0.41468644470985955	-4.425161933273292	
CLUS	-0.23024474700934805	-0.5130701524867698	0.05258065846807364	6.4870717361125	1.6185948316047067	0.10923459839827084	0.41468644470985955	-4.435288070228927	
HS90B	0.2756840065651109	-0.06392546327991733	0.6152934764101391	6.4536471294875	-1.6139817404712364	0.11023310555578546	0.41468644470985955	-4.441475506134743	
BGH3	0.2507035864054419	-0.06027988479795321	0.561687057608837	6.4216852858125	-1.6028396492452253	0.11267509805663	0.4188862468928833	-4.456352274548428	
HSPB1	0.29238746491446627	-0.07329605139345152	0.658070981222384	6.6101554750125	-1.5897184059449925	0.11560629648121484	0.42478592660539405	-4.473748339048186	
CFAD	-0.26348588510369253	-0.5954747592850934	0.06850298907770835	6.4755378051125	1.5779769773771533	0.11828068776424155	0.42961721072988884	-4.489201872285365	
LV310	-0.34604944128861254	-0.7863297056522309	0.09423082307500591	6.3392360185	1.5627005712529036	0.1218339158895061	0.4353660321382519	-4.509147684631154	
IBP6	-0.2828634613733591	-0.644235916123844	0.07850899337712575	6.94890167555	1.5562832482520756	0.12335166717457015	0.4353660321382519	-4.517472389584696	
C1S	-0.263982924237077	-0.6023442220526589	0.07437837357850502	6.286599843225	1.551179263693939	0.1245694973035733	0.4353660321382519	-4.52407050355848	
PCOC1	-0.20063246333951062	-0.45835088127533324	0.057085954596311994	6.601345535475	1.547827597629754	0.1253743953309523	0.4353660321382519	-4.5283922871498925	
PERM	-0.4121093744914149	-0.9455088651523644	0.12129011616953472	5.762238194825	1.5361256260482028	0.12821698942639853	0.440397485421108	-4.543412624837512	
HPT	-0.3772871909716639	-0.8707516379028266	0.11617725595949885	6.211581619975	1.520138050551731	0.13218276264510878	0.44694565127292923	-4.563761000148876	
APOA2	-0.321527019870958	-0.7429088289364644	0.09985478919454838	6.2551683354875	1.5170801606804711	0.1329521874039726	0.44694565127292923	-4.567630196994179	
CO6	-0.19770678971262526	-0.46099840456043184	0.0655848251351813	6.4005042648	1.4929710730675223	0.13914268485089204	0.4475243500240527	-4.597879294009497	
A1AG2	-0.3536253743659619	-0.8256539303046907	0.11840318157276686	6.1667040550125	1.4895050662763007	0.14005093178588177	0.4475243500240527	-4.602190531564202	
TRFL	-0.38054510608528785	-0.8910440716291694	0.12995385945859378	5.6000116391625	1.482102063293241	0.14200638600021556	0.4475243500240527	-4.61136725572574	
VWF	-0.3581319112893428	-0.8394337882520486	0.12316996567336308	6.2353189073875	1.4794227820716657	0.14271933711981571	0.4475243500240527	-4.614677865189496	
PROC	0.43377103026383124	-0.15188949970542764	1.0194315602330901	5.820981622175	-1.4725885688569071	0.14455056938634248	0.4475243500240527	-4.623096884565714	
SRP14	0.16885687757980508	-0.05973351153843143	0.3974472666980416	6.5999554684875	-1.4686815001294125	0.14560567423844384	0.4475243500240527	-4.627893466061479	
CFAB	-0.21329505123543224	-0.5020974024076523	0.07550729993678779	6.344642296925	1.4684085068906827	0.1456796198395577	0.4475243500240527	-4.628228161903804	
APOB	-0.2668202849718502	-0.6281780153997748	0.09453744545607445	6.2033863337625	1.4680752967458623	0.14576991602428896	0.4475243500240527	-4.628636605515538	
APOH	-0.23859840500974497	-0.5619753895466572	0.08477857952716719	6.4254552849625	1.4669836255813082	0.14606605202994039	0.4475243500240527	-4.629974146061461	
CYTB	0.2545980452698784	-0.09152078163282001	0.6007168721725769	6.467797967975	-1.462502708126878	0.14728649494462495	0.4475243500240527	-4.635454436923647	
IGKC	-0.40172072021417815	-0.9548985775248648	0.15145713709650854	6.031929217325	1.4438639791337569	0.15244831914008053	0.45879684617395666	-4.658080302193304	
DERM	-0.21534031199607112	-0.5150110842113282	0.08433046021918594	6.58599310965	1.4287221837413093	0.15674395251178883	0.46339546692560607	-4.676259284337754	
ALBU	-0.26578277564046887	-0.6357992382895061	0.10423368700856833	6.2752868463375	1.4281460488242412	0.1569092245602527	0.46339546692560607	-4.676947402909603	
AFAM	-0.25973253951122105	-0.6246120759931721	0.10514699697073004	6.25966227725	1.4152843077686001	0.1606338896564239	0.4700028623280551	-4.692240699609465	
A4	0.24702655605108328	-0.10323394434122832	0.5972870564433949	6.3341209540625	-1.4022302020371293	0.1644834151704959	0.47636235148497347	-4.707628728497653	
APOM	-0.28195906080043553	-0.6835190253999688	0.11960090379909777	6.0559105876	1.3960548607661738	0.16632892186395803	0.47636235148497347	-4.71486105689811	
HV315	-0.28309878580184245	-0.6872451259904799	0.1210475543867951	6.3346502169	1.392727636144942	0.16732981333807614	0.47636235148497347	-4.718745228473597	
LV319	-0.30229206684383314	-0.7363715848921667	0.13178745120450042	6.3817244467625	1.3845998902517755	0.16979414974716955	0.47906206535808554	-4.728196506170341	
RNAS1	-0.2559975928705739	-0.6269577251636159	0.11496253942246815	6.07892313455	1.372067511497298	0.17364810297454092	0.4856000047783622	-4.742666742191332	
FBLN4	-0.22666428525837867	-0.5586574112625284	0.10532884074577104	6.5293669809125	1.357440619303193	0.17822986593800416	0.49404068102113435	-4.759397230777083	
CO8B	-0.2737154096395269	-0.6789349491087854	0.1315041298297316	6.269699547625	1.3429990531413158	0.18284283144351468	0.5024203020534839	-4.775748380158727	
APOA4	-0.2485696355384157	-0.620133283757965	0.12299401268113358	6.3534879680125	1.330092039530806	0.18704133933676528	0.5069246285350888	-4.790221122855581	
ANXA4	0.2139822564942461	-0.10635582509965832	0.5343203380881505	6.5974582105375	-1.328116063945036	0.18769044790697906	0.5069246285350888	-4.792425046029875	
ANXA7	0.19560748441908168	-0.1011512546363523	0.49236622347451564	6.4294279102	-1.3105354947949834	0.19354033632194279	0.5081303324274604	-4.811896114258315	
LAMA4	0.20841321347624417	-0.10796731146931596	0.5247937384218043	6.6498853204	-1.3097317170785632	0.19381101303110337	0.5081303324274604	-4.812780407267797	
FRIH	0.3625621398580442	-0.1881349679819917	0.9132592476980801	5.688578071325	-1.3089904945379456	0.1940608745249247	0.5081303324274604	-4.813595419956985	
CO7	-0.1726882724154451	-0.43616681647071825	0.09079027163982806	6.371408592775	1.3031200500772482	0.19604826987976492	0.5081303324274604	-4.820034720390943	
ITA1	0.18840138581207547	-0.10024831061764447	0.4770510822417954	6.5660883866125	-1.297716495263499	0.19789098236697739	0.5081303324274604	-4.825937458990024	
HDGR3	0.20018903482487888	-0.10785281090120308	0.5082308805509608	6.7097475135125	-1.2921038063808366	0.19981863488853424	0.5081303324274604	-4.8320438416922595	
CO1A2	-0.24569922153364934	-0.6255234615507986	0.13412501848349992	6.0400371941875	1.286139095801343	0.20188244756013346	0.5081303324274604	-4.838505484515542	
SOST	-0.4268163009964344	-1.0869742768745076	0.23334167488163882	6.10979813295	1.285464122933044	0.20211698326183866	0.5081303324274604	-4.839234890645635	
NPC2	0.25119522578709264	-0.13775695012444544	0.6401474016986307	6.2725061060375	-1.284050229016065	0.20260893001854435	0.5081303324274604	-4.840761621566287	
IGHD	-0.31807812072036495	-0.8137368570196271	0.17758061557889715	6.2030244867499995	1.2759036170332188	0.20546074627106262	0.5092325451243166	-4.849527076862441	
CO8A	-0.23768701094897887	-0.6087419101257929	0.13336788822783519	6.226216347925	1.273603125427204	0.20627141068326746	0.5092325451243166	-4.851992657793953	
ANGI	-0.23650832695627014	-0.6075482938507555	0.13453163993821518	6.6097962042	1.267338360337764	0.2084910156403015	0.5107221778475602	-4.858685410724661	
LRP1	0.17706163656051885	-0.10317828839852214	0.4573015615195598	6.5523454771125005	-1.256207271914767	0.21247813204653154	0.5132550674527394	-4.8704989822559375	
APOE	-0.23457414916785313	-0.6072159606420549	0.13806766230634865	6.4032620171875	1.2515707489029588	0.21415535314124554	0.5132550674527394	-4.875390331140195	
FETUA	0.43295075878870615	-0.2551969869980879	1.1210985045755002	5.5185857327	-1.2509030477435268	0.21439768640430887	0.5132550674527394	-4.87609330182029	
CD9	0.21341517847439054	-0.12831020759563336	0.5551405645444144	6.648936732625	-1.2416949025926447	0.21776020463488005	0.5144371991860742	-4.885751165470895	
B2MG	0.2399387565545959	-0.1452049467855387	0.6250824598947304	6.0414130567625	-1.2386381123127563	0.21888493286430247	0.5144371991860742	-4.888942119426134	
SFRP4	-0.23988420887455367	-0.6264970438164081	0.14672862606730078	6.6442409813625	1.2336507564696308	0.22072910697462156	0.5144371991860742	-4.8941321750135565	
KLKB1	-0.17814834158825318	-0.46753360285742274	0.11123691968091634	6.4248312795875	1.2239740568192725	0.2243395500261169	0.5144371991860742	-4.904144839285158	
HGF	0.2045510966971178	-0.12779694357958843	0.5368991369738241	6.5095089187875	-1.2237015979105175	0.2244418245173766	0.5144371991860742	-4.904425662080287	
CO9	-0.221657422540601	-0.581969756772714	0.13865491169151206	6.250956934025	1.2231225887015353	0.22465928318885522	0.5144371991860742	-4.905022246264505	
PLF4	-0.3127304127032856	-0.825176780650865	0.19971595524429375	6.432959862	1.2133568205077998	0.22835012475070254	0.5150983028166388	-4.915043580413928	
PGS1	-0.21814744797852975	-0.5765516822073207	0.14025678625026122	6.528539303425	1.2101629205034727	0.22956670262710357	0.5150983028166388	-4.9183043149151375	
GAS6	0.33552005696590975	-0.21604496523862787	0.8870850791704474	6.157036271625	-1.2094519152601724	0.22983816676312047	0.5150983028166388	-4.919029074490075	
OSTP	0.4681703556148597	-0.3086261965363822	1.2449669077661016	5.1968471562125	-1.1982942039639162	0.23412868525030864	0.5210187643598418	-4.93034899566458	
CO5A1	-0.16833360258926008	-0.4529555606470407	0.11628835546852048	6.3919720102125	1.1758969207458216	0.24291487147977328	0.5327065071542337	-4.952767165786618	
APOC3	-0.3008673675613195	-0.8102127754672452	0.20847804034460626	6.0837466767125	1.174436467888154	0.24349587633128175	0.5327065071542337	-4.9542148370374655	
CO1A1	-0.23494308644651	-0.6334856763214698	0.16359950342844978	6.034865888475	1.172073287660141	0.24443811246001232	0.5327065071542337	-4.956553664203334	
LAMC1	0.16884301305086652	-0.12056399220990088	0.4582500183116339	6.37664403295	-1.1599543328844673	0.24931105860778163	0.5365115902654346	-4.968476392236309	
SAMP	-0.2109416342501227	-0.5734203047536386	0.1515370362533932	6.6981384712250005	1.157035508113888	0.25049495404241856	0.5365115902654346	-4.971330105482284	
APOC2	-0.28945367446646403	-0.7900319195815979	0.2111245706486698	6.113277806675	1.149671942751444	0.2534994018419757	0.5365115902654346	-4.978498594246348	
A1AT	-0.22358803100551944	-0.6132372019284237	0.1660611399173848	6.409839823775	1.140884374266972	0.2571181740339019	0.5365115902654346	-4.986995565000272	
CO4A1	-0.19914630468344038	-0.5470646613446412	0.14877205197776036	6.318963400475	1.138051055464339	0.2582926931269165	0.5365115902654346	-4.989721772399543	
MUC18	0.20377437164781662	-0.15396667794435384	0.5615154212399871	6.7130312782	-1.1325245442284004	0.26059452448440484	0.5365115902654346	-4.995020523348095	
COCA1	-0.2598928408993069	-0.7161662438086069	0.19638056200999315	6.2819765473124995	1.1324942350361507	0.2606071881760101	0.5365115902654346	-4.995049514749167	
CO5	-0.18413293558904453	-0.5077759681598697	0.13951009698178068	6.331285762225	1.131180870853513	0.26115635008165866	0.5365115902654346	-4.996305056358299	
HS90A	0.20373955106529384	-0.15528030090346073	0.5627594030340484	6.4408473108	-1.1282977405255505	0.26236473879535327	0.5365115902654346	-4.999056317684899	
BCAM	0.21848710063710866	-0.16867179730876405	0.6056459985829814	6.4262098365875	-1.122027222050099	0.2650064174488803	0.5365115902654346	-5.0050166130983795	
FA10	0.2860098689525404	-0.22214246333812887	0.7941622012432097	5.8723156289625	-1.1190614439903899	0.26626233247426273	0.5365115902654346	-5.007824482681407	
A1AG1	-0.31353063725027963	-0.8709260120264339	0.24386473752587468	5.7223412948125	1.1183647284142668	0.26655797364453554	0.5365115902654346	-5.008483060740688	
IGHA2	-0.26505379541863205	-0.7407485544739449	0.21064096363668083	6.30611005665	1.1078284089487151	0.2710569432556291	0.5421138865112582	-5.018394284835613	
HV169	-0.2722935626048202	-0.764837332829796	0.22025020762015568	6.2964742727125	1.0991561161103922	0.27479950041370316	0.5461424033379257	-5.026483981191292	
PTN	-0.282320267873357	-0.7951644597420635	0.23052392399534943	6.3989744457	1.0945193734502505	0.2768151684541617	0.5467099576969694	-5.030783990088849	
CO3A1	-0.25009099982483707	-0.7110356476325863	0.21085364798291223	5.9337315901625	1.0787383618631452	0.2837521621758761	0.5541625681441698	-5.045287028798958	
RARR2	-0.1965859223048996	-0.5603126094541333	0.16714076484433413	6.6180670780125	1.0745931911269881	0.2855939898507342	0.5541625681441698	-5.049062677854131	
A2MG	-0.2036923625770194	-0.5807689237135885	0.17338419855954973	6.3134262435875	1.0740191990323231	0.2858496791376572	0.5541625681441698	-5.049584390963371	
ITB1	0.1388015058014734	-0.12018840464908762	0.3977914162520344	6.7088440577875	-1.065560638120055	0.28963586900428123	0.5563955410633893	-5.057241217768249	
COMP	-0.1720318981426978	-0.4936212626445502	0.1495574663591546	6.4031508053	1.0635897439837538	0.2905229882134786	0.5563955410633893	-5.059016871027297	
CATZ	0.16434033460728298	-0.14836218359723596	0.4770428528118019	6.282178634875	-1.0449117800837815	0.2990224722374177	0.5691702227389194	-5.075686212766012	
ITB3	-0.19187078221097462	-0.5583079983870032	0.17456643396505397	6.411537264775	1.0410608338349379	0.30079565568797323	0.5691702227389194	-5.079087385412011	
HSP74	-0.15347991678453976	-0.4492092340079267	0.1422494004388472	6.551144228375	1.031867684277101	0.30505745406746126	0.5709416288892531	-5.087157504012024	
CO6A1	-0.15159346828042333	-0.4438629447726222	0.1406760082117756	6.4069590602375	1.031249769872883	0.30534536481735375	0.5709416288892531	-5.087697440364735	
TIMP2	0.12745402782633944	-0.1246420090885392	0.3795500647412181	6.5608949697375	-1.0052044056884382	0.31764780453350056	0.5872703192057456	-5.110170030067632	
S10A8	0.3194614388529501	-0.3141274700300718	0.953050347735972	4.9342574024875	-1.0024846103254843	0.3189513010653451	0.5872703192057456	-5.112484495192768	
FRIL	0.3328930348968973	-0.32829908434189253	0.9940851541356872	5.5015028609125	-1.0010225871847562	0.31965346488414	0.5872703192057456	-5.113726111757522	
LAMA5	0.18886078816909577	-0.19298435701292702	0.5707059333511185	6.5636362868375	-0.983379977844929	0.3282077422438511	0.5995008471043753	-5.128569915055681	
TAGL2	0.23002906065209003	-0.2371928035022701	0.6972509248064501	6.492496628925	-0.9788730800987671	0.33041699389164025	0.6000676440790708	-5.132320618790405	
CO5A2	-0.16448572702164138	-0.5039821323475918	0.17501067830430905	6.1968316313	0.9632962632479716	0.3381278979846247	0.6085387265492052	-5.145154544101583	
SAA4	-0.2137328312701495	-0.6556144609559315	0.22814879841563243	6.03531399485	0.9616834205169901	0.3389329616223421	0.6085387265492052	-5.146471917390972	
CATG	-0.21266457160415045	-0.6583275365988073	0.2329983933905064	6.053030418425	0.9487579703636899	0.3454299720754418	0.614998954951885	-5.156951667277516	
PDIA1	0.12291555250391153	-0.135201986752801	0.38103309176062405	6.4729181191375	-0.9467954421772294	0.34642346196656815	0.614998954951885	-5.158530754376829	
LYSC	-0.19197710635646267	-0.5999078507823924	0.21595363806946702	6.4884475515625	0.9356853730594924	0.352082578396817	0.621553602086001	-5.167409940006511	
LUM	-0.1467845932533678	-0.46136335320487226	0.16779416669813668	6.6381482674875	0.927722126245512	0.35617524413418866	0.6252854285911312	-5.173711206478135	
CAPG	0.1870000007278911	-0.2191476074240611	0.5931476088798433	6.2886307796625	-0.9154287448808943	0.3625530296315752	0.6328316872858314	-5.183335551474648	
ICAL	0.11850998640281438	-0.14004662376065172	0.3770665965662805	6.5571355894125	-0.9113100088519099	0.3647060025780815	0.6328316872858314	-5.1865319960695695	
CLC11	0.1425661566228059	-0.1696342208722467	0.4547665341178585	6.53925012425	-0.9079247498730457	0.3664816416876808	0.6328316872858314	-5.189148655785979	
PROZ	0.2461598018056414	-0.29542364010845085	0.7877432437197336	5.950530103375	-0.9036881608788293	0.36871153721006555	0.6332219878172866	-5.192409939737183	
SPP24	-0.2714136071032075	-0.8758176060400739	0.33299039183365886	5.7760773176375	0.8928348317558549	0.374463194126778	0.63962361807601	-5.200696641965066	
SFRP3	-0.19188982975032837	-0.6211780081271813	0.23739834862652454	6.55949626245	0.8887300511530322	0.3766531356912516	0.6399053273034166	-5.20380517605341	
PGCA	-0.19946312981769684	-0.6500493847571013	0.25112312512170754	6.5816661905	0.8801395298109583	0.38126222208352234	0.6442719902587865	-5.210265360535456	
APOA1	-0.1794842417297049	-0.5871013323197893	0.2281328488603796	6.30513017265	0.8754690088029297	0.3837828266333102	0.6450817724262022	-5.2137518690674485	
CATD	0.14691588840896566	-0.19379548732454335	0.4876272641424747	6.4035189874875	-0.8573318707695978	0.3936692246217217	0.6581982803199157	-5.227118765012644	
FCGBP	0.21594166499125708	-0.29214231520913503	0.7240256451916492	6.2484861433125	-0.8450215426392972	0.40046806641818833	0.665104851374275	-5.236035074230753	
APOD	-0.17786839694638223	-0.5977487097858308	0.24201191589306636	6.26255535135	0.8422482474052401	0.4020095778876156	0.665104851374275	-5.238026302750727	
SFRP2	0.17729682999654633	-0.24406433356347468	0.5986579935565673	6.38147366115	-0.8365912214417062	0.40516519614553004	0.6668343853228514	-5.24206814283289	
APOA	-0.27833606021204443	-0.9523307526109455	0.39565863218685654	6.030569288075	0.8210693417767182	0.41390072422712265	0.6776820147967397	-5.253020923279053	
OLFL1	-0.14315894971240856	-0.5000611567684343	0.21374325734361727	6.47608074955	0.7975099442008217	0.4273743521243978	0.696135542635617	-5.2692602798578365	
LECT2	-0.15499166175227222	-0.5453123327628071	0.23532900925826264	6.5764532312375	0.7895027007428166	0.4320122637957857	0.7000814120998374	-5.27467383218502	
CO6A2	-0.1317806367639621	-0.46569541041565243	0.20213413688772827	6.41754905075	0.784662331758639	0.4348302093809375	0.7010527865529401	-5.2779202688905835	
QSOX1	-0.10726527532455947	-0.3817348409299552	0.16720429028083622	6.3957811196125	0.7770192781549585	0.4393017323688073	0.7046667382159548	-5.283006483237527	
C1QBP	0.12419959117131774	-0.1985480151099151	0.44694719745255057	6.57800529765	-0.7651101677274559	0.4463223776831212	0.7123124815548804	-5.290833996568835	
S10AD	0.13293743370175032	-0.21435843311680453	0.48023330052030516	6.481626571525	-0.7610523178279176	0.4487293268905661	0.7125551120473311	-5.293473924523153	
VINC	0.16625343567533804	-0.27269270335383644	0.6051995747045126	6.5115764297125	-0.7530541958540297	0.453495372729497	0.7165226889126053	-5.298636818267163	
IGHM	0.17212805353679214	-0.292459262454423	0.6367153695280072	6.2044978085625	-0.7366329583534376	0.4633712728477619	0.7284841901487202	-5.309068550679372	
HMCN1	-0.12775010398976513	-0.4757025776747337	0.22020236969520343	6.5029505057375	0.7299753097737327	0.46740974340366626	0.7311954401760324	-5.313233314638311	
TENA	0.14382180335978062	-0.25818535117620145	0.5458289578957627	6.39853901585	-0.7113081500328065	0.4788383028799914	0.7447457190875573	-5.324711946060016	
AEBP1	-0.13956004066397065	-0.5323344530258552	0.25321437169791394	6.350697284175	0.7064553800556442	0.4818345459805934	0.7447457190875573	-5.3276479364448335	
S10A9	0.22403526747460173	-0.4083751261808471	0.8564456611300506	4.9905660180249996	-0.7043430412040619	0.4831420013068014	0.7447457190875573	-5.328919735423827	
THRB	0.1935233333716072	-0.35760236102018683	0.7446490277634013	5.8369319677125	-0.6981512405489579	0.48698575602449856	0.7470266937074832	-5.332626048090171	
SLPI	-0.15626304944848515	-0.6053530054808148	0.29282690658384447	6.455445802625	0.6918147069504408	0.4909367012685001	0.749449263772203	-5.336385555841972	
CRIP2	0.15928420672232718	-0.31234756858773566	0.63091598203239	6.6004749896	-0.6714852802558137	0.5037299546618565	0.7652820465055128	-5.348218650713516	
FCN3	-0.16817621933513574	-0.681675047847521	0.34532260917724955	6.2890030679125	0.6511663731804515	0.5166934179662261	0.7704010759826054	-5.359697203243652	
LG3BP	0.1353434432954391	-0.27896836319706586	0.549655249787944	6.4517744934875	-0.6494964010576632	0.5177666320220105	0.7704010759826054	-5.360625101006592	
FA9	0.10379350999100728	-0.21705028534205267	0.42463730532406724	6.324973120325	-0.6431960827791405	0.521826098306545	0.7704010759826054	-5.364104578765662	
PGS2	0.1771946906181516	-0.371259821386715	0.7256492026230182	6.272990500375	-0.6423576907522953	0.5223675503413332	0.7704010759826054	-5.364565069288306	
VTNC	-0.13303792620388394	-0.5480543397586668	0.28197848735089887	6.191166615125	0.6373485917217778	0.525608648152306	0.7704010759826054	-5.367303962624436	
LV147	-0.09941409449894321	-0.4095863505701875	0.21075816157230104	6.6934572665125	0.6372529422181334	0.5256706390974201	0.7704010759826054	-5.3673560558744	
CO4A	-0.12899674292384503	-0.5362814961733807	0.2782880103256906	6.518510100375	0.6297199167685522	0.5305647551468793	0.7704010759826054	-5.371434451022264	
MANF	0.08431417981933069	-0.18346028309584367	0.3520886427345051	6.5501287012875	-0.6260345469555023	0.5329676432730217	0.7704010759826054	-5.3734122392842005	
FHR2	-0.12877597961074808	-0.538009844648461	0.2804578854269649	6.208853277975	0.6256481057229059	0.5332199299255105	0.7704010759826054	-5.373618961250817	
SERPH	0.10233489029252607	-0.22519821653830147	0.4298679971233536	6.521687116325	-0.6212055979158251	0.5361246110325524	0.7704010759826054	-5.3759863536348185	
ECM1	-0.13918980200667994	-0.585271910267981	0.30689230625462116	6.477514697025	0.6203823728115357	0.5366637559554518	0.7704010759826054	-5.376423213184958	
COFA1	-0.08602390996389302	-0.361927102811596	0.18987928288380995	6.4186870312	0.61991092331007	0.5369726416467243	0.7704010759826054	-5.376673138361732	
DCD	-0.1304428199293176	-0.5506918978906372	0.289806258032002	6.5004070860375	0.6171350982632496	0.5387931575701133	0.7704010759826054	-5.378140847941608	
COIA1	-0.08897257704811863	-0.3923327913213299	0.2143876372250927	6.8461106906	0.5831286568017483	0.5613486857530021	0.7990368680087777	-5.395592216236446	
CBPA3	-0.2197616282007911	-0.9798210145119643	0.540297758110382	5.7033033032625	0.5748720242307632	0.5668944211452662	0.803312273909884	-5.399681532844834	
LV321	-0.11140697263970786	-0.5013156707826227	0.27850172550320706	6.34833581475	0.5680888775222029	0.5714703684142666	0.8061814125844118	-5.402997820578677	
HEP2	-0.09602507532298754	-0.4350061560956312	0.24295600544965612	6.3204792904	0.5632173613196644	0.5747677145022321	0.8068810382277916	-5.405355434916179	
FGL2	0.0980872226260028	-0.2502752879183928	0.4464497331703985	6.5465331712625	-0.559819294859085	0.577073147593294	0.8068810382277916	-5.406988041428285	
LTBP1	0.09290913470616859	-0.24451989052877882	0.43033815994111596	6.6635424945125	-0.5474479264123032	0.5855038028750577	0.8147118317390806	-5.412849114879947	
TINAL	0.10604497541592289	-0.28266478558980884	0.49475473642165463	6.561434382875	-0.5424147443852286	0.5889503222057912	0.8147118317390806	-5.41519646319454	
PROS	-0.10572924273057141	-0.49616364705332683	0.28470516159218395	6.182323013675	0.5384109438649819	0.5916987500659738	0.8147118317390806	-5.417048373437825	
CD44	0.08792373099465252	-0.2378922759903787	0.4137397379796837	6.5022840318625	-0.5365380531010225	0.5929864598100902	0.8147118317390806	-5.417909983396408	
SODE	0.1168410932444044	-0.33002899594521223	0.5637111824340211	6.576278824775	-0.5198537275880458	0.6045150382607434	0.8269556367549563	-5.425453981291944	
CATB	0.093956392312858	-0.27491173464615887	0.4628245192718749	6.286946771775	-0.5064330489502741	0.613862110353534	0.8337450397455578	-5.431350599684745	
HSP72	0.09401257491442142	-0.27771128460426797	0.46573643443311086	6.635770863675	-0.5028429286932478	0.6163734671202952	0.8337450397455578	-5.432902020741313	
SULF1	0.0683551433429415	-0.2027047622920995	0.3394150489779825	6.5824616877125	-0.5013866343914414	0.6173934787989257	0.8337450397455578	-5.433528213142796	
LTBP2	-0.09179953892963966	-0.4586193192461859	0.27502024138690656	6.5458109532125	0.49757046176133934	0.6200699478940518	0.8337961852532781	-5.43516057310851	
FBLN3	-0.11165058865641303	-0.5807869001429637	0.35748572283013774	6.4276595251875	0.47318264253086323	0.6372942551621585	0.8533262060645852	-5.445299764911649	
APOC1	-0.10458884868105009	-0.5878981536167909	0.37872045625469064	6.265068152825	0.4302561263432643	0.6680968667062159	0.8907958222749546	-5.461915857324408	
SPRL1	0.09824216103813842	-0.3691632069819333	0.5656475290582101	6.4957593519375	-0.4178987271521818	0.6770736330521514	0.893152596524248	-5.466407974652084	
TTHY	-0.07815446848471469	-0.4512152789153902	0.2949063419459608	6.3649843248749995	0.416524950662826	0.6780745026610016	0.893152596524248	-5.466899318626699	
PGBM	0.0604394273382403	-0.22831689900186358	0.3491957536783442	6.539034138325	-0.41615552988574456	0.6783437441956315	0.893152596524248	-5.4670311706802766	
ADIPO	-0.06651958473015046	-0.39266015430467016	0.25962098484436924	6.6253437783625	0.40551931172894573	0.6861134449406395	0.8960081934961824	-5.4707774567476735	
C1QC	-0.07098830853491243	-0.41912083362664754	0.27714421655682264	6.538691886875	0.4054236368297697	0.6861834899559371	0.8960081934961824	-5.470810717178209	
TARSH	0.07140590843197195	-0.28987529553011737	0.4326871123940613	6.6479740644000005	-0.39296658092936665	0.6953267215709213	0.8982958714663348	-5.475074543926548	
PON1	-0.10272538083428095	-0.6275761428945996	0.4221253812260377	5.8099949350874995	0.38914258990077166	0.6981426010303946	0.8982958714663348	-5.476356848200042	
CADH1	-0.06613828005057093	-0.4067642284259178	0.27448766832477595	6.5727119742	0.386048620635757	0.7004240141657138	0.8982958714663348	-5.477385213653313	
ANT3	-0.056454031529796576	-0.34896977037096255	0.2360617073113694	6.4328269070375	0.3837183428723715	0.7021441200175322	0.8982958714663348	-5.478154347443353	
SDF1	-0.06837456442047118	-0.42378402120829084	0.28703489236734847	6.586690734125	0.3825008727160328	0.7030434201357594	0.8982958714663348	-5.47855434219075	
PRG4	0.0638109805034072	-0.2731961256121499	0.40081808661896434	6.3757543092	-0.37646377822791083	0.7075090264722788	0.8982958714663348	-5.4805190981439535	
TENX	-0.06471943335469456	-0.4069237396156938	0.2774848729063047	6.56017370265	0.37602443981171624	0.7078344050478398	0.8982958714663348	-5.480660864238976	
MSRE	-0.06749639661030024	-0.43827787079321856	0.30328507757261813	6.3562004337	0.36193401312895246	0.7182984188742085	0.903236502720523	-5.485120105828535	
CATS	0.07050225218769891	-0.32312742771679037	0.46413193209218817	6.2766416831875	-0.3561082136049396	0.7226407457034367	0.903236502720523	-5.486914232967921	
IGLC7	-0.0923362643524358	-0.6138431456698697	0.42917061696499814	5.9719083972125	0.3520295285964351	0.7256862702009504	0.903236502720523	-5.488153047630116	
IBP7	-0.09038671876927416	-0.6021881030450829	0.4214146655065345	6.5321116332625	0.351131669786519	0.7263572901392739	0.903236502720523	-5.48842384328656	
LTBP4	0.054490217176085515	-0.2561675303680555	0.3651479647202265	6.5676892807125	-0.34874114322541133	0.7281449048194503	0.903236502720523	-5.489141469347098	
KNG1	0.0676315520891513	-0.31921403815072463	0.4544771423290272	6.2149920236875	-0.3475990179234375	0.728999508348024	0.903236502720523	-5.489482605650306	
MFAP4	0.08603729908007296	-0.4138043926519545	0.5858789908121005	6.986931010775	-0.3422324037942426	0.7330196902330318	0.903236502720523	-5.491070601166926	
PXDC2	0.05241297550502357	-0.2539643346119408	0.3587902856219879	6.59799857985	-0.3401332224704652	0.7345942443011848	0.903236502720523	-5.491685053334419	
FBN1	-0.04585624195183288	-0.31935054267501173	0.22763805877134594	6.5252646232	0.33336270900950266	0.7396803829984264	0.9059651202616386	-5.493641171740148	
FMOD	-0.068326825095876	-0.4833151468907792	0.3466614966990272	6.6253632432	0.3273574302068441	0.7442013873803638	0.9079831598926447	-5.495343386233155	
LBP	-0.09244893637588676	-0.676310969197101	0.49141309644532744	6.23395418535	0.3148172500782212	0.7536709304514823	0.9131936945950562	-5.498798447637567	
C1QA	-0.05197721734869432	-0.3839585891653385	0.28000415446794985	6.578702563225	0.31129070088824257	0.7563408332283776	0.9131936945950562	-5.499745836064568	
HTRA1	0.051202940145474975	-0.2781971114935992	0.3806029917845492	6.6112752310875	-0.30905663640192155	0.7580337486328402	0.9131936945950562	-5.500340497915358	
C1QB	-0.060368448329601934	-0.45207101248619896	0.3313341158269951	6.506289354375	0.30642234775839533	0.7600314610079106	0.9131936945950562	-5.50103620248973	
FHR5	-0.06446434581038087	-0.5141981173936138	0.38526942577285206	6.291658243	0.28499084948168035	0.7763434972856347	0.9251761871317665	-5.506475386470874	
CD14	0.04917781505722476	-0.29781862573764617	0.39617425585209565	6.2809495950125	-0.28178057193439704	0.7787957864863735	0.9251761871317665	-5.507256264573259	
TSP1	0.0739208072973596	-0.45008507690731436	0.5979266915020336	6.002995792125	-0.2804770781152794	0.7797921501225171	0.9251761871317665	-5.507570810855303	
SAP	0.044827856129478434	-0.27836908760228857	0.3680247998612454	6.538008751025	-0.27577034425109914	0.7833929342150794	0.9251761871317665	-5.5086944780216305	
IBP3	-0.049253852046635675	-0.40919683876361035	0.310689134670339	6.301849790575	0.27206540551806857	0.786230645779231	0.9251761871317665	-5.5095656322953275	
OMD	-0.051970349551399085	-0.4342218968629295	0.3302811977601314	6.4585978389	0.2703169153245254	0.7875708681596367	0.9251761871317665	-5.509972676085865	
CO6A3	-0.04410803194507395	-0.3774791531135502	0.28926308922340227	6.4343480041125	0.26306104554310566	0.7931393124895931	0.9269861528692857	-5.511633834653734	
MIF	-0.06683870105498406	-0.5766483440936495	0.4429709419836814	6.405187943775	0.26066744338672526	0.7949786310999254	0.9269861528692857	-5.512171930626175	
FBLN1	-0.05072726692392204	-0.44913784923048916	0.3476833153826451	6.3794166857	0.25314971095814637	0.8007629917810954	0.9302981816280375	-5.513830035705517	
POSTN	0.053247973543220466	-0.3737692572426635	0.48026520432910447	6.4602935965375	-0.2479273975827836	0.8047877663006303	0.9315492093443194	-5.514953354661933	
YBOX1	0.02979920596028202	-0.21527642712110656	0.2748748390416706	6.6072873474125	-0.24175273485150203	0.8095532986439891	0.9336454101149654	-5.516251364158422	
PLTP	0.05539416258309445	-0.41045518506301804	0.5212435102292069	6.4521810217125	-0.23642061720500104	0.813674362434814	0.9349858128341862	-5.517345959487165	
CSPG2	0.04293107612346945	-0.32425381344982207	0.410115965696761	6.618419069275	-0.2324629854952689	0.8167365240981318	0.9351041362862669	-5.5181426356922465	
IGF2	0.052972528525735446	-0.409003208649671	0.5149482657011419	6.044713292975	-0.2279808525832479	0.8202079500786785	0.9356884917865069	-5.519028677715926	
CO4A2	0.03217422211444614	-0.253213946317538	0.3175623905464303	6.4997151364625	-0.22415009562557517	0.8231777301040261	0.9356984270247203	-5.51977230085722	
ITB2	0.04033757625139525	-0.32899606530584025	0.4096712178086308	6.0769189367375	-0.21714896731894315	0.8286119642364731	0.9362480158950118	-5.521098837504431	
DEF1	-0.05626056979237837	-0.5853850382087852	0.47286389862402844	5.4898429854875	0.2114039599921402	0.8330774611926193	0.9362480158950118	-5.522155970319022	
CMA1	-0.07371394287244473	-0.7743753391123569	0.6269474533674675	5.6991584470375	0.2091742828200182	0.8348120375201027	0.9362480158950118	-5.522558625477687	
MMP12	-0.06775025039804727	-0.7198504375648882	0.5843499367687937	5.8067050625125	0.20656817704031996	0.8368404928626447	0.9362480158950118	-5.523023854532665	
SPON1	0.03557531311492408	-0.310354787684674	0.38150541391452214	6.54686444725	-0.20446887848803688	0.8384752800578745	0.9362480158950118	-5.52339437423206	
FBLN2	-0.03784345115761854	-0.4528853101299763	0.3771984078147392	6.3206388021125	0.1812865869987731	0.856573668303674	0.9523585761849358	-5.527234569849753	
CPXM2	-0.03578158423820683	-0.44421992463891236	0.3726567561624987	6.36808036125	0.17418064698345762	0.8621371442639051	0.9523585761849358	-5.528319344848578	
GELS	0.029154197969176125	-0.31820707857442265	0.3765154745127749	6.4787054032	-0.16687317667593707	0.8678656702784249	0.9523585761849358	-5.529389688569768	
MFGM	-0.027962668771900814	-0.367818420008314	0.3118930824645124	6.8085123612625	0.16358776981778436	0.87044351236808	0.9523585761849358	-5.529855975332504	
FST	0.026445151869150755	-0.297920033398739	0.3508103371370405	6.552708914175	-0.16209837760065468	0.871612603608432	0.9523585761849358	-5.530064307706151	
PRDX2	0.03367568649745869	-0.3864918445158166	0.4538432175107339	6.2920018442375	-0.15935320629923863	0.8737681588039787	0.9523585761849358	-5.530443306151867	
MMP2	0.024942221387282904	-0.2868363399621957	0.33672078273676154	6.52263544295	-0.15905807352142687	0.8739999591570614	0.9523585761849358	-5.530483667081856	
LV861	-0.03629226288109585	-0.5294205421352852	0.4568360163730935	6.2855162247375	0.14632582335948704	0.8840102139065301	0.9585317838141472	-5.532153673955761	
GRP75	-0.022821001753374603	-0.3376115628201943	0.2919695593134451	6.459184883675	0.14413844742683826	0.8857319014991486	0.9585317838141472	-5.532426569464749	
FCG3A	0.02976866285147322	-0.4109148384907849	0.47045216419373137	6.2590753711375	-0.13430722413564317	0.8934767386544171	0.9636131379344568	-5.533602382233294	
TSP2	-0.026553316708435953	-0.4448742298365638	0.39176759641969183	6.334864426575	0.1262048473071912	0.8998674393713894	0.9662921141934118	-5.534509042662732	
KV401	-0.02602918234273209	-0.4453928141909838	0.3933344495055196	6.5267620237625	0.12340609163887459	0.9020764990096724	0.9662921141934118	-5.534809125542218	
ITGBL	0.015482918516683913	-0.2693655806355804	0.3003314176689483	6.613765334575	-0.10807014390233148	0.9141944187460245	0.971752801962253	-5.536334028196683	
MMP9	0.03213116406184762	-0.5842405345953421	0.6485028627190372	5.8336849499375	-0.10364553731034797	0.9176944905199581	0.971752801962253	-5.536736435587427	
CXCL7	0.02002962375140459	-0.36867182281759325	0.40873107032040246	6.461151695225	-0.10245271495910513	0.918638349862476	0.971752801962253	-5.5368420423694165	
PEPD	-0.017633236679230033	-0.36339739058225423	0.3281309172237941	6.430726786375	0.10139555269369618	0.9194749613503597	0.971752801962253	-5.536934616952336	
PA2GA	-0.024767805359855302	-0.5619198597038904	0.5123842489841797	6.3971850293	0.09167630950252557	0.9271706561083075	0.9753530108811495	-5.53774073874462	
IGJ	0.021222514213350585	-0.4512975288771139	0.49374255730381506	6.3140429682875	-0.08929835020049524	0.929054608465905	0.9753530108811495	-5.537925613744043	
GRN	-0.015007001659519504	-0.39072127415299235	0.3607072708339533	6.2522487004125	0.07941509768910429	0.9368888903051058	0.9803208256172631	-5.538641941451931	
CD5L	-0.016991197278953273	-0.4832210266623738	0.4492386321044673	6.2013956886375	0.0724587375796026	0.9424068527726723	0.9828401500863513	-5.539095815311511	
FBLN5	0.016127538858611554	-0.49251758589830125	0.5247726636155243	6.308269369675	-0.06304055788368385	0.949882027713078	0.9860601366515045	-5.539644068305276	
CD59	0.009196029427152197	-0.32183785858893893	0.3402299174432433	6.630341851825	-0.055232504237673556	0.9560826856673611	0.9860601366515045	-5.540040813878274	
FINC	-0.009160728609693485	-0.37225276874392715	0.3539313115245402	6.346239034175	0.05016261011106517	0.9601103448894888	0.9860601366515045	-5.540270379636333	
SMOC2	0.00840381467078923	-0.3278730519897485	0.3446806813313269	6.6638650648375	-0.04968740450459769	0.9604879156518782	0.9860601366515045	-5.540290765031588	
F13A	0.009265521248590154	-0.4318544276845313	0.4503854701817116	6.3537900508375	-0.04176187556157358	0.9667863437883192	0.9860601366515045	-5.54060215187726	
S10AC	0.013463373719170646	-0.6411327765510205	0.6680595239893617	4.8609712648875	-0.04089284170984065	0.9674771016667034	0.9860601366515045	-5.540633012052817	
OLFL3	-0.006841514223658842	-0.3751415999067386	0.3614585714594209	6.414622500125	0.036933226668083324	0.9706247369592095	0.9860601366515045	-5.540765407553394	
CYTC	-0.004775804814330253	-0.2781215597319122	0.2685699501032517	6.2454266769875	0.03473770097833771	0.9723702403701594	0.9860601366515045	-5.54083301243938	
HPTR	0.007071828523541916	-0.4162029860267656	0.43034664307384946	6.41805629095	-0.033218202665982834	0.9735783627698399	0.9860601366515045	-5.540877375828358	
TIMP1	-0.005606148119771244	-0.4849895562821124	0.4737772600425699	6.146585228825	0.023251362467273613	0.9815041960328845	0.9909115844932637	-5.541119184123479	
PRELP	0.002951465426142904	-0.3300842402359735	0.33598717108825926	6.503084901375	-0.017620317894278415	0.9859829894483642	0.9922631358779715	-5.541218065167452	
MIME	-0.0027479473228906753	-0.4438715367640414	0.43837564211826	6.6922687884875	0.012385540325459016	0.9901470082054404	0.9932903320410132	-5.541285550129366	
COEA1	0.0021570184667255685	-0.5386760730807342	0.5429901100141853	6.4010686273875	-0.007929712534799922	0.9936916288603501	0.9936916288603501	-5.541324441574279	
