	logFC	CI.L	CI.R	AveExpr	t	P.Value	adj.P.Val	B	
CHIT1	-1.697556937049787	-2.6147937628903035	-0.7803201112092703	5.183425	3.6876461504431255	0.00042904834365116874	0.05787201956647053	-0.09245133574027431	
SAHH	-0.5712791052190821	-0.8980176932963901	-0.24454051714177405	1.1577886842105263	3.4838085957295815	0.0008339704580300198	0.05787201956647053	-0.6553958991665763	
PON3	-0.2253972215172564	-0.3593744399941086	-0.09142000304040421	0.43720355263157895	3.352154103911202	0.0012656898039740275	0.05787201956647053	-1.0072670826059893	
TIE1	-0.6928023563573223	-1.1192329472639786	-0.2663717654506661	1.0973689473684212	3.237183950128884	0.0018073404328773136	0.05787201956647053	-1.3066606651844674	
ANGL4	-0.9223881525477725	-1.4936536004577898	-0.3511227046377553	3.270807236842105	3.217230175263359	0.0019211060370223217	0.05787201956647053	-1.3578533517653595	
LYAM2	-0.9777619283305217	-1.5880631989348322	-0.36746065772621106	5.805695131578948	3.192237707671262	0.002073068563451693	0.05787201956647053	-1.4216472716565338	
NID2	-0.6913520893793746	-1.126785431261191	-0.25591874749755844	2.1073544736842105	3.163617531662127	0.0022608810779859508	0.05787201956647053	-1.4942527492211664	
LIRA5	-0.5145759570043168	-0.8424178274163627	-0.1867340865922708	0.947761052631579	3.1274577125110237	0.0025209287539773597	0.05787201956647053	-1.5852950778666894	
NCHL1	-0.5144756776027255	-0.8448429700718589	-0.18410838513359207	0.9442357894736843	3.10294571848763	0.002712806034122174	0.05787201956647053	-1.6465688906965328	
PDIA1	-0.8228113578294257	-1.3594403532516193	-0.28618236240723216	4.590639868421053	3.055149856732822	0.0031266886491135757	0.05787201956647053	-1.7650091652235984	
PHAG1	-0.54105063454576	-0.895949619785201	-0.1861516493063189	0.8364317105263158	3.0376625548688865	0.003292271065497032	0.05787201956647053	-1.8079979658210061	
CAH13	-0.6332550213656734	-1.0491280686258921	-0.2173819741054545	1.1299748684210527	3.0340605391921516	0.003327374368765638	0.05787201956647053	-1.8168296173444438	
MUC24	-0.8242348842254604	-1.3678493514125825	-0.2806204170383384	3.671545	3.0211087572114694	0.003456489108099288	0.05787201956647053	-1.8485201218825433	
CYTM	-0.7670883714691548	-1.2765000659154688	-0.2576766770228407	1.7522302631578948	3.000425605106153	0.003672359360911133	0.05787201956647053	-1.8989145475430318	
LAMA4	-0.9054960911993465	-1.5102574065602172	-0.30073477583847585	6.892101842105263	2.983382593415944	0.0038595659537807663	0.05787201956647053	-1.9402417956813904	
APOM	-0.8724055344939372	-1.4567203711010241	-0.28809069788685027	3.945369342105263	2.974937682540268	0.003955570241026945	0.05787201956647053	-1.960653132428305	
IL7RA	-0.5648698386022718	-0.9451061039591419	-0.18463357324540175	1.4554731578947369	2.960064843786409	0.004130046948667783	0.05787201956647053	-1.9964931438000892	
IL1R1	-0.5788721457141304	-0.9704429843359488	-0.18730130709231196	2.3080355263157895	2.9456333346663794	0.004306132526500438	0.05787201956647053	-2.0311379826933185	
I18BP	-0.8754090915364785	-1.4755435222736084	-0.2752746607993485	3.1152257894736843	2.906490337521082	0.004819292719009266	0.05787201956647053	-2.12444930740791	
TIMD4	-0.8329329694278395	-1.4059369713601821	-0.25992896749549665	5.606165657894737	2.896401556638995	0.00496041478006283	0.05787201956647053	-2.148343077488431	
TR19L	-0.9047442547187186	-1.528549584970397	-0.2809389244670403	4.4253113157894735	2.889902076911528	0.005053338797497537	0.05787201956647053	-2.1637020005067593	
PARK7	-0.5590935607601483	-0.9447722784577988	-0.17341484306249771	6.227721052631579	2.8884522362982525	0.005074285223969248	0.05787201956647053	-2.1671244659801414	
ISK1	-0.538685605082041	-0.9110443702717095	-0.1663268398923725	0.757543947368421	2.8825719979547624	0.005160062964907208	0.05787201956647053	-2.1809915623906173	
IL2RA	-0.7970211845437452	-1.3486685817734585	-0.2453737873140318	2.7408086842105264	2.878821026496922	0.005215476425586782	0.05787201956647053	-2.1898258299514715	
FETUB	-0.40687565017238203	-0.6888047365974013	-0.1249465637473628	0.8716881578947369	2.8755981160366875	0.005263526385444683	0.05787201956647053	-2.197409263148684	
GLRX1	-0.6961885292717613	-1.179997391987644	-0.2123796665558786	1.1785888157894737	2.867209441860153	0.005390511396713234	0.05787201956647053	-2.217116599771743	
ITA5	-0.6397372741271535	-1.0858297253949274	-0.19364482285937973	2.3835523684210527	2.857479713577187	0.005541328859256853	0.05787201956647053	-2.2399182068299965	
SPB8	-1.1811892341582386	-2.004853518270012	-0.35752495004646523	3.6920275	2.8574301318405753	0.005542107262994388	0.05787201956647053	-2.24003424664596	
VASN	-0.6416348298523848	-1.0917932407114728	-0.19147641899329698	2.115604605263158	2.8400692930617484	0.005820934917940847	0.05787201956647053	-2.2805683046046052	
B4GA1	-0.306809606744699	-0.5247811965158053	-0.08883801697359256	0.6078917105263157	2.804629106447684	0.006430590802914734	0.05787201956647053	-2.362712018878718	
MET	-0.3392164511110157	-0.5802752420222517	-0.09815766019977981	0.9469509210526316	2.8038857075282406	0.006443984945860383	0.05787201956647053	-2.3644263861421324	
DAB2	-0.7972139403476195	-1.3643803869124318	-0.2300474937828072	1.3157398684210526	2.800726680909278	0.006501188603527447	0.05787201956647053	-2.371707484439228	
NADK	-1.0995665032493285	-1.8818630196261843	-0.31726998687247276	4.087343026315789	2.800634790312461	0.006502859512297473	0.05787201956647053	-2.3719191820581664	
LYAM1	-0.73345576328984	-1.2562781815358788	-0.21063334504380116	7.153615394736842	2.7952850288312017	0.006600819930025348	0.05787201956647053	-2.3842345180592317	
WFKN2	-0.30341513286974586	-0.5198288403667144	-0.08700142537277736	0.9287819736842106	2.793565424137458	0.006632594294658343	0.05787201956647053	-2.388189159821382	
SEPR	-0.5787581491725494	-0.9918372701959273	-0.16567902814917163	2.922724736842105	2.7917096607407395	0.00666704192867618	0.05787201956647053	-2.3924547747711977	
COMT	-0.818572885421531	-1.4033251770990414	-0.23382059374402064	1.7428847368421052	2.789277971188616	0.006712428601753635	0.05787201956647053	-2.3980408104167963	
FUCO	-1.1732598090399065	-2.016001286764617	-0.3305183313151957	7.961851710526315	2.7739983536221007	0.00700416158129705	0.05859349560386648	-2.433052752234397	
NOTC1	-0.5395234206028555	-0.9285422070358085	-0.15050463416990256	3.6609097368421053	2.7634149443860547	0.007212991761319523	0.05859349560386648	-2.45721438113613	
SNP29	-0.9729066612674925	-1.6765291347396285	-0.26928418779535646	6.107431447368421	2.755103060704188	0.007380980925231602	0.05859349560386648	-2.4761387673791058	
SHPS1	-1.0267177697521515	-1.771221699835013	-0.2822138396692899	3.324672105263158	2.7478337820341494	0.007530825453788482	0.05859349560386648	-2.4926522071720387	
PTPRF	-0.2725168655066965	-0.4720691403487147	-0.07296459066467831	0.41920236842105263	2.7210910669922086	0.008106344258977475	0.058748392441284575	-2.553103541833153	
MPRI	-0.8323270529540849	-1.4449761586618024	-0.21967794724636758	3.278698947368421	2.707002029007337	0.008425448641037185	0.058748392441284575	-2.584761389986851	
CO2	-0.645868774546509	-1.1256168791678391	-0.166120669925179	3.5709407894736844	2.6824855760045248	0.009008167983223058	0.058748392441284575	-2.639535031724646	
TFPI1	-0.42965379037198964	-0.7495114951690969	-0.10979608557488246	8.932152236842105	2.676505902389938	0.009155757529634476	0.058748392441284575	-2.652833769343007	
CLM9	-0.35557976045570855	-0.6204924426365018	-0.09066707827491527	0.8287753947368421	2.6744880255547825	0.009206057325622425	0.058748392441284575	-2.657316113681545	
BLMH	-0.6537367740833501	-1.1418690985298274	-0.1656044496368727	6.975919078947369	2.6685277433851544	0.009356102582283018	0.058748392441284575	-2.6705398769759605	
TNR1A	-0.7247169956929936	-1.2688135435758352	-0.18062044781015207	3.962478421052632	2.65398736146291	0.009731528277709052	0.058748392441284575	-2.702699920345637	
OSMR	-0.4846378841694878	-0.848640265522635	-0.12063550281634056	1.4085618421052633	2.652891630675803	0.009760367260423562	0.058748392441284575	-2.705117675907298	
SPB6	-0.7194556836278434	-1.2602457274479382	-0.17866563980774874	4.062765789473684	2.6508291330549136	0.009814861866568023	0.058748392441284575	-2.7096664345014836	
CASP3	-0.827482495312913	-1.4505939467745201	-0.20437104385130578	7.961899342105263	2.646058595860665	0.009941968747507655	0.058748392441284575	-2.7201767004026673	
TYPH	-1.3221308887059733	-2.3209716207339572	-0.3232901566779892	5.573643552631579	2.6374521062034986	0.010175071482184543	0.058748392441284575	-2.739099402420848	
PAI1	-0.5432053970094156	-0.9549373081260439	-0.1314734858927873	7.859913552631579	2.628790173254774	0.010414677950304931	0.058748392441284575	-2.758093523571338	
ARSA	-0.8266659192876789	-1.4545411421221375	-0.19879069645322012	5.291268157894737	2.623391232122764	0.010566603253310205	0.058748392441284575	-2.769906802064699	
BAG6	-0.6640537737633185	-1.1689768898360788	-0.15913065769055812	1.1730726315789473	2.6205012421654796	0.01064875093836135	0.058748392441284575	-2.7762222020187597	
CXL16	-0.751495071168585	-1.322920833485405	-0.1800693088517652	6.5616832894736845	2.6204307959894977	0.010650760578908024	0.058748392441284575	-2.776376075080339	
UBP8	-0.45545699805780776	-0.807120159781352	-0.10379383633426359	0.7953913157894736	2.5806367491421374	0.011842540495137052	0.058748392441284575	-2.862757606784829	
THOP1	-0.7316196033231412	-1.2967370770498778	-0.16650212959640454	2.4791823684210526	2.5796035863924627	0.011875029923704724	0.058748392441284575	-2.8649859266172095	
TIMP4	-0.5785234080100349	-1.0262992112085774	-0.13074760481149234	3.5597590789473683	2.5743446478060195	0.012041658774593914	0.058748392441284575	-2.876317054759872	
THBG	-0.7920234165822152	-1.405258375441457	-0.17878845772297358	3.069803552631579	2.573460410955425	0.012069882471641155	0.058748392441284575	-2.8782204086436045	
FCG3B	-0.7498464430738093	-1.330721363964332	-0.16897152218328648	4.383608157894737	2.5721487692745195	0.012111858571281697	0.058748392441284575	-2.88104278128128	
EPCAM	-0.7205586091149787	-1.2811405585946907	-0.15997665963526664	2.2517134210526315	2.5611592098110916	0.012468773613182523	0.058748392441284575	-2.9046436112959517	
HAVR2	-0.9113576316980488	-1.6220604326741435	-0.20065483072195434	2.580351842105263	2.5550957653524113	0.01266974287208174	0.058748392441284575	-2.917629768073949	
STIP1	-0.7044689395925877	-1.253878540059199	-0.15505933912597658	4.384000657894737	2.554888668157479	0.012676658363353717	0.058748392441284575	-2.918072864302131	
LYVE1	-0.6310155023682588	-1.123731622045525	-0.13829938269099262	4.766792236842106	2.5518176238514774	0.012779609036857317	0.058748392441284575	-2.924640074461973	
TR11B	-0.6297443216774978	-1.1223083406302778	-0.13718030272471787	10.262295131578947	2.5474633855175273	0.012926870331277597	0.058748392441284575	-2.933940173374958	
DHPR	-0.7455272902757454	-1.3286553639898226	-0.16239921656166822	3.2091171052631577	2.5474517665557994	0.012927265327799916	0.058748392441284575	-2.933964972525243	
CRKL	-0.648553761511494	-1.155900870331644	-0.14120665269134391	1.4631805263157895	2.5471068700709427	0.012938995340729257	0.058748392441284575	-2.934701066478344	
NECT2	-0.6822335320322999	-1.2169145859420452	-0.14755247812255445	3.318578289473684	2.542404452615455	0.013099886895742308	0.058748392441284575	-2.944729000671745	
TGBR3	-0.42101901230510275	-0.7510571182740451	-0.0909809063361604	0.8879571052631579	2.541815340880462	0.01312016987526921	0.058748392441284575	-2.945984210048521	
C99L2	-0.5074027335648484	-0.9063623272729978	-0.10844313985669907	2.4968823684210526	2.534138016979353	0.013387101233439225	0.058748392441284575	-2.962320233257611	
METRL	-0.34050307419247944	-0.6084753118610091	-0.07253083652394982	1.7860596052631579	2.531847882411221	0.013467669408899687	0.058748392441284575	-2.9671853592804407	
FCN2	-0.61929013968356	-1.107239371859891	-0.13134090750722893	8.265644868421052	2.5288664854334053	0.013573211508876333	0.058748392441284575	-2.9735135574792655	
PEBP1	-0.6485982660441906	-1.161700733658603	-0.1354957984297781	7.549540131578947	2.5187093512120313	0.013938395707921216	0.058748392441284575	-2.9950264976010295	
SIRB1	-0.6523727742589919	-1.1694946772846366	-0.13525087123334723	2.046456052631579	2.513675832779466	0.014122627587505893	0.058748392441284575	-3.0056610462527678	
CANT1	-0.30803806133846084	-0.5522907342331884	-0.06378538844373322	0.8343438157894737	2.5128781556165816	0.014152023799969743	0.058748392441284575	-3.0073447214581535	
AGRE5	-0.6303400139029507	-1.1324897631427193	-0.12819026466318206	5.066384078947369	2.501197588870359	0.014588833557495049	0.058748392441284575	-3.031948502084912	
ANGL3	-0.44159276421556254	-0.7936232829488095	-0.08956224548231562	1.6574882894736842	2.499470455013327	0.014654441144042723	0.058748392441284575	-3.035578455903085	
CD2AP	-0.8317703870950738	-1.4959114125541317	-0.16762936163601594	2.712106447368421	2.4954537235604035	0.014808049588753293	0.058748392441284575	-3.044012468291952	
OSTP	-0.29433296438524076	-0.5296597019466001	-0.05900622682388143	5.072659868421053	2.492149004162463	0.014935513009747908	0.058748392441284575	-3.0509430202209256	
MESD	-0.7352681786314567	-1.3241987303746232	-0.1463376268882901	8.517495131578947	2.4876430312270372	0.015110897933055449	0.058748392441284575	-3.0603805233110144	
NCAM1	-0.3961826990431523	-0.7140619715158392	-0.0783034265704654	1.543406052631579	2.483359936817546	0.01527932109977414	0.058748392441284575	-3.069338074282447	
SNP23	-0.39598076426535345	-0.713718441403451	-0.07824308712725592	0.6779617105263158	2.4832002758135583	0.015285631889111662	0.058748392441284575	-3.069671737236441	
ENOG	-0.7750620456916978	-1.39944026002531	-0.15068383135808572	2.5096790789473684	2.4734042544761476	0.01567733840622223	0.05953655894743917	-3.0901095553413542	
TCO2	-0.7955784400047445	-1.4386513085793304	-0.15250557143015864	6.568035921052632	2.465069639975202	0.016017677163532022	0.06011340017843194	-3.107445453133555	
CATF	-0.5098649603032597	-0.9249794065817319	-0.0947505140247874	1.145600394736842	2.447336536739442	0.016763935365037064	0.061627894489690783	-3.144167750632915	
TNR1B	-0.7492947596969167	-1.3612845235670012	-0.1373049958268323	2.5718555263157894	2.439579142533099	0.017100069110186484	0.061627894489690783	-3.160162403257241	
DLK1	-0.5055886408703832	-0.9186486190792489	-0.0925286626615176	1.5426028947368422	2.438880744087719	0.017130625311478454	0.061627894489690783	-3.16160031929603	
FA11	-0.35452338665781385	-0.6445826969965528	-0.06446407631907491	8.529184342105264	2.4353672071571553	0.01728509157821891	0.061627894489690783	-3.168829032900293	
SAA4	-0.6463569620476729	-1.1756862267055115	-0.1170276973898342	3.6577965789473685	2.4330604566302103	0.017387180263549126	0.061627894489690783	-3.173570174919127	
ITB1	-0.44646578025795186	-0.812986957449225	-0.07994460306667878	6.31539	2.427143642748906	0.017651508361221847	0.06187726557395351	-3.1857140014035203	
PILRB	-0.6902211983581007	-1.2609941574348351	-0.11944823928136628	4.1923285526315786	2.4095241203679145	0.01846005438192843	0.06328096718090491	-3.221729910689336	
MMP2	-0.674194247220741	-1.2318542265265289	-0.11653426791495314	4.80066302631579	2.4089175668723315	0.018488468285243496	0.06328096718090491	-3.2229658393061587	
MIF	-0.4066181343908079	-0.7434236547119171	-0.06981261406969869	9.606295	2.4055473892120465	0.018647056159890475	0.06328096718090491	-3.2298282357907167	
CBPA1	-0.31026364501491793	-0.5687446236939601	-0.051782666335875804	1.2170677631578948	2.3917108599008197	0.01931095113155749	0.06350587756888317	-3.2579176426144536	
CADH1	-0.3358899538048347	-0.6158879570530951	-0.05589195055657442	4.181502368421053	2.390278223737841	0.01938088094290437	0.06350587756888317	-3.2608182309241407	
NUDT5	-0.8160018939030615	-1.4974081236344516	-0.13459566417167146	4.539513947368421	2.3861153880693897	0.019585359987485826	0.06350587756888317	-3.2692382112299057	
SUMF2	-0.6104874237974671	-1.1211548334965773	-0.09982001409835706	5.143564078947368	2.38201753323184	0.01978852280810846	0.06350587756888317	-3.2775146737916168	
SIGL7	-0.7030819417490834	-1.2915174892230383	-0.11464639427512868	2.6160947368421055	2.380747940923998	0.019851846308603587	0.06350587756888317	-3.2800764429460294	
GRN	-0.5775027511159702	-1.061173610082189	-0.0938318921497513	5.607487368421053	2.37908801929731	0.019934910532242816	0.06350587756888317	-3.2834240763274205	
C1QT1	-0.4657386043810089	-0.8563656550489593	-0.0751115537130585	8.730926315789473	2.375671006257872	0.02010687659704451	0.06350587756888317	-3.2903091066974968	
VCAM1	-0.5224991037457292	-0.9628121850472896	-0.08218602244416873	5.2888363157894736	2.3644510976904387	0.020680860373770423	0.06467837705130161	-3.312857612628426	
CD109	-0.5856966389507494	-1.081208043531154	-0.09018523437034487	2.5923390789473686	2.355187305458044	0.021165711398005625	0.06555205763071645	-3.3314068974636726	
CO1A1	-0.4242905958316956	-0.7841091645741031	-0.06447202708928812	3.871883157894737	2.3495582084739786	0.021465239677677522	0.06584049478056855	-3.342648163282269	
LIRB2	-0.643155321294326	-1.1897625089398727	-0.09654813364877923	9.04607802631579	2.3444820045819905	0.021738570991069843	0.06604384901096456	-3.352765757872033	
KIT	-0.4934406799997943	-0.9139768270318546	-0.07290453296773403	1.4893542105263158	2.3379649372803764	0.02209401512019968	0.0664904794655066	-3.3657279871972134	
NRP1	-0.4838081435535203	-0.8997401174948603	-0.0678761696121804	3.1822484210526314	2.3177001111549975	0.023232442046479635	0.06926307488623368	-3.4058381568100384	
FCG2A	-0.5582414737350222	-1.0397532979914061	-0.0767296494786382	7.759192763157895	2.3100507272031074	0.023675493094062798	0.06993039163894475	-3.4209013289820365	
AL1A1	-0.6407929035322506	-1.1961705560008047	-0.08541525106369652	1.8731951315789475	2.2989825117248492	0.024329801700640055	0.07054980924961507	-3.442621712534448	
TNR14	-0.7165912856147293	-1.3377426165868025	-0.09543995464265609	4.157957105263158	2.298690372329423	0.024347286341316197	0.07054980924961507	-3.443193804478465	
A4	-0.5082931767191328	-0.9495321544321152	-0.06705419900615028	4.63406697368421	2.2953387294861978	0.02454867970754631	0.07054980924961507	-3.4497528329860203	
IL6RA	-0.7515586853136953	-1.4067918507637973	-0.09632551986359317	6.909550263157895	2.285458822433169	0.02515093743304897	0.0710994921325528	-3.469039832964663	
EPHB4	-0.48239293946896633	-0.9030625315061885	-0.061723347431744124	1.7725615789473683	2.284894734633983	0.02518571351403908	0.0710994921325528	-3.470138867450421	
NID1	-0.5071208336103902	-0.9550556872886777	-0.05918597993210262	7.553578289473684	2.255812355956268	0.027037155426167206	0.07481198003357101	-3.526486300622335	
TNR3	-0.5652734703830702	-1.0652685829752313	-0.06527835779090907	4.4126925	2.25267852478904	0.02724364631812392	0.07481198003357101	-3.5325211769783937	
TR10C	-0.4791828429355561	-0.9032677336181529	-0.055097952252959215	3.2065240789473686	2.2514112646405073	0.027327540691305857	0.07481198003357101	-3.5349595170137826	
CREL2	-0.8061392450430334	-1.5201177207473062	-0.09216076933876038	5.092022105263158	2.2497347652441495	0.027438876689428862	0.07481198003357101	-3.5381834645149817	
F16P1	-0.9270229452065406	-1.7531666562342538	-0.10087923417882738	2.4157614473684212	2.235842756988848	0.028376905977721308	0.07671383904146692	-3.5648186539718436	
I17RA	-0.5940627866102014	-1.1259381733689768	-0.06218739985142596	2.522361052631579	2.225506306988303	0.02909303047863189	0.07798888002255103	-3.5845445850080124	
VSIG4	-0.7376779936773193	-1.3995701421165996	-0.0757858452380391	6.234803684210526	2.220679957914378	0.02943280819583346	0.07806896276064307	-3.593728132707298	
CCD80	-0.7727505132529421	-1.4679769242574476	-0.07752410224843664	8.872220789473685	2.214722993352477	0.029856980532564355	0.07806896276064307	-3.6050392876837942	
PILRA	-0.5212953098584394	-0.9911137095646102	-0.05147691015226863	5.312535131578947	2.2108545457371553	0.03013530094906513	0.07806896276064307	-3.6123706924165986	
PEAR1	-0.4139271459043264	-0.787286861031028	-0.04056743077762487	2.1147426315789475	2.2090361703850525	0.030266910455277636	0.07806896276064307	-3.6158130158744397	
SPIT1	-0.3218165618849256	-0.612237331447822	-0.031395792322029215	0.6624936842105263	2.2079391153865946	0.03034655605742865	0.07806896276064307	-3.617888641135297	
BGLR	-0.5621626866321788	-1.070284285379646	-0.054041087884711736	8.724365789473683	2.2044524459533275	0.030600907435729505	0.0780935157759817	-3.6244794937383045	
MCFD2	-0.43526528718646385	-0.8304035147790969	-0.04012705959383078	2.5914615789473685	2.194882926433283	0.03130862340173981	0.07858389482214082	-3.6425224598185353	
TNR6	-0.48227979197943943	-0.920325415968891	-0.04423416798998797	5.313336315789473	2.193744744133613	0.03139374412008143	0.07858389482214082	-3.6446639388616675	
XG	-0.5899872674353538	-1.1263124260525545	-0.05366210881815314	3.188891447368421	2.1919005411211097	0.031532095728006346	0.07858389482214082	-3.6481317473162265	
TPP1	-0.71271823473521	-1.3645661932521032	-0.060870276218316866	4.861190131578947	2.1786021861197282	0.03254562416914233	0.08048103961206514	-3.6730629191650617	
ESAM	-0.48470761501869036	-0.9290781363343235	-0.040337093703057325	2.9169406578947368	2.173406574020834	0.03294927419771877	0.08058319303399467	-3.6827676702279057	
C1QR1	-0.5337592269667409	-1.0235107388865083	-0.04400771504697348	9.094227631578947	2.1715807580546334	0.03309215764091944	0.08058319303399467	-3.6861732886866085	
APEX1	-0.552620020805025	-1.0610751453003222	-0.044164896309727975	6.8174569736842106	2.1656105608845726	0.033563153233819816	0.08111095364839789	-3.6972918926136393	
VWF	-0.7593776826603128	-1.4598282791983488	-0.058927086122276706	3.5282788157894736	2.1601638530980827	0.03399794298764041	0.08154393844403979	-3.7074123671826804	
ICAM1	-0.5675362920597019	-1.092660276758797	-0.04241230736060686	8.251074473684211	2.153466688423832	0.03453927955501267	0.08222410580633613	-3.7198259148441064	
AMPN	-0.5400475906250359	-1.044428672861877	-0.03566650838819485	3.6511955263157896	2.133435995296758	0.03620345087181567	0.0854668214849752	-3.756753407133727	
PPA6	-0.3881917845947599	-0.7512140143219821	-0.025169554867537636	0.7531792105263158	2.1306862078956965	0.03643726558607093	0.0854668214849752	-3.7617992673443035	
PLXB2	-0.4378358756910601	-0.8483144281833845	-0.027357323198735684	4.442009078947368	2.125334287252925	0.03689610656428151	0.08591137221902044	-3.771603748622171	
ITB2	-0.5827071818713949	-1.1304674380512811	-0.0349469256915087	7.9269175	2.1196601124558425	0.037388050987257976	0.08592630440487466	-3.781975054502976	
CNTN4	-0.2894212108312121	-0.5615631199383602	-0.017279301724064056	1.29741	2.1190504848033624	0.03744124235823692	0.08592630440487466	-3.783087895377739	
COMP	-0.5008006625664128	-0.9724615979614897	-0.02913972717133584	9.269205131578948	2.1156380116312112	0.03774020325277773	0.08599374884025782	-3.789312003481964	
AGRE2	-0.4198767736349561	-0.8164178106896345	-0.023335736580277766	2.9760572368421054	2.109794169938717	0.038256985921213446	0.08655303906997935	-3.7999503703479234	
FAM3C	-0.3629059031151356	-0.7090622217120177	-0.016749584518253535	0.9441461842105263	2.088950474400011	0.04015053938528089	0.09019733847820142	-3.8376850622920515	
INHBC	-0.1689109306760893	-0.3310183027420233	-0.0068035586101553025	0.4771103947368421	2.0761626024965842	0.04135197011048078	0.09113097326767067	-3.860673002127732	
CCL16	-0.5600527805119336	-1.0977297640976729	-0.02237579692619429	7.723688815789473	2.075457699420794	0.0414190904391442	0.09113097326767067	-3.861936553988131	
CNTN1	-0.15053656472705343	-0.29506172087045	-0.006011408583656813	0.4604357894736842	2.0754148908660732	0.041423169667123026	0.09113097326767067	-3.8620132769677062	
SREC	-0.5974093193404625	-1.1754124300355333	-0.019406208645391665	4.814239473684211	2.0594354869641487	0.04297029742933336	0.09388715671203658	-3.8905548352556645	
IPP2	-0.5716686097411009	-1.1268918661280702	-0.016445353354131664	3.9477248684210524	2.051554560679625	0.0437515104069932	0.0946951065684751	-3.9045597686473394	
SPIT2	-0.5014014648700601	-0.9888116732078276	-0.01399125653229255	3.906897763157895	2.0497332784528464	0.04393377984995083	0.0946951065684751	-3.9077895742963196	
IBP1	0.9209320307632513	0.023011340982564077	1.8188527205439384	6.05534802631579	-2.043600377614629	0.044552363270579945	0.09538391867996646	-3.918646860999626	
FCER2	-0.3803420923268857	-0.7524762318078343	-0.008207952845937116	0.9857507894736842	2.036485170479627	0.04527940635777625	0.09591683591355597	-3.9312071648196074	
HTRA2	-0.6594277439041257	-1.305003966119973	-0.013851521688278523	4.540117763157895	2.0352888976094214	0.04540264019732587	0.09591683591355597	-3.9333151166097022	
TSP4	-0.7564558184881219	-1.5018874212647986	-0.011024215711445184	5.785195131578948	2.02200461008879	0.046790615091258606	0.09819872509283879	-3.956649740209649	
CLUL1	-0.11200282975229298	-0.2226276939070173	-0.0013779655975686422	0.17177565789473684	2.017356348813382	0.047284806512255376	0.09858727632293769	-3.9647827471634036	
C163A	-0.6131358341241667	-1.2201585579151037	-0.006113110333229699	6.829969342105263	2.012603039382419	0.047794791427485134	0.09900349652836207	-3.9730824117120864	
IBP2	-0.5273457942177563	-1.0521298218713269	-0.00256176656418583	8.072581052631579	2.0022636030948218	0.048920424289565376	0.0990659415830168	-3.991075971654567	
UPAR	-0.6695407433651526	-1.3362527991552302	-0.0028286875750749285	7.229891710526315	2.0009907286413626	0.04906055686573687	0.0990659415830168	-3.993285452618889	
HDGF	-0.5539277285253157	-1.10552447495872	-0.0023309820919112934	2.682336184210526	2.000957131050096	0.0490642603242856	0.0990659415830168	-3.993343755103572	
LIRB1	-0.6767240687020185	-1.3506092245910364	-0.002838912813000527	5.953556184210527	2.000930976708696	0.049067143479989514	0.0990659415830168	-3.99338914058599	
UROK	-0.49960611831958335	-0.998912444130401	-0.00029979250876566166	9.5306225	1.9937332626563713	0.04986612553326085	0.10004587449754851	-4.005859279781663	
LEG4	-0.29620093417214016	-0.592985081243176	0.0005832128988956242	1.6533609210526317	1.9886213574197171	0.050440309512248566	0.10056536709004557	-4.014691487741343	
GDF15	-0.514801984037902	-1.032844183565878	0.0032402154900738056	8.06341447368421	1.9800741218483235	0.0514129871294001	0.10186796828744493	-4.029414138255614	
KAT1	-0.6210041400637547	-1.247191372252337	0.005183092124827593	7.169383552631579	1.9760442328665204	0.0518771188279211	0.10215309201300513	-4.0363360719942545	
ANX11	-0.5481546138843334	-1.1022913676523474	0.005982139883680682	4.111536842105263	1.971026631637455	0.05246000237412581	0.10266712121071248	-4.0449370042245185	
MCP	-0.41779135784330457	-0.8429362043377994	0.007353488651190232	7.555567105263158	1.9580731297835374	0.053990666661495844	0.10501843088425106	-4.0670511981797866	
LRIG1	-0.37980279114768545	-0.7684859108622105	0.008880328566839624	1.9777390789473683	1.9470129794525	0.055327546179640134	0.1069665892806376	-4.085830118445784	
DPP2	-0.44551127533179197	-0.9028738433439449	0.011851292680360948	1.2325088157894737	1.9409057954108282	0.05607773387185292	0.10776383798265711	-4.0961587365872045	
PCP	-0.6603693324154772	-1.3431367054142225	0.022398040583267886	4.54916697368421	1.9271721519411595	0.057796351787438666	0.11000745494413045	-4.119279417784305	
PGRP1	-0.5803158028237826	-1.1806547534537155	0.020023147806150443	8.797015	1.9260796821317767	0.057934960597535785	0.11000745494413045	-4.121112290260548	
CAH1	-0.21748430816599765	-0.44396588099686174	0.008997264664866417	9.687696184210527	1.9133808787712692	0.05956692628019117	0.11214185852837766	-4.142349179048393	
CYTC	-0.35794798347845613	-0.7309964428878197	0.015100475930907464	10.036705131578948	1.9118818215136306	0.05976211896496615	0.11214185852837766	-4.144847823955899	
DPP4	-0.5347008074465718	-1.0986628702730132	0.029261255379869677	6.274071710526316	1.8891538342687537	0.06278847016745581	0.11658043291366164	-4.182515670920798	
ITAM	-0.6919047155480426	-1.4223990428601017	0.03858961176401654	4.84758302631579	1.887277738839698	0.0630439599466568	0.11658043291366164	-4.1856069018471995	
LYAM3	-0.5783857582069953	-1.1906993475517416	0.033927831137750775	6.746737763157895	1.8821319502341947	0.06374922623443365	0.11658043291366164	-4.194071406504016	
CD166	-0.3878906256213907	-0.798953125081163	0.02317187383838165	4.629099078947369	1.880216241290757	0.06401348062620818	0.11658043291366164	-4.197217318159671	
DKK3	-0.6189195679285633	-1.2752118069503107	0.037372671093184096	4.4977192105263155	1.8790715608387225	0.06417181879620948	0.11658043291366164	-4.199095697165258	
PGFRB	-0.36767200683030204	-0.7577677228866977	0.022423709226093602	2.236686052631579	1.8780007402122136	0.06432023884891677	0.11658043291366164	-4.200851942782884	
LAIR1	-0.5523794481404349	-1.1427027572848385	0.037943861003968626	9.099436973684211	1.8644637953140697	0.0662215740185401	0.11911329950662308	-4.22297603381326	
TN13B	-0.5828243561111797	-1.2067843068557889	0.04113559463342953	3.879079210526316	1.8611756072238985	0.06669048416541734	0.11911329950662308	-4.228328303468161	
BCAM	-0.3753975377487706	-0.7775129701608606	0.02671789466331942	6.079712631578947	1.860146089163206	0.0668378702560675	0.11911329950662308	-4.230002325468376	
MFAP5	-0.4592532115934195	-0.952502801996371	0.03399637880953216	5.92866052631579	1.8552047317355949	0.06754909012501649	0.11957110826863451	-4.238025464763032	
RETN	-0.7610836198897122	-1.5803734457024565	0.05820620592303227	7.571105263157895	1.8509777061002086	0.0681625265969134	0.11957110826863451	-4.244873477946677	
CLC5A	-0.6903627227893306	-1.433679377852107	0.0529539322734458	5.829382105263158	1.8505884341923455	0.06821925299339023	0.11957110826863451	-4.245503410607092	
LIRB5	-0.6474093409662597	-1.3467570315256743	0.05193834959315502	6.986006447368421	1.8445574692330018	0.06910318307666018	0.12045855410630926	-4.255247627943211	
CBPB1	-0.2746477966123776	-0.5723341603918845	0.023038567167129265	1.544895394736842	1.8383303299427942	0.07002591844351894	0.12140363034501381	-4.265278641499867	
CLC14	-0.5693021290291759	-1.1923518232899795	0.053747565231627714	5.870166973684211	1.820650124902508	0.07270215208026083	0.12536208926272002	-4.293591581946634	
PGBM	-0.36158468504573293	-0.7603745405781523	0.03720517048668642	8.142085131578947	1.8066428224994069	0.07488259393499855	0.128427674544433	-4.315846734491912	
CAH3	-0.570745465109147	-1.2019088970243215	0.06041796680602751	4.587412368421052	1.8018017942438087	0.07564873148864285	0.12904783606886133	-4.323502023053357	
NGAL	-0.4395506437281709	-0.927811573700626	0.048710286244284196	2.8679984210526315	1.793755810945683	0.07693651655895987	0.13054653607610744	-4.336184157948317	
UROM	-0.1507987560354758	-0.319056294888571	0.01745878281761945	0.3290059210526316	1.7857867711115079	0.07822990544349338	0.1320388351136211	-4.348694170799886	
HG2A	-0.4982750716510931	-1.058210163014416	0.061660019712229786	4.766094210526316	1.773118859176523	0.08032306712999025	0.13485820218140468	-4.3684762936930115	
SIAT1	-0.5454748904903547	-1.1702848924075977	0.07933511142688832	4.4846626315789475	1.7395349756662988	0.08609777940799554	0.14297940213746388	-4.420299139899566	
PTPRS	-0.29473987637451177	-0.632541928249374	0.043062175500350575	2.7961544736842106	1.7385331988470984	0.08627515940032078	0.14297940213746388	-4.421831071405636	
TFF3	-0.4464413053740673	-0.9596350161919387	0.06675240544380417	2.5244002631578946	1.7333625866644513	0.08719549090349377	0.14297940213746388	-4.429725218402128	
CATH	-0.340200112219193	-0.7316048368978474	0.05120461245946145	0.9947576315789474	1.731867902538001	0.08746303511474923	0.14297940213746388	-4.432003197020736	
QPCT	-0.3366160920278189	-0.7241610617539541	0.05092887769831633	6.203761315789474	1.7306894411187876	0.08767445250574281	0.14297940213746388	-4.433797968156686	
TFR1	-0.4295643738381947	-0.924398721646817	0.06526997397042766	2.233553815789474	1.7297159602219994	0.08784941322552639	0.14297940213746388	-4.435279715602307	
COL12	-0.4967868960767842	-1.0703284872734609	0.07675469511989236	2.1523072368421055	1.7258839478212653	0.08854092265912886	0.14337337222468075	-4.441105058737754	
CSPG2	-0.16509737490732543	-0.35785752581413455	0.02766277599948369	4.406378289473684	1.706590347155346	0.0920908820210541	0.14747193678058684	-4.470254996571065	
CCL14	-0.24004148862895217	-0.5204017062501446	0.04031872899224023	10.884442236842105	1.7059892787610351	0.09220332405918887	0.14747193678058684	-4.471158302897767	
LFA3	-0.31719909768430493	-0.6879731884529816	0.0535749930843718	1.6727089473684211	1.7046253363846056	0.09245889453328329	0.14747193678058684	-4.473207000179234	
CD59	-0.12743745163645145	-0.276896450825144	0.02202154755224109	6.080177105263158	1.698953071925048	0.09352797554626537	0.14843494626496842	-4.481710849093871	
CD69	-0.5011717921088993	-1.0916345854322826	0.08929100121448408	2.8137961842105264	1.6912213675881127	0.09500148409845796	0.1500270961752876	-4.493260305930592	
PPIB	-0.10617865751124221	-0.23162521620071386	0.01926790117822945	5.771559342105263	1.6864942020150167	0.09591169818274667	0.1507183828586019	-4.500297812724254	
MATN2	-0.5655740267126537	-1.237875781075275	0.10672772764996763	7.4642343421052635	1.6762221947252562	0.09791413034996584	0.15270837923363048	-4.515527711465859	
TYB10	-0.45572490478251715	-0.9978120457768008	0.08636223621176653	5.518281052631579	1.675097274645832	0.09813547881785031	0.15270837923363048	-4.517190387719365	
MYG	-0.5273648166135648	-1.1585616861616728	0.10383205293454312	1.706065	1.664764056314576	0.10018786204044694	0.1551452815092358	-4.532415234357339	
LGMN	-0.602589396324809	-1.328240912667301	0.12306212001768291	5.167520131578947	1.6546256505719414	0.10223535430496716	0.157551101561761	-4.547268713481079	
DAG1	-0.4614298913896286	-1.0217313096521046	0.09887152687284734	5.493346184210527	1.6409312182777827	0.10505480283324158	0.16111770242213494	-4.567199184556202	
CCL24	-0.4969654180666167	-1.10402559118926	0.11009475505602656	8.331579210526316	1.6311759215139956	0.10710140585937397	0.16347056683799185	-4.5813034958373	
CLC11	-0.6772390255560551	-1.5125485846569033	0.15807053354479317	4.865467236842106	1.6154774466517094	0.110462402198139	0.16779764905336353	-4.603837309046913	
MEGF9	-0.27222456256983674	-0.6089279050296051	0.06447877988993167	1.2564884210526315	1.6109655583401377	0.11144395638953807	0.16848636060787983	-4.610276439249834	
PCSK9	-0.24364452333395867	-0.5474184895090127	0.06012944284109542	1.6600592105263159	1.5981313711467335	0.11427445410000611	0.17195071159387712	-4.628501514768923	
TXND5	-0.3907114310747664	-0.882041631963933	0.10061876981440021	3.3416635526315788	1.58448828351285	0.11734636367302183	0.17449257585059072	-4.647727057817722	
OMD	-0.42655802422314365	-0.9636409654315248	0.11052491698523753	6.090785789473684	1.5824978626078938	0.1178000101419049	0.17449257585059072	-4.650519132015485	
SEM3F	-0.11189267398017444	-0.25312177510394396	0.02933642714359508	0.39492776315789474	1.5786426510088016	0.11868266284181135	0.17449257585059072	-4.6559177850581985	
CCL18	0.18288012481362417	-0.047955805308805666	0.413716054936054	10.637419605263158	-1.5785904653913745	0.11869464696113487	0.17449257585059072	-4.655990779417986	
GNLY	-0.32960453323614536	-0.7458385835866357	0.08662951711434491	9.977161184210527	1.5778363082942393	0.1188679427946033	0.17449257585059072	-4.657045402540761	
EST1	-0.67035330633576	-1.5177759885337139	0.17706937586219385	6.255808421052632	1.576195365167313	0.11924571014240996	0.17449257585059072	-4.65933850172812	
FCRL5	-0.16503768815976724	-0.37826728479006544	0.04819190847053098	0.3535834210526316	1.5422046939221046	0.1272887780279597	0.185411507721092	-4.706338839042223	
CRIM1	-0.38789995837410435	-0.8898595847108048	0.1140596679625962	4.489628421052632	1.539775198983086	0.12787977103928846	0.18542566800696828	-4.709661672916634	
CCL21	-0.6067536171230636	-1.3992185754740163	0.18571134122788913	3.8195644736842107	1.5255929782238968	0.13137326620928844	0.18962928470933488	-4.7289612837078305	
NOTC3	-0.3208761001691546	-0.7440997718760867	0.10234757153777746	2.2170068421052633	1.510684574379036	0.13512658850979087	0.19416838619199678	-4.7490693802068815	
RARR2	-0.2208230724354785	-0.5125506945436138	0.0709045496726568	9.619702236842105	1.5082497800578556	0.13574752389717465	0.1941859198349718	-4.752335848144562	
PDGFA	0.43510226711206273	-0.14911368792891017	1.0193182221530357	7.1058200000000005	-1.4839672185064676	0.1420638777639657	0.20231418306564758	-4.784643078832341	
PPA5	-0.21418211897164435	-0.5022873003881381	0.07392306244484936	7.353891447368421	1.481284629817137	0.14277557364919455	0.2024240355293025	-4.788182069822068	
EGFR	-0.18692467491021625	-0.43880580129772084	0.06495645147728835	0.6457809210526315	1.4786908373999779	0.14346636387446166	0.20250340741572243	-4.791598211917739	
EGLN	-0.30661071698940484	-0.7265060194673034	0.11328458548849368	6.8847365789473685	1.4549654789360391	0.14990696925293812	0.2106622167034681	-4.822584963414109	
JAM1	-0.4160498275565359	-0.9996382553947369	0.16753860028166517	4.7224275	1.4205124660979953	0.15965758816660836	0.22338057291731608	-4.866743898035534	
CYTB	-0.15265898355321453	-0.3679743574472214	0.06265639034079237	9.108355526315789	1.4127122160772303	0.16193167760615715	0.22557294828106608	-4.876603285340126	
ANXA4	-0.40289001408649816	-0.9752205183296823	0.16944049015668594	3.965777894736842	1.4026392387381306	0.16490516839409688	0.2287162987726822	-4.8892596453975745	
PECA1	-0.373191558194336	-0.9059505152344839	0.15956739884581184	4.994872105263158	1.3957493224423099	0.16696307282533698	0.23056805294927488	-4.8978673921797204	
ANGP2	-0.3535792143183631	-0.8605900079893658	0.15343157935263957	1.8932113157894737	1.3895554948544884	0.16882982483075726	0.23214100914229124	-4.905571348053365	
TENX	-0.24034426287343982	-0.5898007926131158	0.10911226686623612	4.984107894736842	1.3703988151728934	0.17470460919286906	0.2391878555044001	-4.929193736070937	
CD209	-0.40026923673802683	-0.9945329490290336	0.19399447555297988	3.5577093421052632	1.3420830023594565	0.18367163061799188	0.25038995797922825	-4.963541945800517	
SEM7A	-0.3098499153664948	-0.7724481550482718	0.15274832431528212	2.4961401315789473	1.3346081745034335	0.1860958231699191	0.25240934065459325	-4.972495828247332	
PCOC1	-0.09542865808628478	-0.23829882690027263	0.04744151072770306	9.523295657894737	1.3308945097488343	0.1873091539789581	0.25240934065459325	-4.976926683912254	
CAH2	-0.4673874292411406	-1.1674816029750699	0.23270674449278866	5.996086973684211	1.3302306144799043	0.18752668882488588	0.25240934065459325	-4.9777175578556365	
IBP7	-0.1310904869326161	-0.32986039810665796	0.06767942424142576	11.163865131578948	1.3140954378261298	0.19287228963836067	0.25851369913713046	-4.996823595598251	
IPSP	-0.167798112627797	-0.42351361982728986	0.08791739457169581	8.511195394736841	1.307483993056282	0.19509537304810942	0.25963787387653153	-5.0045883854403135	
PRTN3	-0.46107196246649806	-1.1641088947568845	0.24196496982388838	7.3479575	1.3067633577791984	0.1953388392801491	0.25963787387653153	-5.005432483426194	
FA7	0.3853386363968274	-0.20393272062803958	0.9746099934216944	6.159053552631579	-1.3029675476312843	0.19662500454939855	0.2602629728267972	-5.009871307349921	
CCL15	-0.40951189087304335	-1.0412625735540677	0.22223879180798106	5.979567368421053	1.291597427659847	0.20051549490654846	0.2643158796495411	-5.023094037098357	
KLK10	-0.3120127518197647	-0.7951809527847511	0.17115544914522174	1.2551276315789475	1.2867091054560795	0.20220563567125288	0.26544690444086283	-5.028744944759792	
REG4	-0.32376602193542897	-0.8264737641409703	0.1789417202701124	3.6711597368421054	1.2832819031368403	0.2033968956173939	0.2659164332047076	-5.0326946299953015	
B4GT1	-0.10167051200056329	-0.259989068930769	0.056648044929642455	0.6202569736842105	1.2795862437458676	0.2046873021518625	0.2665112219854863	-5.036942456838139	
AOC3	-0.12331000030280913	-0.3160896593406612	0.06946965873504292	5.509031710526316	1.2745106403240825	0.2064694283444395	0.26773881155234225	-5.0427573828074665	
CR2	-0.4415477040302615	-1.1334025425832617	0.2503071345227386	6.894833157894737	1.2716541790682179	0.2074774199965894	0.2679566679308179	-5.046020236682401	
CATZ	-0.19887520002581663	-0.5111320258567831	0.1133816258051498	5.573771578947368	1.2690392756248483	0.2084033599434283	0.2680672250885227	-5.049001047847536	
PAMR1	-0.5150888643444265	-1.3366508912724793	0.30647316258362634	6.437171447368421	1.249246604966845	0.2155112537900608	0.27609674682341123	-5.071373503855197	
TINAL	-0.2177393317118173	-0.5744550848076908	0.13897642138405614	4.467452894736842	1.2162447296219343	0.22775631275143285	0.2906170550708283	-5.1079295581004045	
GLHA	-0.2956038440076507	-0.7828266459143998	0.19161895789909827	1.1625953947368421	1.2088957391034947	0.23055067354485162	0.2930106169753293	-5.115942539692662	
CD177	-0.5563506622138651	-1.4936650979255202	0.38096377349778987	3.720197105263158	1.1826866052664966	0.2407186667341142	0.3047192646356446	-5.144140732426851	
NPDC1	-0.17490977663841353	-0.4738589804302674	0.12403942715344038	0.7109038157894737	1.165797336252472	0.24743946097006397	0.3119888855709502	-5.161997563492995	
ICAM3	-0.3284534473870204	-0.893250530441104	0.23634363566706318	3.4089173684210525	1.1587446819205478	0.2502852641757739	0.3143346428034326	-5.169381241804384	
BLVRB	-0.3900823293449307	-1.0641972795192383	0.28403262082937686	3.0326294736842105	1.1529983692374406	0.2526211309843236	0.31514130977480725	-5.175365429768188	
CD79B	-0.12484232872180803	-0.3407162505115958	0.09103159306797975	0.33425578947368423	1.1523066128083221	0.2529033708537638	0.31514130977480725	-5.1760838936761955	
FABP4	-0.4924471983980512	-1.35554668550402	0.37065228870791755	4.505224210526316	1.1368552901723108	0.25926607308436755	0.32176760414386524	-5.192023669679841	
IBP6	-0.2953369766241998	-0.8140329371070857	0.22335898385868613	7.272500131578948	1.1345178504192066	0.26023837576525777	0.32176760414386524	-5.1944169709551735	
CRHBP	-0.06693866987816458	-0.18622823369701608	0.05235089394068693	0.3799928947368421	1.1181009135189188	0.26713987539419043	0.329025560813694	-5.211092585206417	
TSHB	-0.07317708724634585	-0.2048400325753887	0.058485858082697004	0.37706565789473684	1.1074341893686728	0.27169230776927006	0.33334556222460443	-5.221801841776534	
MMP3	-0.37290866046305143	-1.0667495261399662	0.3209322052138633	4.051114210526316	1.0709001240771312	0.2876940627073654	0.3516055561572293	-5.257730659182521	
FSTL3	-0.2790691754015	-0.7994898399331745	0.24135148913017446	1.797925657894737	1.0684733902073866	0.2887794849943388	0.3516055561572293	-5.260075952612329	
MMP9	-0.312263762306436	-0.9015117974131248	0.2769842728002529	5.6246277631578945	1.055917091339504	0.29444057985035504	0.3571351519857919	-5.272128676834475	
CCL2	-0.4427923157224059	-1.3080122476425686	0.42242761619775676	9.404319473684211	1.0197176451179495	0.3111839992348032	0.3760139990753872	-5.306104056206527	
CH3L1	-0.3535608365670333	-1.0518046155212304	0.3446829423871638	7.070360657894737	1.0089356141538723	0.31629258795518606	0.3807446624819032	-5.31600159029209	
LEG3	-0.12674989797371558	-0.38904655608346184	0.13554676013603065	9.367331315789473	0.9628557663278852	0.3387551825541544	0.40487308691916346	-5.357149508544037	
NOMO1	-0.17053493871547099	-0.5235285789272819	0.18245870149633991	0.9130968421052632	0.962615528215002	0.3388749661674503	0.40487308691916346	-5.357359134140427	
REG3A	-0.2553248119528349	-0.7885914026079797	0.2779417787023098	1.1134656578947368	0.9540145963799265	0.3431816886502811	0.408488651788954	-5.364830550234183	
GP1BA	-0.2687138762268501	-0.8323011618009988	0.2948734093472985	4.111194736842105	0.950025541164866	0.3451911786717121	0.40935310779284817	-5.3682735868103535	
BGH3	-0.090920275973543	-0.28585294919151183	0.1040123972444258	9.977802894736842	0.929356800671224	0.35572535805342187	0.42028292303348735	-5.385888154753712	
SDC4	-0.16907585418291257	-0.5402629486065843	0.20211124024075913	1.6249393421052631	0.9076012736101375	0.3670345228312849	0.43204432761320993	-5.404020827719625	
TIMP1	0.12892071814620384	-0.1652586277795385	0.4231000640719462	9.264055131578948	-0.8732064049385397	0.3853748180966676	0.45196531975307713	-5.431832371342351	
CCL5	-0.16597329178484163	-0.5540477155309674	0.22210113196128414	8.438497368421052	0.8521765138961358	0.3968651866688141	0.46373624376319306	-5.448319569278436	
ANGL1	-0.18726151399621777	-0.6309574768885655	0.25643444889613004	1.5216869736842105	0.8409485531075371	0.4030854260189086	0.4692855872263936	-5.45696108742278	
MBL2	-0.3062544929013536	-1.0745068169164727	0.4619978311137655	10.249868815789474	0.7943007279700915	0.42955983935419717	0.4982894136508687	-5.491660219464534	
MEPE	0.10975785056141328	-0.1665678758412707	0.3860835769640973	0.6651655263157895	-0.7914448321246271	0.43121349997488756	0.49839531337677223	-5.4937214958906555	
COCH	-0.31554158222895345	-1.125525254809479	0.49444209035157205	3.826541052631579	0.7762233607455961	0.440090567026041	0.5068191006545382	-5.504584789921047	
CDHR5	-0.04924802758601012	-0.17707345945816788	0.07857740428614762	0.26527407894736843	0.7676759714817848	0.44512190614157143	0.5107693815077744	-5.510594052882675	
CATD	0.0749840117595399	-0.12264611152379944	0.27261413504287924	5.740329342105263	-0.7560001908108692	0.45204853449677584	0.5153565260583185	-5.518697056498462	
PGCA	0.1645674590743502	-0.26946242427356526	0.5985973424222656	5.006805131578948	-0.7554934546656225	0.45235055578786576	0.5153565260583185	-5.519045967564334	
TENA	0.07605019536873507	-0.1360060565371068	0.28810644727457696	8.423533815789474	-0.7145878498837357	0.4771115443114393	0.5416206096474897	-5.546451911365288	
PROC	0.20850641773071996	-0.3751284757819252	0.7921413112433652	6.6099043421052635	-0.7118435470904052	0.4787994104093797	0.5416206096474897	-5.548236785605854	
MFGM	-0.0910602616752491	-0.35574625298190177	0.17362572963140355	10.5702475	0.6854950324708347	0.49517306627175006	0.5565621664554572	-5.565029170010787	
SODC	-0.05695630154116066	-0.22263683862462044	0.10872423554229912	3.5482386842105265	0.6849780604286723	0.49549735195407474	0.5565621664554572	-5.565352400123975	
ELAF	-0.23427121908084111	-0.9255607386735091	0.4570183005118268	2.037778947368421	0.6752511605938972	0.5016203442545244	0.5614627712883975	-5.571389178739208	
CRAC1	-0.14273615552765964	-0.5679765174177333	0.2825042063624139	1.3134209210526315	0.6688148243415131	0.5056943222177623	0.5640436670890426	-5.575336912179358	
IGLC2	-0.06816318612932289	-0.2748002898701972	0.13847391761155142	7.037142763157894	0.6572762666759979	0.5130420911687658	0.5702453905325305	-5.582320680191823	
MYOC	-0.20379030381248184	-0.8802160560053657	0.47263544838040195	1.9792913157894738	0.6003019554544712	0.5501386949011946	0.6087627180447562	-5.615043939161336	
ANGI	0.03704178305237416	-0.08633389898529492	0.16041746509004323	8.423781447368421	-0.5982306937384696	0.55151230568945	0.6087627180447562	-5.6161783333053386	
AMD	-0.17440012144167083	-0.7802049394719848	0.4314046965886431	5.237498026315789	0.5736149141162538	0.5679673587387053	0.6247640946125759	-5.629362818971149	
CAH4	-0.2010468002787742	-0.9172777964839481	0.5151841959263997	2.843822105263158	0.5593072232792621	0.5776406367274385	0.6332211790929653	-5.636774090966839	
TRY2	-0.2146682744257054	-0.9931000505924152	0.5637635017410045	4.625554078947369	0.5494822703594034	0.5843286915522174	0.6352515062499894	-5.6417559258758665	
CCN3	-0.11259719463639263	-0.5227159830188362	0.2975215937460509	8.092524736842105	0.5470465444711535	0.5859924124712672	0.6352515062499894	-5.642977448636589	
SG3A2	-0.09342192741081193	-0.43498984487122416	0.24814599004960033	0.6139511842105263	0.5449769396696051	0.5874078145590882	0.6352515062499894	-5.644011133755507	
ECP	-0.042329880540110276	-0.19711673548158318	0.11245697440136262	8.132645789473685	0.5449031786526181	0.5874582894788303	0.6352515062499894	-5.644047902768285	
UFO	-0.14597103531197636	-0.7188244537066342	0.4268823830826814	6.016163947368421	0.5077261756025916	0.6131551063830144	0.6607989153249377	-5.661951964287367	
ENPP7	-0.031590858814476167	-0.16502111261261426	0.10183939498366194	0.42444394736842106	0.4717517230120578	0.6384917901009977	0.6846939764798937	-5.67808174108752	
LDLR	-0.13379887846194854	-0.7008329861213891	0.4332352291974921	4.5384625	0.4701643162769115	0.639620078341719	0.6846939764798937	-5.678766373449019	
TYRO3	-0.0258532970216424	-0.13936412819071942	0.08765753414743463	0.2655659210526316	0.4538214368504993	0.6512852738721544	0.6948495062381848	-5.685681560986963	
REG1A	-0.16521356556158326	-0.9068593069869506	0.576432175863784	5.973058815789473	0.4438697731723233	0.6584317117088694	0.7001323867837644	-5.689773316511915	
CAP7	0.06804909870474148	-0.27424655291859823	0.41034475032808115	7.3381775000000005	-0.3961205468323391	0.6931557502583747	0.7346069246924303	-5.708150739348394	
ANGL7	-0.03332684156233117	-0.20454287767357138	0.13788919454890902	0.2331625	0.3878431210973374	0.6992453264995135	0.738606818388559	-5.711125036725238	
SPRL1	-0.08612446141477927	-0.5498316759104057	0.3775827530808472	3.4479059210526315	0.37007439749318044	0.712383933951146	0.7500015674271141	-5.717298590575776	
TPA	0.09385445823389311	-0.4180369443894855	0.6057458608572718	10.082043157894736	-0.36532840953603224	0.7159082163107486	0.7512326348787133	-5.718898750110535	
IBPL1	-0.08616466553767677	-0.5959869754813941	0.4236576444060406	1.8027523684210527	0.33675708745538263	0.7372530231677115	0.7710941455426229	-5.728097040964636	
GAS6	0.09569510733101971	-0.48458221626036024	0.6759724309223997	11.277623421052631	-0.3285946658322932	0.7433899682611683	0.7749718950173617	-5.7305878405361135	
GPVI	-0.07166527113116768	-0.5207358471166222	0.3774053048542869	2.439215	0.3179805254663595	0.7513951400094503	0.7807656340814809	-5.733735673672001	
DEF1	-0.06560896006740512	-0.4997311525799899	0.36851323244517964	5.927831973684211	0.3011324384228087	0.7641578654447917	0.7914492177821058	-5.738520693541391	
SOST	0.10382316865184274	-0.6296273552927716	0.837273692596457	8.036063552631578	-0.2820524202397524	0.7786904877268304	0.8036659390982429	-5.743625947562335	
GALA	0.09002226601937084	-0.5553811189650605	0.7354256510038021	1.8254326315789473	-0.27792337586728144	0.7818460642419645	0.8036659390982429	-5.744686895829013	
PLTP	-0.0933791599060703	-0.768134848040307	0.5813765282281664	2.3368680263157895	0.2757463564771551	0.7835113073967196	0.8036659390982429	-5.7452399908576295	
LTBP2	-0.0342606417826968	-0.2861726029346452	0.2176513193692516	8.175879605263157	0.2709898843967243	0.7871531348568139	0.8048136218568065	-5.746433323959503	
SPON1	-0.07207161629231641	-0.689013802406457	0.5448705698218242	2.6766709210526316	0.2327695506748636	0.8165828426738819	0.8315043567526407	-5.755269952398302	
FBLN3	0.043901975988295615	-0.3358861481947598	0.423690100171351	8.641555	-0.23032923333825878	0.81847137310448	0.8315043567526407	-5.75578869774613	
PERM	0.03361588186511906	-0.2865638399166353	0.3537956036468734	4.65408697368421	-0.20919777469245357	0.8348685590282925	0.8454700645397628	-5.760052359197566	
FHR5	0.015050561048288473	-0.1773395852094878	0.20744070730606476	9.296155263157894	-0.15587491850491528	0.8765559706805028	0.8848777045793684	-5.76899061182713	
IBP3	-0.01901435182000838	-0.35551419855672123	0.31748549491670447	7.874962236842105	0.11259083218974753	0.9106597644801667	0.9164052519532276	-5.7743273600005836	
CATO	-0.019243208497413462	-0.4344473090949243	0.3959608921000974	1.7311632894736841	0.09234687975604118	0.9266719422926599	0.9295860050042721	-5.776232940661139	
COIA1	-0.00202768875352174	-0.16764780271806745	0.16359242521102396	7.846708552631579	0.02439464979126774	0.9806034665411425	0.9806034665411425	-5.779876937513253	
