	logFC	CI.L	CI.R	AveExpr	t	P.Value	adj.P.Val	B	
A4	-1.1454915945110162	-1.7684891942239855	-0.5224939947980469	6.216811311733333	-3.735599162406718	0.0006806329712223905	0.18660785104517438	-0.43681500822367614	
FETUA	-1.7947214488317613	-2.825276950834623	-0.7641659468288997	6.5851296077	-3.5381839073751213	0.0011810623483871796	0.18660785104517438	-0.8951729621162601	
IBP5	-1.1554516440573903	-1.8798730174392304	-0.43103027067555033	6.7097712535	-3.2405240994527533	0.002655875273146408	0.1891818952628544	-1.5670284775910162	
SMOC2	-0.8269790607941059	-1.3497609889906605	-0.3041971325975512	6.286688580766667	-3.213872792686817	0.0028518794373792854	0.1891818952628544	-1.6258897920524902	
FGL2	-0.819686574462248	-1.34080581512815	-0.29856733379634626	6.649396017333333	-3.1956959297921674	0.0029933844187160505	0.1891818952628544	-1.6659021634109523	
PRG4	-0.778321085945446	-1.2975223734801538	-0.2591197984107384	6.717657588433333	-3.04563441725994	0.004445119689307488	0.23410963697019435	-1.9919329145152584	
OSTP	-1.9959377756977466	-3.363910573205761	-0.6279649781897321	6.064300097833334	-2.9643144595046316	0.005488494750419047	0.24726763065724805	-2.165225957575659	
PROC	-1.4248645443585868	-2.42673329017538	-0.42299579854179337	6.849367365733333	-2.8894653260525716	0.006649069656417883	0.24726763065724805	-2.3224834401275265	
IGF2	-1.2119186883617195	-2.0707751116059487	-0.35306226511748995	6.666229525766667	-2.8668676930557417	0.00704243251871909	0.24726763065724805	-2.3695218893288548	
FCGBP	-0.8587009611010556	-1.4978331050293865	-0.2195688171727248	5.954480691366666	-2.729644093221895	0.0099389476619777	0.31407074611849534	-2.6505799737994957	
FA10	-1.3316707400016583	-2.369128155416394	-0.29421332458692273	6.591060410433333	-2.6078422322536747	0.013402666134762932	0.38366555845904005	-2.893095031560911	
KNG1	-0.7332879976696216	-1.312226373087701	-0.15434962225154203	6.879252882833334	-2.573338837462438	0.014569578169330636	0.38366555845904005	-2.9605387198820714	
B2MG	-0.9391069349797677	-1.6991821182040976	-0.17903175175543795	6.4891291077333335	-2.5102283542708013	0.01694885714326171	0.38502492293924345	-3.0824110098696886	
APOC2	-0.7512733433059097	-1.3633754370582993	-0.1391712495535199	6.630204457966666	-2.4936118347861362	0.0176319764208276	0.38502492293924345	-3.1141724151333783	
FINC	-0.6407792930519464	-1.1660465093322236	-0.11551207677166919	6.047212374933333	-2.478465678066304	0.01827649950660966	0.38502492293924345	-3.1430027827825513	
CYTC	-0.632183551056838	-1.1615499647097494	-0.10281713740392662	6.577225833133333	-2.4262834967175415	0.02066529376336306	0.3900802002199264	-3.2414377691282135	
F13A	0.7852401864182541	0.123559532193529	1.4469208406429792	6.506374282933333	2.4110644315117313	0.021413697701862154	0.3900802002199264	-3.269882415181568	
THRB	-1.104040459041388	-2.0405174899560246	-0.1675634281267515	6.8151225128	-2.3952044792539127	0.022219758240375552	0.3900802002199264	-3.2993962289389507	
LAMC1	-0.5247763961730179	-0.9750561735451404	-0.07449661880089536	6.3211969697	-2.3678085590123934	0.02367723582840272	0.39378981693554	-3.350065123626477	
SPRL1	-0.8575986304704827	-1.6050824140027382	-0.11011484693822715	6.094344757366667	-2.330971908272323	0.025773394697737605	0.40721963622425417	-3.4175633467024427	
PA2GA	-0.8176725969012492	-1.5525496584644718	-0.08279553533802653	6.0639453546	-2.2605779533134536	0.03025045547979915	0.4169410024965953	-3.5444940958672326	
SULF1	-0.5862870772301803	-1.121859909497277	-0.05071424496308352	6.350276453366667	-2.2240601010763985	0.03283782449928332	0.4169410024965953	-3.6092539200930953	
TIMP1	-0.79828769711642	-1.533234249100723	-0.06334114513211697	6.1613962235	-2.206776829994464	0.034129997670054535	0.4169410024965953	-3.639639845547978	
RNAS1	-0.6826616223295734	-1.3155973835239076	-0.04972586113523925	6.136251569533333	-2.191293700862017	0.03532591339393919	0.4169410024965953	-3.6667155336634196	
APOA4	-0.6214476241726516	-1.1977176198818997	-0.04517762846340356	6.6834344154666665	-2.1909540028580308	0.03535256514905701	0.4169410024965953	-3.667308023283278	
LG3BP	-0.7784648649142265	-1.5012676870367692	-0.05566204279168396	6.0597644283	-2.1881339901652606	0.03557450794618098	0.4169410024965953	-3.672224020098258	
ADIPO	-0.49115324697250484	-0.9486929409207079	-0.03361355302430186	6.6320237707	-2.1809362855278374	0.036146622610341426	0.4169410024965953	-3.6847505936049174	
HS90B	0.5008471630605342	0.03199775194772719	0.9696965741733412	6.529731542066667	2.1703340264485607	0.037004266207397274	0.4169410024965953	-3.703147573878457	
LTBP4	-0.513520088103493	-0.9976183781484416	-0.0294217980585445	6.3565916542	-2.1551555671019047	0.038263573013928055	0.4169410024965953	-3.729371126485943	
CO4A1	-0.7280610251688063	-1.4264547733752755	-0.029667276962337286	6.0288850744	-2.1179815658304966	0.04150972255685952	0.437235744265587	-3.793023804195511	
CLC11	-0.578757088125722	-1.1486883701353467	-0.00882580611609729	6.2616280597000005	-2.0631393579806776	0.046743038913190815	0.45745066917686755	-3.8854235082690787	
MIF	0.767782075290488	0.008159217663209373	1.5274049329177668	6.424797313433333	2.0534998730520213	0.04772054407102455	0.45745066917686755	-3.901476269999179	
ANT3	-0.5015909553880891	-0.9979724004959456	-0.005209510280232588	6.7824646288	-2.052999736950258	0.04777174709758427	0.45745066917686755	-3.9023076049165635	
GAS6	-1.01679145346699	-2.031742185284588	-0.0018407216493918632	6.582647407166666	-2.0353620004902333	0.049608557011402224	0.4610677651647972	-3.931527315762596	
FST	-0.5357268364473443	-1.093844135577268	0.022390462682579382	6.3760036931999995	-1.9501708222236989	0.05937650043171321	0.525762266511617	-4.069938306243324	
PGBM	-0.48040928155458446	-0.9871658748778216	0.026347311768652626	6.021070240466667	-1.9260462762940493	0.06242928905066693	0.525762266511617	-4.1083006958954185	
VTNC	-0.7913282379748313	-1.628270893373237	0.045614417423574416	6.684993893133333	-1.9209483904557427	0.06309146717230811	0.525762266511617	-4.116359508665608	
ANGI	-0.5911998644946845	-1.2168101015995307	0.034410372610161555	6.3476028386	-1.919929206351141	0.06322457635266279	0.525762266511617	-4.117968644045975	
PROZ	-0.9757614695687676	-2.0287913617205438	0.07726842258300859	6.778585297566667	-1.8825984696969802	0.06826981531818148	0.5531605548857781	-4.17644504572742	
CO4A2	-0.45985592240469125	-0.9701419990698679	0.050430154260485416	6.434854312433333	-1.8308923137595625	0.07582599000444774	0.5709566553072062	-4.255933849292671	
LAMA5	-0.6706925659923543	-1.4162048279368407	0.07481969595213211	6.2721657978000005	-1.827777966390874	0.07630303743208171	0.5709566553072062	-4.2606651194946314	
MGP	-1.203792322382287	-2.5510529397988098	0.14346829503423542	6.315648717366667	-1.8153262609828102	0.07823596869299894	0.5709566553072062	-4.279516936899827	
CATD	0.7739914440961987	-0.1009639792325071	1.6489468674249044	6.6593876737999995	1.7972354175471288	0.08111833619367181	0.5709566553072062	-4.306721407261161	
DCD	-0.5415508640293443	-1.1538194117141776	0.07071768365548903	6.414936392366667	-1.7970163928020007	0.08115377717277739	0.5709566553072062	-4.307049422745857	
CXCL7	-0.5183269856763493	-1.1077516591829806	0.07109768783028192	6.435460502133333	-1.786611991329329	0.08285252153917066	0.5709566553072062	-4.322593984671377	
IBP3	-0.6963218965672373	-1.488859761314548	0.09621596818007327	6.619392103166667	-1.7850269104618064	0.08311394349408698	0.5709566553072062	-4.324955738645279	
LECT2	-0.5485616031273748	-1.1968679055821498	0.09974469932740038	6.242780808666667	-1.719095082839706	0.09462185584824284	0.6231546015566852	-4.421677125768634	
PRDX1	0.4023879442336554	-0.07321788426596304	0.8779937727332738	6.6677855832	1.7189075864392918	0.09465639517316737	0.6231546015566852	-4.421947925692516	
HS90A	0.4567536674418958	-0.09525888736368648	1.0087662222474783	6.5364771563	1.6810778421730026	0.10184399319824909	0.6507108438808269	-4.476085733869631	
RARR2	-0.5128388692116506	-1.134895781916798	0.10921804349349684	5.9255993174	-1.6749642782685845	0.10304712027729236	0.6507108438808269	-4.484741046501008	
FA9	-0.5245341980203524	-1.1699843002424628	0.12091590420175813	6.813474496633333	-1.651071459506074	0.10786282112339345	0.6507108438808269	-4.518315385137076	
A2MG	-0.5316011909647284	-1.2024883752272828	0.1392859932978262	6.468689656233333	-1.6098714017072513	0.11660299833227067	0.6507108438808269	-4.575259876961451	
LV319	-0.49646712565607237	-1.1281940603722995	0.13525980906015483	6.487467439966666	-1.5966724735966997	0.11952297753492533	0.6507108438808269	-4.5932462384884545	
SAP	0.5182327054854249	-0.14278232523386736	1.1792477362047171	6.4314295452	1.592825569487334	0.1203851942031457	0.6507108438808269	-4.598464901127404	
SDF1	-0.4473229950030073	-1.019578703282218	0.12493271327620337	6.5861018896	-1.588129183990454	0.12144469224255514	0.6507108438808269	-4.604821507525644	
RNAS4	-0.5108417782942773	-1.164740090375159	0.14305653378660443	6.4336191976	-1.5871973429212891	0.12165581704647585	0.6507108438808269	-4.606080873099825	
TAGL2	0.5687155321015357	-0.1701661134860416	1.307597177689113	6.183207336266666	1.5637774525343726	0.12706109898298087	0.6507108438808269	-4.63752616960767	
HDGR3	-0.38363397945915234	-0.8821285032020134	0.11486054428370879	6.399231377466666	-1.5635486939947436	0.12711484363660552	0.6507108438808269	-4.6378313566713185	
KLKB1	-0.33648119726581693	-0.7763037935096238	0.10334139897798994	6.6839879734666665	-1.5543112802000585	0.12930056163236364	0.6507108438808269	-4.650123195191753	
CO5A1	-0.4092377382515946	-0.9453636862084979	0.12688820970530867	6.250326565233333	-1.5508278254333163	0.1301326760974941	0.6507108438808269	-4.654742342466223	
FIBG	-0.5335119425630136	-1.2377437864725072	0.17071990134648007	6.293010284666667	-1.5391580653562817	0.1329519656433033	0.6507108438808269	-4.670152168124414	
LTBP1	-0.3552311018137473	-0.8283655261066705	0.11790332247917584	6.2342116835666666	-1.525390970732983	0.13634120841109937	0.6507108438808269	-4.6882032769648285	
PXDC2	-0.3114984449088495	-0.7271205130953821	0.1041236232776831	6.451057609833334	-1.5226918378613226	0.13701378992889776	0.6507108438808269	-4.69172600018884	
PGS2	-0.49291598938499837	-1.160154594884049	0.1743226161140523	6.081466030733333	-1.5008817477840546	0.1425470281950988	0.6507108438808269	-4.719994009269917	
TIMP2	-0.3458927954806905	-0.8149092500838484	0.12312365912246742	6.3097854643	-1.498332407156625	0.14320533310031652	0.6507108438808269	-4.723275254114394	
FBN1	-0.3419222700908177	-0.8094463675046442	0.12560182732300873	6.2216673155	-1.485860794803692	0.1464609913194877	0.6507108438808269	-4.739257930425353	
ANXA5	0.4207452280019007	-0.15663133673322233	0.9981217927370236	6.686574244033333	1.4805217190374451	0.14787268868739584	0.6507108438808269	-4.746064748932286	
PLMN	-0.5275334656596266	-1.2520015095822483	0.1969345782629952	6.582414994366666	-1.4793996717919526	0.14817074381615392	0.6507108438808269	-4.74749255445582	
TENX	-0.4062722049639791	-0.9643562526867829	0.15181184275882476	6.1859907029	-1.479013841419459	0.14827334455775584	0.6507108438808269	-4.7479833070088215	
SODE	-0.47225994796708387	-1.1222997268812442	0.17777983094707644	6.0693497625	-1.4760324895862011	0.14906806299070322	0.6507108438808269	-4.751771662171363	
COMP	-0.47285209784714666	-1.1240441915647554	0.17833999587046212	6.5362185646	-1.4752680506413574	0.14927238013816357	0.6507108438808269	-4.752741954669813	
LAMA4	-0.36090830606071606	-0.8581912657212833	0.13637465359985124	6.542935671633333	-1.4745110640084467	0.14947492530109552	0.6507108438808269	-4.753702358459324	
COIA1	-0.39781217837604804	-0.9471204058508935	0.15149604909879738	6.515983195433333	-1.471352414815085	0.15032244178259607	0.6507108438808269	-4.757705183261125	
CO5A2	-0.6141173392179922	-1.4700786801001409	0.24184400166415654	6.164071577666666	-1.4576455973211937	0.15404460195907094	0.6578120840414381	-4.774988852629958	
IGHD	-0.381027322414146	-0.9177298251704871	0.15567518034219513	6.551838862966667	-1.4423718382973063	0.15827803319027162	0.666878113175011	-4.794082403277228	
APOC3	-0.4947136392055016	-1.2079905534838427	0.21856327507283946	6.500921386866667	-1.4091280240389128	0.16780988582136347	0.6977358410467218	-4.835031857185756	
FIBA	-0.4415534967621005	-1.091111320860219	0.2080043273360181	6.307055365366667	-1.3810844838181144	0.17619579609131217	0.7206296272041796	-4.868922919905789	
APOC1	-0.4278229719684219	-1.061574302577958	0.20592835864111436	6.571792911266667	-1.3715130748958164	0.17913149417283494	0.7206296272041796	-4.880352507630537	
SPON1	-0.44597849950007523	-1.1082255498249618	0.2162685508248114	6.3697249628	-1.3681969735260562	0.1801574068010449	0.7206296272041796	-4.884295997228756	
PDIA1	0.32538066002604915	-0.16599887474461283	0.8167601947967111	6.605174126966666	1.34533179735423	0.18735573561963	0.7400551556975385	-4.911256761055048	
CAD13	-0.3654409615934912	-0.9208434057228418	0.18996148253585948	6.5098458272999995	-1.336793035987	0.19010005369536245	0.7416249008362288	-4.921221468410003	
HV372	-0.44091697957856557	-1.1194932143408796	0.23765925518374853	6.6033158634	-1.3201184904188228	0.19554816355679727	0.7535758498042431	-4.9405176462792575	
CLUS	-0.3572321326758971	-0.920652694998441	0.2061884296466469	6.4998810743	-1.288168157760741	0.2063200681631035	0.7689956471929489	-4.976886176370517	
HS71B	0.27957969789706416	-0.16395205547254266	0.723111451266671	6.4309138683	1.2806653224609323	0.20891370617026456	0.7689956471929489	-4.985310679636752	
ANXA6	0.29011997820522584	-0.17435705274474889	0.7545970091552006	6.681704116166666	1.2690190155737142	0.21298844302696968	0.7689956471929489	-4.99829999600348	
FA12	-0.3099163299152311	-0.8065935941345097	0.18676093430404755	6.683724019566666	-1.267724595117541	0.2134450020036785	0.7689956471929489	-4.99973708956197	
LEG1	0.3678222687705622	-0.22223435299712319	0.9578788905382476	6.303994223566667	1.2664821302510405	0.2138839288857281	0.7689956471929489	-5.001115258526451	
MFGM	-0.4299790630083039	-1.120451792524015	0.260493666507407	6.2051988855	-1.2651893117884356	0.21434136568360232	0.7689956471929489	-5.002547988477129	
CAPG	0.46080022703545515	-0.28609027040059826	1.2076907244715085	6.5208163826	1.2534600200640298	0.2185252335960688	0.7689956471929489	-5.015486356023595	
MMP9	-0.5190134449541268	-1.3611793541931552	0.32315246428490163	5.9755172238666665	-1.2520904038756306	0.21901774761824494	0.7689956471929489	-5.016990064550253	
S10A8	0.5760062968598105	-0.3682320504737381	1.520244644193359	5.250892947566666	1.239368155604867	0.223632498153985	0.7715228708002853	-5.030886885462983	
FBLN4	-0.28064301379248285	-0.7417006854960264	0.18041465791106065	6.383468497666667	-1.2366696961146868	0.22462058263805773	0.7715228708002853	-5.033817976563704	
FIBB	-0.3764540373222475	-1.0025243557510057	0.24961628110651074	6.313644345466667	-1.221640945644187	0.23018324410373475	0.7772898732401282	-5.050036432987992	
MUC18	-0.3441756244408904	-0.917864848474284	0.22951359959250311	6.341201034933333	-1.2188721465274241	0.23121913950813938	0.7772898732401282	-5.053004794639152	
CO4B	0.36212423826568674	-0.25457133959903844	0.9788198161304119	6.765275772833333	1.1930028919832179	0.241065115155804	0.7918474431859673	-5.080442589013861	
FCN3	-0.3951947077148273	-1.069567815350958	0.2791783999213034	6.488462716933333	-1.190599272213104	0.2419953757268668	0.7918474431859673	-5.082964730837287	
HV349	-0.3764787616313173	-1.0226482783600506	0.2696907550974159	6.8006440760333335	-1.183719361346112	0.24467264459204424	0.7918474431859673	-5.09015823889578	
PLTP	-0.5586947177698679	-1.5199504331882925	0.4025609976485567	6.6782281229	-1.1808381244284927	0.24580028475859486	0.7918474431859673	-5.093159502015585	
APOH	-0.2644047823872121	-0.7261740532412558	0.19736448846683163	6.537428895766666	-1.1633195145991844	0.25273856332758554	0.7918474431859673	-5.11126394581175	
HDGR2	-0.2637690066648105	-0.7262055704518902	0.1986675571222692	6.334379333766667	-1.158847623362272	0.2545322858362622	0.7918474431859673	-5.115845693787226	
SLPI	-0.3393976794149428	-0.9368205581058106	0.25802519927592493	6.373976921266666	-1.154201819026727	0.2564055419184627	0.7918474431859673	-5.120588498345045	
HSP74	0.2539696112840504	-0.19370900741455754	0.7016482299826583	6.572142675733334	1.152577500561371	0.2570628440626793	0.7918474431859673	-5.122242609402089	
IBP7	-0.3935692553293624	-1.0888693694467133	0.30173085878798855	5.585393561266667	-1.1500152526131662	0.2581021729371982	0.7918474431859673	-5.124847509004229	
IGHA2	-0.27904512664680986	-0.7863089595167647	0.22821870622314505	6.495194489833334	-1.1176228678661364	0.27150446635382236	0.8163774769025547	-5.1573193370387385	
HEMO	0.32953468399746266	-0.27058229080785023	0.9296516588027756	6.6593672749333335	1.115629414200649	0.27234523143845524	0.8163774769025547	-5.15928977039308	
ITB1	-0.2678374385205995	-0.7571554273429189	0.22148055030171987	6.582304378466667	-1.1120769440879694	0.2738481409863	0.8163774769025547	-5.162793172936241	
HMCN1	0.3034974892017639	-0.25645726347297826	0.863452241876506	6.467274610966666	1.1011764210183699	0.2784966305398389	0.8182188107552484	-5.1734787370055155	
THIO	0.2744842754649972	-0.23317252974189495	0.7821410806718894	6.3880562691666665	1.0985048874673846	0.27964440367584437	0.8182188107552484	-5.176082748666358	
F13B	-0.3719132878204365	-1.0652332527755168	0.3214066771346438	6.452676401133333	-1.089839952958323	0.2833902159855838	0.821571635334353	-5.18448841544507	
APOA1	-0.40433796775641795	-1.1685194067759008	0.3598434712630648	6.6806750090666664	-1.0749859174982508	0.28989383117647155	0.8327859150160455	-5.198754529823549	
MANF	0.35887764112348625	-0.3346203197250028	1.0523756019719752	6.5918068897	1.0513708924816298	0.3004479776080915	0.8553293776951073	-5.221060581818555	
CO6A2	-0.29444484591270725	-0.8854193795985221	0.2965296877731076	6.4094764309	-1.0122549893076025	0.3185121903951883	0.8650054361235037	-5.256991949111551	
A1AG1	0.3343436358057754	-0.3397273031854232	1.0084145747969742	6.321095611866666	1.0077253715633712	0.3206510774578814	0.8650054361235037	-5.261070542661123	
ANX11	0.21032777467479566	-0.21910522737261387	0.6397607767222052	6.587323739133334	0.9950752992823849	0.326676257138489	0.8650054361235037	-5.272370263355256	
PGS1	-0.35856970921401893	-1.0920305500106091	0.3748911315825712	6.2566860616	-0.9932336005268255	0.32755981637009113	0.8650054361235037	-5.2740042077761995	
CO7	-0.3076690416955462	-0.9370442445444157	0.3217061611533233	6.827945969566667	-0.9931821532094175	0.32758452157416995	0.8650054361235037	-5.274049810775248	
FHR2	-0.3575653882459183	-1.0909319894199534	0.37580121292811663	6.480470708733333	-0.9905789197891449	0.3288362532057454	0.8650054361235037	-5.276354428736305	
SFRP2	-0.3041668505509675	-0.9282024430967539	0.31986874199481896	6.470285525633333	-0.9902782856417512	0.3289810175878115	0.8650054361235037	-5.276620211774286	
CFAH	-0.22316164622371598	-0.6856515794872193	0.23932828703978737	6.493066086433333	-0.9803293572244548	0.33379605792662725	0.8650054361235037	-5.285373075855781	
CSPG2	-0.2593167208559592	-0.7988627351188555	0.2802292934069371	6.318948972133334	-0.9764651962946296	0.3356789560656691	0.8650054361235037	-5.288750298371861	
IBP6	-0.3101171631112733	-0.9559550804105335	0.3357207541879869	6.675754212066667	-0.9755667715733262	0.33611775464672466	0.8650054361235037	-5.289533712663661	
FMOD	-0.2529393453460761	-0.7809388973814545	0.2750602066893023	5.9754685906	-0.9732794913493985	0.3372366216311349	0.8650054361235037	-5.291525129898136	
TSP2	-0.34841865987027587	-1.0828012804973648	0.38596396075681294	6.116628489766667	-0.9639039309678172	0.34184895434249984	0.8650054361235037	-5.299641986189686	
CD5L	-0.31113757230076733	-0.9712223138587369	0.34894716925720226	6.357033353033334	-0.957651517093843	0.3449481663467472	0.8650054361235037	-5.305013872089168	
CD59	-0.2842111435469623	-0.892554765883956	0.3241324787900314	6.599421337066667	-0.9491762844401299	0.34917897444276713	0.8650054361235037	-5.312242933432625	
HV309	-0.20770266471969065	-0.6524793898444905	0.23707406040510917	6.583509362666667	-0.9487564721696305	0.3493894342199798	0.8650054361235037	-5.312599442628584	
PON1	-0.5547746022398294	-1.7474460361908994	0.6378968317112406	6.1628064989333335	-0.9450406491905907	0.35125591155520186	0.8650054361235037	-5.3157484729949624	
TARSH	-0.2453924068992316	-0.7749285224401247	0.2841437086416615	6.4751070086333335	-0.9414998845288737	0.35304058394999227	0.8650054361235037	-5.318738295690823	
HSP7C	0.20140041535632452	-0.23546447615427685	0.638265306866926	6.583330654466667	0.9366297621615818	0.35550506700833673	0.8650054361235037	-5.322833315254828	
HEP2	0.23822004138083883	-0.28091188702137715	0.7573519697830549	6.7212119326	0.9322991568881782	0.3577060296133241	0.8650054361235037	-5.32645783049662	
PCOC1	-0.22091264772948313	-0.7048959758265773	0.26307068036761105	6.5043830908333335	-0.9273526455822327	0.36023095106751013	0.8650054361235037	-5.330578403168906	
CADH1	-0.25616544306462696	-0.8186852396630645	0.3063543535338106	6.561454330166667	-0.9252039274080935	0.36133138470981796	0.8650054361235037	-5.332361882660434	
APOD	-0.29306359857722225	-0.9465245105464688	0.36039731339202424	6.271702994766667	-0.9111649380455613	0.3685753344596673	0.8685922641250541	-5.343918129914469	
APOE	-0.2634119497846731	-0.8527492161371246	0.32592531656777846	6.3819206089	-0.908084587695522	0.37017730073470334	0.8685922641250541	-5.346431338201058	
VINC	0.255662013715738	-0.31774511661448984	0.8290691440459659	6.0656404947333336	0.9058532612942811	0.371340540492646	0.8685922641250541	-5.348246802683861	
CYTB	0.31727020679297163	-0.3980645081331619	1.0326049217191051	6.4565496456	0.9011036025850213	0.373824518737365	0.8685922641250541	-5.35209714215748	
LRP1	-0.20684248411353023	-0.679813878529612	0.26612891030255154	6.508318192266667	-0.8885044468885591	0.3804654997343604	0.8775700577814444	-5.362217635344936	
MIME	-0.32082106977540886	-1.060388878878045	0.4187467393272271	6.200010936833333	-0.881332162511539	0.38427959649859766	0.8782248796595887	-5.367918421266018	
CO3A1	-0.3471775316409668	-1.1509646315312454	0.4566095682493117	5.981027284966666	-0.8775367542699545	0.386307779343933	0.8782248796595887	-5.37091736934808	
LBP	0.41128775644703275	-0.5504778074983404	1.373053320392406	6.2352094619	0.8688229698176585	0.3909899940346485	0.8784547390657254	-5.377755978532385	
CO8B	0.262770386932865	-0.3538422901817529	0.8793830640474829	6.653229474	0.8658022444843522	0.3926215006230239	0.8784547390657254	-5.380111486713149	
PROP	-0.2567189068301819	-0.8618757230514742	0.34843790939111047	6.101009325833333	-0.8618757499972991	0.39474864856750946	0.8784547390657254	-5.383161614909813	
PRELP	-0.2697563519611949	-0.9125493729413061	0.37303666901891624	6.148462042233334	-0.8526195038785784	0.3997918807713391	0.8804124280727101	-5.390299624070403	
CPXM2	-0.215600601608619	-0.7356439171562668	0.3044427139390287	6.009275636066667	-0.8422968682008385	0.405463625262219	0.8804124280727101	-5.39817323734526	
BCAM	-0.3041998613887263	-1.040545627766952	0.4321459049894994	6.372639864666667	-0.8393284681685156	0.40710385693847606	0.8804124280727101	-5.400420435934917	
TSP1	-0.3543550412705706	-1.2150984454922877	0.5063883629511466	6.1500937643333335	-0.8364108314711995	0.4087200596832472	0.8804124280727101	-5.402621817831381	
CO1A2	-0.3067107219081995	-1.0549674174845778	0.4415459736681788	6.033958662733333	-0.8327853612710071	0.41073391052201935	0.8804124280727101	-5.405347057396533	
ITA1	0.2189422404028248	-0.32475590549580524	0.7626403863014549	6.676021867433334	0.8181377684931623	0.41893272449489893	0.8804124280727101	-5.416242228426561	
HV439	-0.23012457926282157	-0.8017539158949601	0.34150475736931696	6.5575800182	-0.8179056991798174	0.41906342683220765	0.8804124280727101	-5.416413356983565	
ITB2	-0.3430846240977549	-1.2037791305287682	0.5176098823332582	6.336938025933334	-0.8098544257664431	0.42361342859130324	0.8804124280727101	-5.422321591619526	
SPP24	-0.4165851397334103	-1.4719121550548682	0.6387418755880474	6.545319832033333	-0.8019946185524515	0.42808422308719296	0.8804124280727101	-5.428035278766841	
GELS	0.17024899866195084	-0.2611234231717151	0.6016214204956168	6.611097469	0.8018385381836693	0.4281732938042745	0.8804124280727101	-5.4281482002636805	
GANAB	0.19808353058442874	-0.3055784652622816	0.7017455264311391	6.7313161917	0.7990315392708437	0.42977709174222156	0.8804124280727101	-5.430175416894132	
CO6	-0.2131521703193106	-0.7628632389265966	0.3365588982879753	6.866434843033334	-0.7877891830546015	0.43623691588070757	0.8804124280727101	-5.438226251063211	
TRYB2	0.46816367131713643	-0.7510115916263691	1.687338934260642	6.2182454682333335	0.7801647143584259	0.4406509890019574	0.8804124280727101	-5.443623890206741	
TINAL	-0.26462759966929333	-0.9607457777503694	0.4314905784117827	6.3931976758	-0.7723371027761073	0.4452103725713592	0.8804124280727101	-5.449112830776635	
TTHY	-0.19234423653438287	-0.7086624448695005	0.3239739718007347	6.8303483687	-0.7568616017338832	0.45430666275224185	0.8804124280727101	-5.459807879981313	
DERM	-0.32433191623809987	-1.1986218614582382	0.5499580289820384	6.317856528233333	-0.7536833830846124	0.4561882330993974	0.8804124280727101	-5.461978520676236	
VWF	-0.28145663917558417	-1.0407085461898902	0.4777952678387217	6.670808493	-0.7531480260047659	0.45650562521447846	0.8804124280727101	-5.4623432892481345	
IGLC7	0.2915841557072476	-0.5058023434016665	1.0889706548161617	6.027974291366666	0.742933221821742	0.4625863633502876	0.8804124280727101	-5.469255316844393	
CTHR1	-0.21895777571575326	-0.8179628734327995	0.380047322001293	6.2890141820666665	-0.7426506923864314	0.46275521743133485	0.8804124280727101	-5.469445201339667	
PEPD	0.23495681773860858	-0.4100486691291535	0.8799623046063706	6.384788221333333	0.7400812107250796	0.4642925181830895	0.8804124280727101	-5.471168918355654	
PROS	-0.244499423091888	-0.9159382995144895	0.4269394533307135	6.608665165533333	-0.7398200403870681	0.4644489403799179	0.8804124280727101	-5.471343799655883	
HV102	-0.190605459306147	-0.7148759776894634	0.33366505907716937	6.6488646820333335	-0.738643082718603	0.465154232988075	0.8804124280727101	-5.4721311586757055	
ICAL	-0.22342284293969744	-0.8449627631032299	0.3981170772238351	6.3894153522	-0.7303201479444416	0.4701594678347636	0.8804124280727101	-5.477664472782157	
FBLN2	-0.19035584003448697	-0.7209308401921348	0.34021916012316084	6.0974514155	-0.7289104197243507	0.4710103151731808	0.8804124280727101	-5.478595700422448	
MFAP4	-0.23686028712001872	-0.8990924136452607	0.4253718394052233	5.840197210366667	-0.7266691813537675	0.4723648487568569	0.8804124280727101	-5.480072621530823	
PLF4	-0.3717984314910118	-1.4213401584548715	0.6777432954728477	6.396810525033334	-0.7197183566730941	0.47657992597181664	0.8804124280727101	-5.484625083034688	
AMBP	-0.1719289117742536	-0.6595913644420777	0.3157335408935704	6.594408733233333	-0.7162824851952851	0.4786714079841956	0.8804124280727101	-5.4868597892169175	
CO2	0.2027180342959408	-0.37389444740237876	0.7793305159942604	6.561578326166667	0.7142711076197364	0.4798981985524444	0.8804124280727101	-5.488163197689243	
DEF1	0.3989566991189938	-0.7396462526552748	1.5375596508932623	5.6376373958	0.7118822962511947	0.48135751901183743	0.8804124280727101	-5.489706582894672	
TRFL	-0.2756050384895985	-1.0624645706762794	0.5112544936970823	5.987656526633334	-0.7116143194661393	0.48152138274931766	0.8804124280727101	-5.489879407679999	
CO6A1	-0.1801278723989199	-0.6949612444232095	0.33470549962536966	6.3774941132	-0.7108352641904939	0.4819979432170217	0.8804124280727101	-5.4903814818346905	
LUM	-0.2124988155873991	-0.8323308414435129	0.4073332102687146	6.333383946466666	-0.6965258483641749	0.4907987220313119	0.8839192673280515	-5.4995086708690755	
LEG3	0.2150305830978403	-0.4228853937784546	0.8529465599741352	6.574818516266666	0.6848437382993671	0.49804999281878604	0.8839192673280515	-5.5068266577996745	
ITGBL	-0.16414557253980122	-0.6523346411221133	0.3240434960425108	6.4681971480666665	-0.6831182037262693	0.4991260843452068	0.8839192673280515	-5.507897402862287	
LV321	-0.1629881451065218	-0.6485725653282807	0.32259627511523714	6.6310194282	-0.6819397549302277	0.49986173859454475	0.8839192673280515	-5.508627158854479	
CATZ	-0.20729716369427648	-0.8342203084229602	0.41962598103440735	6.725884380566667	-0.6717903987602667	0.50622234321852	0.8839192673280515	-5.5148615302032695	
SFRP4	-0.25527062127539696	-1.0302009046779443	0.5196596621271505	6.196443934866667	-0.6692570248140927	0.5078169171702414	0.8839192673280515	-5.516403529258189	
SOST	0.23333814059602034	-0.4753706910829256	0.9420469722749663	5.941619969933333	0.6689176016851659	0.5080307681940208	0.8839192673280515	-5.516609697399509	
LYSC	-0.22959621722829954	-0.9273576965488746	0.46816526209227544	6.3574901551	-0.6685170289609987	0.5082832095303339	0.8839192673280515	-5.516852877550146	
IPSP	0.18264286857803927	-0.3744869427261952	0.7397726798822737	6.424705276266667	0.6660411437806315	0.5098450383731568	0.8839192673280515	-5.518352799901551	
FHR5	0.2931909357313607	-0.6055195923278255	1.191901463790547	6.512405091033333	0.6628044968675135	0.5118907171100344	0.8839192673280515	-5.520305444837728	
CATS	0.2568927393449094	-0.5386988721499265	1.0524843508397455	6.8793527868333335	0.6560189284130014	0.516193920238984	0.8839192673280515	-5.524369111277332	
ITIH2	-0.19227788983027785	-0.7937860895509434	0.4092303098903878	6.7875847614	-0.6494452299257424	0.520381372578527	0.8839192673280515	-5.528267106510316	
C1QBP	0.1907523035066544	-0.4127333664464755	0.7942379734597843	6.396379194633333	0.6421811671872719	0.5250297680811062	0.8839192673280515	-5.532530029700729	
TRFE	0.1741825484295935	-0.3877539856465093	0.7361190825056962	6.7967886788	0.6297557012064143	0.5330321968210163	0.8839192673280515	-5.539713656706095	
ITIH1	-0.13307579953808055	-0.56493184848356	0.298780249407399	6.6302264115666665	-0.6260583511855505	0.53542579876907	0.8839192673280515	-5.541824826456637	
LAMB1	-0.15889078001852802	-0.6767299196044558	0.35894835956739984	6.355776423566667	-0.6233881760919551	0.5371579362556844	0.8839192673280515	-5.5433419466210525	
S10AC	0.3603754665962585	-0.8310885753583815	1.5518395085508985	5.2594814456	0.6145100836591918	0.5429382108689949	0.8839192673280515	-5.548340755295215	
COEA1	0.24213246810425232	-0.5720293362412123	1.056294272449717	6.109408595733333	0.6042227051699021	0.5496762747838841	0.8839192673280515	-5.554045527180151	
ALBU	0.1697368530720394	-0.41552847250912534	0.7550021786532042	6.818069203833334	0.5892208242568147	0.5595788284800796	0.8839192673280515	-5.562196019692331	
SERPH	0.18589901741134846	-0.45763230834790597	0.8294303431706029	6.650990545133333	0.5868973357256821	0.56112058211489	0.8839192673280515	-5.563440451089386	
SRP14	-0.12633994715862013	-0.5669787660972148	0.31429887177997445	6.5486993827	-0.5825224567130539	0.5640293523828205	0.8839192673280515	-5.565770528978957	
MSRE	0.17331183203488004	-0.4313884515537684	0.7780121156235285	6.756955419533333	0.5822946190719928	0.564181044648431	0.8839192673280515	-5.565891408995889	
ANXA7	0.13849870557163596	-0.34511507800757396	0.6221124891508458	6.564039805833334	0.5818375960170133	0.5644853883452079	0.8839192673280515	-5.566133744619488	
S10A6	-0.1463262514452294	-0.6611746042435547	0.36852210135309593	6.633525855766667	-0.5774277555207089	0.5674262491617392	0.8839192673280515	-5.568462488712825	
IGKC	0.2040362008041707	-0.5217592822036646	0.9298316838120061	6.2884914876	0.5711467413279491	0.5716281554336663	0.8839192673280515	-5.571749419497725	
CO5	-0.16084292149580576	-0.7472337530038924	0.4255479100122808	6.7620037024	-0.5572749449237149	0.5809625729591257	0.8839192673280515	-5.57888393626696	
APOM	-0.21059549071853823	-0.9804805218940201	0.5592895404569437	6.505499755233333	-0.5557480251297585	0.5819945830698543	0.8839192673280515	-5.579658757157411	
IGJ	-0.1836770327031318	-0.8578386369328062	0.4904845715265425	6.3357888812	-0.5535356244396163	0.5834914790478529	0.8839192673280515	-5.580777721442028	
CMA1	0.35631814249511073	-0.9561825626088667	1.6688188475990882	6.392269805266666	0.5515604615375465	0.5848294425360615	0.8839192673280515	-5.581773000821606	
LV310	-0.14198267402877593	-0.6696515706184368	0.3856862225608849	6.451431737266667	-0.5466742172185322	0.5881457402925444	0.8839192673280515	-5.584220174729703	
S10A9	0.22615396683479766	-0.6200138777754871	1.0723218114450823	5.3511780271000005	0.5430032491716267	0.590643186042169	0.8839192673280515	-5.586044650781335	
CERU	0.11372968969179975	-0.312309635179324	0.5397690145629235	6.653669281633333	0.5423490732901886	0.5910887717509445	0.8839192673280515	-5.586368510993799	
MMP2	-0.12404875037586356	-0.590330984516566	0.34223348376483886	6.3950135653333335	-0.5405031894874008	0.5923469475572194	0.8839192673280515	-5.587280279786292	
LV861	-0.15804163826469605	-0.7555869886726576	0.43950371214326545	6.496598929366667	-0.5373476916180212	0.5945007380421641	0.8839192673280515	-5.5888318636798715	
HV330	-0.13899455681659467	-0.669661062348174	0.3916719487149847	6.645117021366667	-0.5321460616629234	0.5980592553282915	0.8839192673280515	-5.591370080461685	
CD9	-0.1471014566340396	-0.7170218627213947	0.42281894945331544	6.522360274066667	-0.5243937441279679	0.6033814026470472	0.8839192673280515	-5.595107949206215	
HSP72	-0.134450761721807	-0.6571489139096189	0.38824739046600487	6.185308348933333	-0.5225971515608587	0.6046179733154798	0.8839192673280515	-5.595966506270054	
PRDX2	0.21066852270769235	-0.6124862168738877	1.0338232622892725	6.785578925266667	0.5199635530343911	0.6064327867462036	0.8839192673280515	-5.597219819891689	
S10AB	0.1565211881223204	-0.4559751522305082	0.769017528475149	6.808730788266667	0.5191876744931068	0.606967929534161	0.8839192673280515	-5.597587869224981	
AEBP1	-0.14860755488328528	-0.7308141132665291	0.4335990034999586	6.1800096587999995	-0.5185833050747002	0.6073849307623025	0.8839192673280515	-5.597874186473346	
CFAB	0.1404298637206157	-0.4102129537864406	0.6910726812276721	6.6415761769333335	0.5181365531552737	0.6076932652923281	0.8839192673280515	-5.598085622474857	
HGF	-0.13012063703316012	-0.6441635509375726	0.38392227687125235	6.538273963933333	-0.5142822556536207	0.610356406220755	0.8839192673280515	-5.599902322125831	
CO1A1	-0.19247093670174734	-0.9563140632216552	0.5713721898181606	6.0509457264333335	-0.5119360591814579	0.6119801635268916	0.8839192673280515	-5.6010016583931055	
NPC2	-0.15676429635064446	-0.7795942481495702	0.46606565544828127	6.740947239	-0.5113666533557111	0.612374539130152	0.8839192673280515	-5.601267714511114	
CO9	-0.18322660999798535	-0.913900033373582	0.5474468133776114	6.826589726933333	-0.5094715902610011	0.6136879212526725	0.8839192673280515	-5.6021510899808	
OMD	0.1724923662661882	-0.5216141718163623	0.8665989043487385	6.2615216796	0.5048919899570893	0.6168671771022107	0.8839192673280515	-5.604272534748036	
IGLL5	-0.1168312243138099	-0.5900630413328213	0.3564005927052015	6.5067172453	-0.5015794418135419	0.6191715073625963	0.8839192673280515	-5.605795288482107	
AACT	0.1340205634960732	-0.4143440470872206	0.6823851740793669	6.604765767266667	0.4965428771642234	0.6226826221841211	0.8839192673280515	-5.608091661214275	
S10A4	0.13193903387948092	-0.41319539640302194	0.6770734641619838	6.473697904433333	0.4917274162777799	0.6260480020634143	0.8839192673280515	-5.610265893320457	
POSTN	-0.1436191471191057	-0.7391901440243058	0.4519518497860944	6.2127627015	-0.48992944216440437	0.6273066454986258	0.8839192673280515	-5.61107234963903	
C1S	0.15174336892915485	-0.47890457327305624	0.782391311131366	6.573757779466667	0.4888520884319829	0.6280613733520009	0.8839192673280515	-5.611554188052155	
IGHM	-0.18186808541481048	-0.9465830363910568	0.5828468655614358	6.346051897266666	-0.48318300419032506	0.6320394651248175	0.8839192673280515	-5.6140724325102545	
A1AG2	0.14946076147968432	-0.47923047458226575	0.7781519975416344	6.648665988666667	0.4829970967781172	0.6321701089118343	0.8839192673280515	-5.614154523867549	
SRPX2	0.10856410835222735	-0.35563130981435415	0.5727595265188088	6.549257119666667	0.4751603093433551	0.6376881641491975	0.887706871679059	-5.617586712104722	
YBOX1	-0.1169527042336662	-0.6222425160759071	0.38833710760857465	6.5504512621333335	-0.47024529895527756	0.6411596886823896	0.8886248316826102	-5.619711049141325	
KV320	0.1404351671961457	-0.47562968672238126	0.7565000211146726	6.473665531166667	0.4631313482972787	0.6461988802995273	0.8902624093042792	-5.622747226840974	
LTBP2	-0.14106932501137753	-0.767975818358245	0.48583716833549	6.094919500966666	-0.45717719235078425	0.6504296116124446	0.8902624093042792	-5.6252533215355776	
FHR1	-0.17798496217737056	-0.9730117672215257	0.6170418428667845	6.583814823266667	-0.454837511882009	0.6520953090766877	0.8902624093042792	-5.626229333729486	
KVD15	-0.1280946177627751	-0.7043397366626	0.4481505011370498	6.504025220466667	-0.45162539914875693	0.6543850743699942	0.8902624093042792	-5.627561237416369	
PTN	-0.14858801046777248	-0.8245615933572705	0.5273855724217256	5.905428767566667	-0.4465897795089522	0.6579815704826182	0.8902624093042792	-5.629630507171924	
ANXA4	0.09979903718218493	-0.3560208282140653	0.5556189025784352	6.8483329842666665	0.44482361879278404	0.6592449486620295	0.8902624093042792	-5.630350844074965	
HDGF	-0.11987945739771629	-0.680794151885656	0.44103523709022335	6.5109428175333335	-0.4342128653341056	0.6668563584146644	0.8967089755703572	-5.634619148446713	
QSOX1	0.10972353805511398	-0.4208244068703742	0.6402714829806022	6.532989401433333	0.4201747036710846	0.6769815217581001	0.8970189645580005	-5.640109700682729	
HPTR	0.1442874156872502	-0.5551307068628828	0.8437055382373833	6.8259636574	0.41912764759196824	0.6777391998306976	0.8970189645580005	-5.640512073828569	
BGH3	0.11387026232950324	-0.43811221386708266	0.6658527385260892	6.3608175672666665	0.41912133309968747	0.6777437702016879	0.8970189645580005	-5.640514497413485	
CO4A	-0.13608534528866995	-0.7972753014457845	0.5251046108684447	6.821936357066667	-0.4181574587940585	0.6784415586372219	0.8970189645580005	-5.640884021649579	
CBPB2	-0.13641989371257704	-0.8351640990404227	0.5623243116152686	6.713833790033333	-0.3966561785905203	0.6940811006552405	0.9111964978582702	-5.648908242001682	
PGCA	-0.14224246355356548	-0.8751744801531961	0.5906895530460651	6.159123086466667	-0.39429412679258957	0.6958076817263218	0.9111964978582702	-5.649764203186239	
COFA1	-0.10552222340211716	-0.6530555615719698	0.44201111476773547	6.2663635474	-0.3915507875651013	0.697815039499055	0.9111964978582702	-5.6507519824129355	
APOB	-0.14458449379819846	-0.9218422632705932	0.6326732756741962	6.3044118568666665	-0.37793001342681576	0.7078141197179306	0.9130248587077352	-5.655555189099124	
A1AT	0.10109364313105322	-0.4429681839145085	0.6451554701766149	6.829611504633333	0.37751162349413786	0.7081221074728519	0.9130248587077352	-5.655700062673371	
OLFL1	-0.09758566089273263	-0.6275612618375928	0.43238994005212755	6.690965108366667	-0.37409755325603655	0.7106371530567117	0.9130248587077352	-5.656876291096849	
CFAD	-0.1326318849192008	-0.8583385671959534	0.5930747973575516	6.373989368866667	-0.37131419795725623	0.7126900084793331	0.9130248587077352	-5.657827387226941	
TETN	0.10793212424693792	-0.49187957068104754	0.7077438191749233	6.2947458335999995	0.36558682093454586	0.7169210484389037	0.9130248587077352	-5.659762331218275	
FRIL	0.1968366663340734	-0.9134788280051008	1.3071521606732477	6.203596730266667	0.3601756401792367	0.7209268567581197	0.9130248587077352	-5.661563054097042	
C1QB	-0.13292103381523881	-0.8866115601140475	0.6207694924835699	6.271556944833334	-0.3583070803170613	0.7223119874046029	0.9130248587077352	-5.662178685080832	
MMP12	0.1327973992742614	-0.6202425579759349	0.8858373565244576	6.0669428198999995	0.35828306831294404	0.7223297932814361	0.9130248587077352	-5.662186575605104	
HV307	0.08364767097479928	-0.4083563779389736	0.5756517198885721	6.565553714066667	0.3454139813321597	0.7318951107985094	0.9214297012443385	-5.666339972466774	
COCA1	0.1263508293233867	-0.6334920713420436	0.886193729988817	5.9762433044	0.3378384086420609	0.737546400695277	0.9237581674091728	-5.6687144385257495	
SAMP	-0.1032884049436018	-0.7295112818762018	0.5229344719889982	6.799529315066667	-0.3351022761584887	0.7395911909953188	0.9237581674091728	-5.669559196400703	
SAA4	-0.14652722264532148	-1.0743064669113145	0.7812520216206715	6.454595965466667	-0.32086947327421517	0.7502584970180042	0.9278253413025448	-5.673843418555437	
HV374	-0.07748078401241362	-0.5694623481709152	0.41450078014608804	6.410376810233333	-0.319963113166915	0.7509395202881203	0.9278253413025448	-5.674109988421046	
HTRA1	-0.0808442886814849	-0.6016938629869812	0.4400052856240115	6.4154128878	-0.3153492240348099	0.7544094478885636	0.9278253413025448	-5.675455367476475	
IGHG3	-0.09323905680083601	-0.700560763987145	0.514082650385473	6.572035805333333	-0.311913235330321	0.7569968942091597	0.9278253413025448	-5.6764446646739986	
ZA2G	0.07807652226257498	-0.43825367858889386	0.5944067231140439	6.879681940933334	0.30721871493979674	0.7605366660529926	0.9278253413025448	-5.6777789096213915	
CATG	0.1425313481556766	-0.8078322989243778	1.092894995235731	6.537350853033333	0.304702006092254	0.7624364836363484	0.9278253413025448	-5.678485911105266	
CFAI	0.07883115770653927	-0.45016325117708045	0.607825566590159	6.842700608166667	0.3027621347775337	0.7639018785864131	0.9278253413025448	-5.679026920432162	
A2AP	0.09197903702423477	-0.531880264505479	0.7158383385539486	6.4657218522	0.2995414582951562	0.7663367534176082	0.9278253413025448	-5.67991754676336	
ANXA1	0.06479698678239927	-0.38136092973817065	0.5109549033029692	6.6188967673666665	0.29506720522437774	0.7697233476427298	0.9283686177675672	-5.681139112660734	
SFRP3	-0.09329056890135552	-0.7537701056544491	0.567188967851738	5.960470864633333	-0.28696776205020935	0.7758655133895048	0.9283848671555779	-5.68330392822599	
ITIH4	0.07202548383317853	-0.441494269717862	0.585545237384219	6.7883207461333335	0.2849599107712228	0.7773904402779166	0.9283848671555779	-5.6838313162809015	
AFAM	-0.0814549938270419	-0.6653326202009451	0.5024226325468613	6.960718864833333	-0.28343313294489586	0.7785506006209751	0.9283848671555779	-5.684229878682877	
IGHG2	0.06571022046058919	-0.4250076409757765	0.5564280818969549	6.479287504966667	0.2720544251080512	0.7872130649950131	0.9317588321717237	-5.6871331609558835	
APOA	-0.1400039926313739	-1.2077168641618445	0.9277088788990968	6.103360163533333	-0.26640396161453656	0.7915250059558749	0.9317588321717237	-5.688530892144909	
PEDF	-0.08155941672011326	-0.706343188201867	0.5432243547616405	6.3047329063	-0.26521562513037233	0.7924326941839447	0.9317588321717237	-5.688821129648721	
FBLN1	0.08444160221078653	-0.5713644320771372	0.7402476364987103	6.576727274233333	0.26159882723858624	0.7951971196816807	0.9317588321717237	-5.689696542235417	
HPT	0.08209107501132286	-0.5705961130097225	0.7347782630323682	6.4226811843	0.25553217481029655	0.799840059305137	0.9317588321717237	-5.691138046106295	
TENA	-0.08321234969813886	-0.7507544299719947	0.584329730575717	6.392756670633333	-0.2532584087067956	0.8015821365533302	0.9317588321717237	-5.6916696412492485	
HV551	-0.07833995656509113	-0.7099541980993824	0.5532742849692003	6.564034646666666	-0.2519916490572379	0.8025531295994396	0.9317588321717237	-5.691963750923409	
KV401	-0.05331979049477102	-0.4889523290343091	0.382312748044767	6.554094337233333	-0.24866969371937706	0.8051009742394828	0.9317588321717237	-5.692728048834623	
FCG3A	-0.08580052326362615	-0.7979980795458295	0.6263970330185771	6.5542928729	-0.2447621127496874	0.8081007437094697	0.9317588321717237	-5.69361415358627	
HRG	-0.05343244586524738	-0.5116668895943459	0.4048019978638512	6.907797445033333	-0.23690381808144073	0.8141422786219218	0.9317588321717237	-5.695353812614249	
IGLC2	-0.05129290151032808	-0.4940196757803033	0.3914338727596472	6.4531705337	-0.23538360807622702	0.8153123776943838	0.9317588321717237	-5.695683825852411	
APOA2	0.06974491486991355	-0.5400602401765822	0.6795500699164092	6.919265831466666	0.23236793212000595	0.817634801370929	0.9317588321717237	-5.696332215660695	
FRIH	0.10093101688231444	-0.840810511739564	1.042672545504193	6.162605183666667	0.21774473495435642	0.828919726651694	0.9317588321717237	-5.699358123953977	
OLFL3	-0.05762956299856438	-0.6074075830512284	0.4921484570540997	6.634180653466666	-0.21296718454267272	0.8326147603370253	0.9317588321717237	-5.7003042408570765	
CCL18	0.07378663592986923	-0.6335503355424109	0.7811236074021494	6.315119172566667	0.2119366610231522	0.8334122934017082	0.9317588321717237	-5.700505575571276	
ECM1	-0.06607155762674874	-0.7194083478669376	0.5872652326134401	7.121748465166666	-0.20546231012840824	0.8384269249227895	0.9317588321717237	-5.701748199384452	
FHR3	-0.08809488662562899	-0.9662500291555827	0.7900602559043246	6.369487078466666	-0.2038140824402998	0.8397046440235363	0.9317588321717237	-5.702058404955307	
KV240	-0.05448426441381425	-0.6041578690165718	0.49518934018894323	6.520081962833333	-0.20138213710122344	0.8415907121725086	0.9317588321717237	-5.70251155966916	
C1QA	0.05830216134415548	-0.533618525428977	0.6502228481172879	6.350266757733333	0.2001132626654347	0.8425751513694402	0.9317588321717237	-5.7027458406260205	
CD14	-0.06323143726667291	-0.7175452798342089	0.5910824053008631	6.6996739061333335	-0.19633678777473618	0.8455065933182143	0.9317588321717237	-5.703434377000175	
CO8G	0.057104297990656507	-0.5378084303384502	0.6520170263197632	6.508203852933334	0.19501601246238573	0.8465323585325674	0.9317588321717237	-5.703672095669914	
S10AA	0.04914186461219797	-0.4635660929444649	0.5618498221688608	6.591571478666666	0.1947315447952063	0.8467533227458657	0.9317588321717237	-5.703723085857434	
ANXA2	-0.05070473534764736	-0.5884055692469294	0.48699609855163467	6.6509923211	-0.19158546009642854	0.8491979229919506	0.9317588321717237	-5.704282062695697	
S10AD	0.0540420679307187	-0.5347837928767408	0.6428679287381783	6.535201462433333	0.1864660707658228	0.853179067296845	0.9328878382899759	-5.705172228253432	
CD44	-0.060782188726465125	-0.762879149043964	0.6413147715910338	6.5193242818	-0.1758870957651231	0.861418182287553	0.936587901647725	-5.706935493513538	
CRIP2	-0.05812510824101011	-0.7413778612250629	0.6251276447430426	6.067478774866666	-0.17283715956733645	0.8637965036156425	0.936587901647725	-5.707424764183771	
A1BG	-0.03735496095319161	-0.4819243861471319	0.40721446424074864	6.807631216633333	-0.17071175675137723	0.8654546432947331	0.936587901647725	-5.707760670880543	
IGHG4	-0.03804034125477028	-0.5139490415961008	0.43786835908656024	6.5195385692666665	-0.16239606282244418	0.8719480348788275	0.9403448759661919	-5.7090350441447635	
C1QC	-0.04878257798488582	-0.7082448373463553	0.6106796813765837	6.3702358944	-0.15028981067357322	0.8814173309820175	0.9403448759661919	-5.710776759549074	
GRN	-0.04454253015019935	-0.6468728569030195	0.5577877966026208	6.4879296481	-0.15024322202477497	0.8814538069511484	0.9403448759661919	-5.710783202104197	
ITB3	-0.04905077605287873	-0.7185158027591946	0.620414250653437	6.5323357095666665	-0.14885818686080815	0.8825383215958221	0.9403448759661919	-5.7109738219310975	
PERM	-0.054835441729640104	-0.8383809537826367	0.7287100703233566	6.045116491133333	-0.14218436897784412	0.8877672626554962	0.9403448759661919	-5.71186761330295	
IC1	-0.03591850507254956	-0.5510069628576323	0.47916995271253315	6.662128473	-0.14167433110243766	0.8881670906867771	0.9403448759661919	-5.711934236360609	
HSPB1	-0.032906417217205886	-0.5116510859456544	0.4458382515112426	6.2545541941666665	-0.13964692758195968	0.8897567022591499	0.9403448759661919	-5.712196699112492	
KVD20	-0.036301949385006235	-0.587294787823724	0.5146908890537116	6.343479898633333	-0.13385627305735312	0.8942994660204009	0.9419954375414888	-5.712925535555465	
VTDB	0.02712376442791484	-0.40611643008464776	0.4603639589404775	6.7958009415	0.12719673327996087	0.8995283398711841	0.9425020495236341	-5.713725620667167	
CATL1	0.04125053400516051	-0.6257580249492471	0.7082590929595682	6.8276285341	0.1256472258562592	0.9007456296080301	0.9425020495236341	-5.713905932584642	
CATB	0.03469118995950217	-0.5612738690396404	0.6306562489586447	6.6352466308333335	0.11826415550902382	0.906549051691711	0.9447988290607631	-5.714734757147867	
C1R	-0.03265996926507564	-0.6084077469227683	0.543087808392617	6.662805032566666	-0.11524928439178886	0.9089203925141518	0.9447988290607631	-5.715058791991961	
CO8A	0.029948125810162325	-0.5336715094465956	0.5935677610669203	6.7172856927	0.107953883562146	0.9146620405293328	0.9476498518271119	-5.715808301118562	
FBLN5	-0.02913042842611899	-0.7403829662329912	0.6821221093807531	5.850095730633333	-0.08321043242544761	0.934168519275556	0.9646969022584174	-5.717985705245224	
KVD11	0.020738045726895485	-0.5665252775220648	0.6080013689758559	6.5558589814	0.07174467711116594	0.9432223046233836	0.9708737728370985	-5.718803653972586	
FBLN3	-0.01936894978489722	-0.6330612106911722	0.5943233111213777	6.1043828188	-0.0641224581369533	0.9492454092403844	0.9737247165650672	-5.719280450459496	
LV147	0.013832979957273584	-0.45114458827210885	0.47881054818665597	6.591158917233334	0.06044195203193536	0.9521548652487524	0.9737247165650672	-5.7194915314824275	
KV315	-0.01286789986896124	-0.5409981799233625	0.5152623801854401	6.4689235584	-0.04950183982797565	0.9608068471607398	0.9770054709305636	-5.720045330008174	
GRP75	0.015034890354935519	-0.6139136036954493	0.6439833844053204	6.401703501066667	0.04856684812696303	0.9615465236057128	0.9770054709305636	-5.72008754886756	
HV315	-0.011898374955069471	-0.5576936508554393	0.5338969009453003	6.457249370566666	-0.044290707164871074	0.9649298298282947	0.9773007250825035	-5.720270376172429	
CBPA3	0.013801497179397734	-1.288239126326719	1.3158421206855146	6.468268842566666	0.021535571565379427	0.9829433701145184	0.9923645525756799	-5.72096008185491	
CO6A3	0.0024633050964803947	-0.5275111415278743	0.5324377517208351	6.516689219333333	0.009443174419395503	0.9925203247937646	0.9937336480445385	-5.721132576025981	
HV169	-0.0026829680030168762	-0.5932795176539826	0.5879135816479487	6.410749034066667	-0.0092295244348923	0.9926895459879206	0.9937336480445385	-5.721134413032931	
CO3	-0.001842347523184947	-0.4749698738456575	0.47128517879928755	6.7303137873	-0.007911304036408958	0.9937336480445385	0.9937336480445385	-5.7211448175245145	
