	logFC	CI.L	CI.R	AveExpr	t	P.Value	adj.P.Val	B	
A4	-0.8326060272448943	-1.3713407563575326	-0.2938712981322559	6.0288187661774195	-3.085697455626801	0.002967138657180477	0.40169240097547415	-2.393198238032463	
CLC11	-0.5896746570952781	-0.9779793816910041	-0.20136993249955215	6.389699758467742	-3.0319955063780473	0.003470485621060874	0.40169240097547415	-2.4772484468657074	
FINC	-0.6707207563334655	-1.11719318446218	-0.22424832820475082	6.2605383007741935	-2.999410220592625	0.0038135354522988055	0.40169240097547415	-2.527779699986161	
FCGBP	-0.7457374574607889	-1.279135360945184	-0.2123395539763936	6.187062650032258	-2.7914086388727455	0.0068575414345227025	0.4799523393774333	-2.8416387864514965	
LECT2	-0.6668877196415801	-1.1537195940124427	-0.1800558452707175	6.290904091822581	-2.735032428530214	0.008003248874052665	0.4799523393774333	-2.924009999951654	
LG3BP	-0.673403745916582	-1.174542317313644	-0.17226517451952006	6.199839546903226	-2.6829122112923534	0.009215786401387644	0.4799523393774333	-2.9990971069741637	
PRDX1	0.482825047013186	0.09373316492817124	0.8719169290982007	6.614816431983871	2.477572583031124	0.015797272247415065	0.4799523393774333	-3.2845655238042935	
CO4A1	-0.6909837880440715	-1.2494185464963485	-0.1325490295917945	6.102909730967742	-2.470496146486371	0.016085556976043535	0.4799523393774333	-3.2940996486221508	
SPRL1	-0.754513413701371	-1.3806331895590724	-0.12839363784366964	5.973208962612903	-2.406014879560437	0.018938299150301798	0.4799523393774333	-3.3800137191751825	
TIMP1	-0.8281490437348481	-1.5221718466680048	-0.13412624080169133	6.558325812758064	-2.3824485446051273	0.020088880840985725	0.4799523393774333	-3.4109761224126425	
PGBM	-0.45443016938148734	-0.8374823089172637	-0.07137802984571096	5.983208895822581	-2.3686343802827636	0.020791975232856284	0.4799523393774333	-3.429015750377214	
PROP	-0.5176291069132475	-0.957880469564698	-0.077377744261797	6.3331202717741935	-2.347506185533128	0.02190979975298966	0.4799523393774333	-3.45644839837397	
TIMP2	-0.4532779983541577	-0.8451981855286046	-0.061357811179710786	6.389378262629032	-2.3091692754837707	0.02407529031041787	0.4799523393774333	-3.50573233198201	
B2MG	-0.5643560180427191	-1.0555204086766767	-0.07319162740876145	6.518432573096774	-2.294114302197917	0.024976297977026173	0.4799523393774333	-3.524911271552255	
ANXA6	0.5078408531379071	0.06549226665918839	0.9501894396166257	6.415866448016129	2.2921960284359204	0.02509322164034333	0.4799523393774333	-3.5273478856495726	
ITA1	0.42638833410715044	0.045625610477724066	0.8071510577365768	6.405345269145161	2.235834504692643	0.028751918597601456	0.4799523393774333	-3.5982145765790112	
APOA4	-0.4842016437517797	-0.9242363643696225	-0.044166923133936886	6.735754664403226	-2.1969899931004395	0.03153962364609836	0.4799523393774333	-3.6462325327109646	
CXCL7	-0.5836937729441598	-1.121678681564532	-0.045708864323787624	6.619641490677419	-2.1662258390578826	0.03391297129129108	0.4799523393774333	-3.6837790573679428	
RNAS1	-0.8181863543499664	-1.5769716941614913	-0.05940101453844149	6.45335861933871	-2.152891115399908	0.03498930247560838	0.4799523393774333	-3.699919944591415	
PA2GA	-0.7600786026554082	-1.4694721901775516	-0.050685015133264844	6.096169625532258	-2.139242475778513	0.03612174520049934	0.4799523393774333	-3.7163566383048687	
LEG1	0.5656273687824119	0.03312346726346849	1.0981312703013555	6.027890886112903	2.1207837454242893	0.03770404689880546	0.4799523393774333	-3.7384499621995833	
VTNC	-0.668644523388569	-1.3073291167101015	-0.029959930067036344	6.723820434806452	-2.090247038015058	0.04045421869717056	0.4799523393774333	-3.774654023223322	
HS71B	0.4298437909923406	0.01865479305349793	0.8410327889311833	6.202967899532258	2.0871705433334613	0.04074070787865847	0.4799523393774333	-3.7782774974746327	
PGS2	-0.6060542441264739	-1.1910032678589073	-0.021105220394040503	6.342657971112903	-2.0686272497505085	0.042505011387809696	0.4799523393774333	-3.8000242023312776	
F13A	0.5782826883820544	0.017627874814267086	1.1389375019498418	6.518341458274193	2.0593653491633823	0.043410724455625126	0.4799523393774333	-3.8108259198552794	
ANX11	0.3984526531472608	0.012001527322527683	0.7849037789719939	6.405179837693549	2.058594987711777	0.04348680321272747	0.4799523393774333	-3.811722544598437	
FHR2	-0.5563860626028838	-1.0979913909198502	-0.014780734285917307	6.787948765370968	-2.051077540258332	0.04423527196000068	0.4799523393774333	-3.8204574856027085	
HS90B	0.3787986737532751	0.004985077118464132	0.752612270388086	6.511359488435484	2.0232153944066464	0.04710711431325608	0.4799523393774333	-3.8525998950091385	
IBP3	-0.6164962646256194	-1.2271078258217787	-0.005884703429460125	6.494999120903226	-2.0158313337889187	0.04789458958748761	0.4799523393774333	-3.8610567834158878	
THIO	0.491795762791496	-0.001582976598014707	0.9851745021810068	6.208690581709678	1.9901834779879053	0.05071831415396821	0.4799523393774333	-3.8902296219264803	
KVD15	-0.5714797042460111	-1.1448092994751498	0.001849890983127489	6.9497449498225805	-1.990147271769932	0.050722399047395464	0.4799523393774333	-3.890270582550525	
ANT3	-0.33144246815605644	-0.6677681962646624	0.004883259952549623	6.761064454596774	-1.9676000647551026	0.05332159115153511	0.4799523393774333	-3.915656664143084	
MIF	0.6440044257062442	-0.019216550535196664	1.307225401947685	6.406984352112903	1.9387390737039496	0.0568139430002778	0.4799523393774333	-3.947794700285068	
APOD	-0.4746789371865214	-0.96535442414532	0.015996549772277324	6.652442408903226	-1.9314984502991874	0.05772004781679163	0.4799523393774333	-3.9557942910871096	
ANGI	-0.5352300514141142	-1.0911663413727637	0.02070623854453535	6.3717158745483875	-1.9222250388084081	0.05889845906777153	0.4799523393774333	-3.966002594154424	
HS90A	0.4007307500632263	-0.01642886369237878	0.8178903638188313	6.506666541419355	1.9179583747562663	0.05944746726304208	0.4799523393774333	-3.970685357986711	
PON1	-0.7356422912441458	-1.5021114033832932	0.03082682089500166	6.583171145322581	-1.9162880675105647	0.05966357198951676	0.4799523393774333	-3.972516146166462	
PRG4	-0.3624583796591646	-0.7452242620296132	0.020307502711283953	6.573255868403225	-1.8906611022969264	0.06306363481375644	0.4799523393774333	-4.0004346336208965	
HV372	-0.4583781569411212	-0.9487124312886801	0.03195611740643772	6.808119718806451	-1.8664674798529173	0.06642245254085848	0.4799523393774333	-4.026496261395065	
CLUS	-0.3942359494711223	-0.8191644187718246	0.030692519829579934	6.574924804225806	-1.8523760622053405	0.06844735064237527	0.4799523393774333	-4.0415427980872005	
OSTP	-1.0828814493404115	-2.250175594825757	0.08441269614493407	5.792906972290322	-1.8522063615584714	0.06847204901186518	0.4799523393774333	-4.04172340308204	
SMOC2	-0.43724906469681507	-0.9122891752185647	0.03779104582493448	6.058866207516129	-1.8377539833286731	0.0706031201352013	0.4799523393774333	-4.05705210096935	
CO5A2	-0.6182912623401963	-1.2926436395755783	0.056061114895185726	6.161180374467742	-1.830606420244472	0.0716774599307156	0.4799523393774333	-4.064594753115826	
IGJ	-0.5030435255991275	-1.0538412940580204	0.047754242859765594	6.733462218919355	-1.8234848382285624	0.07276148631453508	0.4799523393774333	-4.072084718571707	
LV319	-0.5267362467407845	-1.1055250410950475	0.05205254761347855	6.733501288854838	-1.817028985831788	0.0737560045863837	0.4799523393774333	-4.078852684934508	
CO5A1	-0.3813853496648949	-0.8007272894516194	0.037956590121829614	6.223128538983871	-1.8158688193429742	0.07393592685498225	0.4799523393774333	-4.0800667373122295	
FGL2	-0.43587060786722037	-0.9152111907939752	0.04346997505953443	6.352698951741935	-1.8155246478825104	0.07398937257897437	0.4799523393774333	-4.080426765203693	
APOE	-0.39245885827579097	-0.8246585546086688	0.039740838057086836	6.577307514032258	-1.8130026694981136	0.07438199210774514	0.4799523393774333	-4.083063130194103	
FBN1	-0.3465861188839384	-0.7321182525916238	0.03894601482374693	6.247509788177419	-1.7948962399965092	0.07725220180675786	0.4799523393774333	-4.10189740930265	
KNG1	-0.4431571445118327	-0.9361908764078107	0.049876587384145354	6.772966210338709	-1.7946091874599732	0.07729843817277009	0.4799523393774333	-4.10219467865116	
SULF1	-0.4411743353224511	-0.9322773975697303	0.049928726924828026	6.313298698758064	-1.7936031697973578	0.0774606623678769	0.4799523393774333	-4.103236176361795	
CAPG	0.48368384367814055	-0.06781936607695849	1.0351870534332397	6.540285022919355	1.7510651372194488	0.0845840179884202	0.4986454881831508	-4.146808281711058	
A2MG	-0.36474822386757444	-0.7806553898737789	0.05115894213863004	6.626121843403226	-1.7509975862915637	0.08459574730969735	0.4986454881831508	-4.146876748024991	
KLKB1	-0.2926715049975377	-0.6282405188943047	0.042897508899229275	6.807666435806452	-1.7413551474077051	0.08628388863518681	0.4986454881831508	-4.1566261156863	
IGF2	-0.6367392469714761	-1.3688736842109335	0.09539519026798127	6.335996223580645	-1.7364390711565787	0.08715522168124877	0.4986454881831508	-4.1615785436360015	
CATD	0.5387855688955012	-0.08932003227278607	1.1668911700637885	6.800761913258064	1.71266354434141	0.0914723095657754	0.4986454881831508	-4.185356246198309	
APOH	-0.3999613186520466	-0.8671062842843988	0.06718364698030571	6.690587721661291	-1.709444808248518	0.09207004782012684	0.4986454881831508	-4.188553108362052	
FETUA	-0.8135050570984319	-1.7658453264847807	0.13883521228791695	6.169951084935484	-1.7055202223783907	0.09280320493220871	0.4986454881831508	-4.192443854271326	
PCOC1	-0.32730645226240884	-0.7108294727781403	0.05621656825332266	6.496066980854839	-1.703930569703417	0.09310153102153765	0.4986454881831508	-4.194017556993434	
ANXA5	0.42882088734656626	-0.07765195316214929	0.9352937278552818	6.575835858693549	1.6904741521511553	0.09565852058604878	0.5038015417531903	-4.207287075990709	
CTHR1	-0.38043983161639366	-0.8320025638802513	0.07112290064746402	6.314488239	-1.6821187567092033	0.09727495738413709	0.5039161726784808	-4.2154796407990345	
DCD	-0.49473886808407574	-1.0859758877374177	0.09649815156926633	6.480292392548387	-1.670718097091082	0.09951648955867627	0.5072130758151887	-4.226600167918514	
PLMN	-0.5131538383668085	-1.130246112536705	0.10393843580308793	6.781818188629032	-1.6602987366385964	0.10160177833287391	0.5096216183045739	-4.236704879165629	
APOA2	0.3594772807971971	-0.08235564717498506	0.8013102087693793	6.774608985887097	1.6244342356694086	0.10905300995900136	0.5322922874264713	-4.271056484678821	
CD5L	-0.45125200948627153	-1.0084759541979544	0.10597193522541137	6.596101215258065	-1.6168813190499476	0.11067724964151311	0.5322922874264713	-4.278205550004329	
HSP7C	0.31006229087006454	-0.07349800157160802	0.6936225833117371	6.442667276967742	1.6140020249556435	0.1113015577229144	0.5322922874264713	-4.280923056053752	
TRFL	-0.7502449225342364	-1.6849334665699218	0.1844436215014491	6.534401412725806	-1.6025991570843692	0.11380197722854722	0.5322922874264713	-4.291642658753853	
CYTC	-0.3108580619193866	-0.6996391238382966	0.0779229999995234	6.5989164132741935	-1.596414994305099	0.11517684772644772	0.5322922874264713	-4.297427816448171	
TAGL2	0.5121781556844746	-0.13246842147264304	1.1568247328415922	5.997560144854838	1.5863102693961377	0.1174520655824186	0.5322922874264713	-4.3068374465523815	
FBLN1	0.35619100588883584	-0.09472636038802495	0.8071083721656966	6.332646230451613	1.5771563619544329	0.11954421324572856	0.5322922874264713	-4.315315385817878	
SAP	0.45553362545677345	-0.12123015172890461	1.0322974026424516	6.405398418903226	1.5769256875072761	0.11959731774455525	0.5322922874264713	-4.315528457118394	
FA10	-0.6720441558033299	-1.5307495150637016	0.18666120345704174	6.275391441467742	-1.5625804998752515	0.12293708384270126	0.5395572013096334	-4.328723887835693	
GANAB	0.3335264954972521	-0.09588714927457392	0.7629401402690781	6.663962238758065	1.5507552669738662	0.12574583756863533	0.5443244475573804	-4.339519710544868	
COMP	-0.34665521899226215	-0.7984036628823723	0.105093224897848	6.537112223629032	-1.5321096311360873	0.13027821299896694	0.5561664710723386	-4.3563919010248915	
ITB2	-0.5504555340090896	-1.2710600299764963	0.17014896195831686	6.658094053774193	-1.525155199718293	0.1320015358557766	0.5561664710723386	-4.36263765780024	
FIBG	-0.46984766469670003	-1.089530187747219	0.14983485835381893	6.472438802887097	-1.513828194664726	0.13484701190824297	0.5606796810921681	-4.372755359333614	
DERM	-0.5487859030894926	-1.2835151325347858	0.1859433263558007	6.333575491709677	-1.491297858623688	0.14065086271310615	0.5646548118713308	-4.392676950220734	
APOC1	-0.3700638175545279	-0.8667162653308429	0.12658863022178712	6.559572718032258	-1.4876912521202361	0.14159791227280386	0.5646548118713308	-4.39584076542165	
MFGM	-0.40317697763905913	-0.9467069814823379	0.14035302620421963	6.027806968387097	-1.4810201483104843	0.14336286005783153	0.5646548118713308	-4.401674482766896	
IBP5	-0.5091412095343131	-1.2009772887513457	0.18269486968271953	6.277487386806452	-1.469345097007886	0.14649316834194218	0.5646548118713308	-4.41182659366074	
PROS	-0.4129996735149935	-0.9751573895372962	0.14915804250730919	6.691113950725806	-1.4668317342938013	0.1471739959874142	0.5646548118713308	-4.414002528109894	
TRYB2	0.5998127029290875	-0.21881978877219643	1.4184451946303716	5.972267258322581	1.4629027154980587	0.14824325562829527	0.5646548118713308	-4.417397257230337	
PROC	-0.6677798307268805	-1.582372486662709	0.24681282520894787	6.4492970926935484	-1.4577879393032023	0.14964429450141917	0.5646548118713308	-4.421804054248683	
GELS	0.23897414746767764	-0.08869593800076647	0.5666442329361218	6.501116363354838	1.4561391931454075	0.15009811454807528	0.5646548118713308	-4.423221581737623	
S10AB	0.335324506554334	-0.12668569112959177	0.7973347042382597	6.6876289772419355	1.4491138172828009	0.15204390309497284	0.5652455691530756	-4.429245306790932	
ANXA7	0.2888166225550082	-0.11192684886921067	0.689560093979227	6.429294083903226	1.4389459923579553	0.1548947588312809	0.5691481836126135	-4.437916287247713	
ANXA4	0.2934961535220591	-0.11863539466596235	0.7056277017100805	6.648988983741935	1.4218550284567815	0.1597800576193383	0.576884100505554	-4.452365290983167	
SFRP4	-0.45754604923327713	-1.1013996861964563	0.18630758772990208	6.294153854548387	-1.4188497935526951	0.1606512684952176	0.576884100505554	-4.4548896140857	
KV315	-0.3264975199465955	-0.7902146616247778	0.1372196217315868	6.872632743145162	-1.4057739827806135	0.16448471142570859	0.5840131327025159	-4.46581591115765	
CO7	-0.25518384987003073	-0.6198639607278675	0.10949626098780602	6.920168654403226	-1.3971076540191583	0.1670640015889113	0.5840303323393983	-4.473006385736988	
MMP9	-0.6246556140212085	-1.5219749841490762	0.27266375610665927	6.516663383467741	-1.389896206421537	0.16923389137078623	0.5840303323393983	-4.478958568908476	
HV439	-0.3500440294817744	-0.8538406930976467	0.1537526341340979	6.843597877322581	-1.3872545321750618	0.1700341473899514	0.5840303323393983	-4.481131859336541	
KV401	-0.35092678069546007	-0.8624115851777376	0.16055802378681744	6.856986030516129	-1.3698485086696923	0.17537974303236106	0.5959139655723237	-4.495356435426697	
APOM	-0.37141618128128034	-0.9187397640758452	0.1759074015132846	6.715621643193549	-1.3548943263506539	0.1800739601766457	0.598105866838101	-4.507444934742281	
LAMC1	-0.26676169603143984	-0.6616629834372745	0.12813959137439485	6.201720498935484	-1.348725862023115	0.18203787171515115	0.598105866838101	-4.512395607582118	
FIBB	-0.4141749646146589	-1.0282618580948455	0.19991192886552772	6.503844466016129	-1.3466129306638626	0.18271430897173227	0.598105866838101	-4.514086595513464	
CFAH	-0.2708240691563523	-0.6735661742951532	0.13191803598244856	6.6152607603870965	-1.3426072505504372	0.18400192291239362	0.598105866838101	-4.5172856246705315	
THRB	-0.5278615968981323	-1.3171062739292532	0.2613830801329886	6.547532896564516	-1.3353563335972043	0.18635017074517446	0.598105866838101	-4.523053933689096	
CATS	0.3506359040664225	-0.17486996334036903	0.876141771473214	6.863603960387096	1.3321943271206504	0.18738126840813923	0.598105866838101	-4.525560338617501	
VINC	0.3401716770923701	-0.17620014955088353	0.8565435037356237	5.830658054322581	1.3152986579557446	0.19296389081412646	0.6041401578027076	-4.538859507288778	
A1AG1	-0.5285914981407592	-1.331219958534569	0.2740369622530504	7.025521850080645	-1.3149050194536565	0.19309543018377678	0.6041401578027076	-4.539167475954722	
LYSC	-0.4696924235780302	-1.1966865276978862	0.2573016805418258	6.511858903532258	-1.2899457052619459	0.2015741097890365	0.6219100213951088	-4.5585197297491025	
LEG3	0.3200573967913904	-0.17998801026449457	0.8201028038472753	6.497132783129032	1.2779303686926435	0.20575342181513168	0.6219100213951088	-4.567712713448315	
PERM	-0.590260887882826	-1.5134747038930743	0.33295292812742217	6.574153269822581	-1.2765283857635752	0.20624524109046438	0.6219100213951088	-4.568780151740374	
MMP12	-0.5083545229194361	-1.3041738257773214	0.2874647799384493	6.59172786966129	-1.275384069116836	0.20664731723571653	0.6219100213951088	-4.569650598781018	
COEA1	0.4093171060533079	-0.2397991923443597	1.0584334044509756	5.664946167580645	1.2590012056915276	0.21246768415304193	0.6270434054992325	-4.5820326476949536	
CYTB	0.39235067783183436	-0.23128824378462104	1.0159895994482897	6.480451939274194	1.2561166151204115	0.21350491865982352	0.6270434054992325	-4.584197318114251	
S10A4	0.28794122629577623	-0.17246622951722757	0.74834868210878	6.2263983401451615	1.2486774443021993	0.21619711816250867	0.6270434054992325	-4.589758437399472	
RARR2	-0.34289524710771113	-0.8960641960847145	0.21027370186929228	5.78590002682258	-1.237634583297503	0.22023944476799792	0.6270434054992325	-4.597956479399963	
RNAS4	-0.3564303976914035	-0.9348611746234512	0.2220003792406442	6.343645823903226	-1.230303069026555	0.22295366722222815	0.6270434054992325	-4.603361603099757	
PLTP	-0.4529010057747035	-1.1903434701485849	0.284541458599178	6.785401713080645	-1.2262073300026828	0.22448058336968188	0.6270434054992325	-4.606368062287963	
HSP74	0.20401928707352207	-0.12881166148072926	0.5368502356277733	6.567309784645161	1.223872813783731	0.2253543182352256	0.6270434054992325	-4.608077497399342	
PDIA1	0.2270965336903778	-0.14356953746670686	0.5977626048474625	6.678425000516129	1.2232534110405409	0.22558655733980482	0.6270434054992325	-4.608530538378037	
FIBA	-0.35940726440260484	-0.9468301537704066	0.2280156249651969	6.426513715177419	-1.2215879796986895	0.22621186147757122	0.6270434054992325	-4.609747594365595	
FCN3	-0.38545477183443067	-1.0198832222665009	0.24897367859763964	6.685961120870968	-1.2130523431225606	0.2294365201636504	0.6304516554062046	-4.615960799776957	
FST	-0.31140590593171863	-0.8337068415112423	0.210895029647805	6.276431671145161	-1.1904051743977069	0.23815416637163217	0.64876479804686	-4.63224753243332	
HV349	-0.29029598220349395	-0.7831980694629692	0.20260610505598137	6.876896843532258	-1.17589659482028	0.2438632726159032	0.6586392662104736	-4.642529551164924	
CO4A2	-0.2963413739770839	-0.8032829746631058	0.21060022670893813	6.333642433580645	-1.1671404564685037	0.24735602983957428	0.6590063373339258	-4.648677387100952	
IGLC2	-0.24451827862177616	-0.6635358981302959	0.17449934088674351	6.726627477129032	-1.1651123597991442	0.2481701080466366	0.6590063373339258	-4.650095166156289	
APOB	-0.3142015642071283	-0.8554994380535037	0.2270963096392471	6.575004037935484	-1.1589395568401715	0.25065966565114206	0.6600704528813407	-4.654396057873035	
CBPA3	0.544161910934433	-0.4029189633959118	1.4912427852647778	6.050770108854839	1.1471754336768403	0.2554535302884893	0.6642469414497072	-4.6625329355921	
MMP2	-0.23714260577850146	-0.6551578629477132	0.1808726513907102	6.463151510032258	-1.1326773580564897	0.26145067497745256	0.6642469414497072	-4.672452802829197	
S10AC	-0.6950005266650672	-1.923157633211642	0.5331565798815077	6.179430459629033	-1.1298478747116327	0.2626326124933128	0.6642469414497072	-4.674374864192192	
FHR3	-0.3100077520793863	-0.8617179891413853	0.24170248498261265	6.693550753629032	-1.1218899986653228	0.26597700842255967	0.6642469414497072	-4.679756216459245	
PROZ	-0.435116268866586	-1.212011138953864	0.341778601220692	6.478704986693549	-1.1182317855573944	0.2675244377071761	0.6642469414497072	-4.682217915161941	
CBPB2	-0.26697533865950474	-0.7450109855522986	0.2110603082332892	6.933411461	-1.1150635718183564	0.2688697027614222	0.6642469414497072	-4.684343722120693	
LAMA5	-0.2695562115277528	-0.7542549359467092	0.21514251289120373	6.103379907322581	-1.1103661970276677	0.27087300119753066	0.6642469414497072	-4.687485036633955	
S10A9	-0.6433536227652781	-1.801218274551451	0.5145110290208947	6.138537442274194	-1.1093809910277963	0.27129448790005467	0.6642469414497072	-4.688142285643419	
HV315	-0.2782384853433916	-0.7813425128807837	0.22486554219400057	6.754676140854839	-1.104201089535966	0.27351809048574666	0.6642469414497072	-4.691588784590579	
TENX	-0.2697193413882499	-0.7580885216430029	0.21864983886650313	6.007474947064516	-1.1026878936329676	0.2741700664508278	0.6642469414497072	-4.6925927147703135	
CMA1	0.49003211036751987	-0.3994858259913506	1.3795500467263904	6.230584246758064	1.0999136563369456	0.27536819408199886	0.6642469414497072	-4.694429887898176	
HSPB1	0.28798589020204	-0.24096406815400928	0.8169358485580893	5.900536733758065	1.08703965594758	0.2809759770456261	0.6726394602001352	-4.7028978386139935	
CD14	0.2333821546968637	-0.21390206164825298	0.6806663710419804	6.634738889903225	1.0417723748245453	0.30132089836343834	0.7159203299462145	-4.731918662817779	
SFRP2	-0.2978346430597752	-0.874198515842024	0.27852922972247357	6.500334592258064	-1.0317327725710643	0.30596583561503693	0.7193588539175393	-4.738195478709045	
IGHM	-0.28857551056655323	-0.8521410662966618	0.27499004516355524	6.505132592322581	-1.0223598739608877	0.31034592362632796	0.7193588539175393	-4.744003029034749	
IBP7	-0.3446191635793251	-1.0200260235713123	0.33078769641266215	5.453597101435484	-1.0187385053391103	0.312049526152111	0.7193588539175393	-4.746233292977351	
HV551	-0.2489126753087304	-0.7378384595786989	0.24001310896123806	6.847199354209677	-1.0164659532656468	0.31312181770896175	0.7193588539175393	-4.747629005126225	
GRN	-0.2476164921311586	-0.7386313238650164	0.24339833960269924	6.735441842629032	-1.0068707416087082	0.31767659662920167	0.7193588539175393	-4.753489111369884	
LTBP4	-0.20837355920413567	-0.6232566673884112	0.20650954898013993	6.135372194870968	-1.0027799034738711	0.3196319291186177	0.7193588539175393	-4.755971333968232	
HEP2	0.19154604549284704	-0.1942970617468892	0.5773891527325833	6.713942187790322	0.9911769841279787	0.3252216030808922	0.7193588539175393	-4.76295901174665	
HV307	-0.20731850194461335	-0.6263044034526299	0.21166739956340327	6.89448332683871	-0.9879328290737461	0.3267960342712005	0.7193588539175393	-4.764898803727542	
CO6	-0.15858819983011407	-0.4792777366966354	0.16210133703640728	6.887291738145161	-0.9873584420714435	0.3270753186820141	0.7193588539175393	-4.76524161384227	
CO1A2	-0.30716034821593813	-0.9311774772038413	0.31685678077196494	5.962949460677419	-0.9827824785754021	0.32930595216165526	0.7193588539175393	-4.767965843343821	
F13B	-0.35746598115395306	-1.0852301160656397	0.3702981537577335	6.615988445967742	-0.9806924535346978	0.3303281179291785	0.7193588539175393	-4.769206067308006	
LV310	-0.24701504704415703	-0.7507790787882417	0.2567489846999277	6.731444614241935	-0.9790052441128191	0.3311548099662954	0.7193588539175393	-4.770205411074046	
LAMA4	-0.2159661557156364	-0.657553395627003	0.22562108419573015	6.550144553258065	-0.9764678461047664	0.33240064869107655	0.7193588539175393	-4.771705215827421	
HV330	-0.19792305414674582	-0.6045086794488217	0.20866257115533005	6.883333226564516	-0.9719258399262167	0.3346384541958173	0.7193588539175393	-4.774380570038707	
KVD11	-0.24004065845652342	-0.7439921826371563	0.2639108657241094	6.8939602025	-0.9510094035433843	0.3450716511823442	0.7238248460445996	-4.7865461150048345	
HMCN1	0.17968286553135082	-0.1998192269077218	0.5591849579704234	6.313211465564516	0.9453252431537659	0.3479432178827855	0.7238248460445996	-4.7898081728202895	
KV240	-0.24806526411656704	-0.7756712302928416	0.2795407020597075	6.8139906827903225	-0.938739348902987	0.3512897073919019	0.7238248460445996	-4.79356417651396	
ITB3	-0.25684678127521304	-0.8035338452442211	0.28984028269379497	6.683001334225806	-0.9380459118063199	0.35164327348727364	0.7238248460445996	-4.7939581792910815	
HTRA1	-0.22506223677332754	-0.7101296014766578	0.2600051279300028	6.401228301596774	-0.9263803605469265	0.3576257823000867	0.7238248460445996	-4.8005443447795715	
PEDF	-0.21410135398416294	-0.6772024535251568	0.248999745556831	6.348266375209677	-0.9230651752816813	0.3593378174639845	0.7238248460445996	-4.8024015416728885	
TINAL	-0.2521756790127344	-0.7993586338024016	0.29500727577693275	6.231366191080645	-0.920151637841306	0.36084677449867797	0.7238248460445996	-4.804028430189209	
TENA	-0.2459032554458043	-0.7813881284775008	0.2895816175858923	6.543419440129032	-0.9168659326519611	0.362553352878087	0.7238248460445996	-4.80585718049014	
SRPX2	0.19654004313741583	-0.2321948657494836	0.6252749520243153	6.409077899241935	0.9152736623360774	0.3633822266524014	0.7238248460445996	-4.806741132078744	
C1R	-0.1931002320729163	-0.6145728022564706	0.22837233811063798	6.759699283290322	-0.9147496352870902	0.3636552797227247	0.7238248460445996	-4.807031722322693	
CO9	-0.207827264692628	-0.6628532694971144	0.24719874011185847	6.963531613145161	-0.9119164903900085	0.36513380991649125	0.7238248460445996	-4.808600012769813	
SERPH	0.25712609666999237	-0.30856872209583547	0.8228209154358201	6.536210968209677	0.9075127197998647	0.3674396125590186	0.7238248460445996	-4.8110284015478095	
C1S	-0.20151792564888377	-0.645781927187079	0.24274607588931157	6.725915694516129	-0.9056519465424714	0.36841669130360066	0.7238248460445996	-4.812051083832862	
TSP2	-0.23670488126605743	-0.7634807805259496	0.29007101799383467	6.004868488693548	-0.897160370572058	0.37289652545209817	0.7238248460445996	-4.81669231955089	
GAS6	-0.38359429169655473	-1.2395057822436668	0.4723171988505574	6.099242253967742	-0.8948125032134626	0.374141237212848	0.7238248460445996	-4.817968136495043	
SRP14	0.24767866064305297	-0.30851957631704174	0.8038768976031477	6.243535972596774	0.8890941392846763	0.37718378557240284	0.7238248460445996	-4.821061939718432	
PEPD	0.24932886510564795	-0.31096776954869326	0.8096254997599892	6.4275835027419355	0.8884711110845791	0.3775162179876598	0.7238248460445996	-4.821397857782922	
HDGR2	-0.15885655172710222	-0.5164686271202747	0.19875552366607036	6.285088614774193	-0.8869144301631958	0.3783476313578986	0.7238248460445996	-4.822236178033578	
AMBP	-0.14158417591972303	-0.4629648408947694	0.17979648905532333	6.6205410805	-0.8795969954756848	0.38227126000112055	0.7238248460445996	-4.826157786306832	
IGHG2	-0.20155751451036996	-0.6626250012236898	0.2595099722029499	6.799852644129032	-0.8728171299658886	0.38592933229853843	0.7238248460445996	-4.829763235325324	
FHR1	-0.2843120900522498	-0.9348605028776907	0.3662363227731912	6.738346790709677	-0.8725784262213867	0.38605852204047264	0.7238248460445996	-4.8298896828905376	
TSP1	-0.26002035821428576	-0.8574939128346566	0.3374531964060851	6.170608045112903	-0.8689152708278902	0.38804445844829527	0.7238248460445996	-4.831825950960084	
COFA1	-0.1987300386969073	-0.6576895421460911	0.2602294647522765	6.33004785116129	-0.8645257134989366	0.3904325741833985	0.7238248460445996	-4.834135789088279	
CFAD	-0.2750266880441156	-0.9146170663137367	0.36456369022550555	6.504221995435484	-0.8585422694188718	0.3937025129383369	0.7238248460445996	-4.8372660950808415	
ECM1	0.23391469059476028	-0.31324985264466715	0.7810792338341876	7.078029132467742	0.8535487205667923	0.3964444205310802	0.7238248460445996	-4.839862395545875	
APOC2	-0.25432164350459735	-0.8499450596509905	0.3413017726417959	6.389144342467742	-0.8525116512853432	0.3970153401380342	0.7238248460445996	-4.840399758651981	
CD59	-0.213873619783816	-0.7174344998215049	0.2896872602538728	6.578333157645162	-0.8479963850539555	0.39950695833891114	0.7238248460445996	-4.842731984752486	
PGS1	-0.2473632700037312	-0.8333473261663358	0.3386207861588733	6.115832128467742	-0.8428264932379286	0.40237159902092123	0.7238248460445996	-4.845387585427827	
LAMB1	-0.1842874855500017	-0.6215702361218577	0.2529952650218542	6.383442634370968	-0.8414382751929849	0.40314295222737195	0.7238248460445996	-4.846097983198582	
CRIP2	0.2889879361774059	-0.4078579713368915	0.9858338436917033	5.596345790532258	0.828002645797552	0.4106550909297826	0.7331469419989338	-4.852914698691387	
CFAB	0.19422619038866523	-0.27707143057198896	0.6655238113493194	6.589956442774193	0.8228133117374212	0.4135791808612037	0.7342192199558447	-4.855519036157779	
SPON1	-0.2065641471746779	-0.7140961250461333	0.30096783069677757	6.083450224983871	-0.8126065120031678	0.41936717800456513	0.7403353533488412	-4.8605950248666066	
CERU	-0.1844889024232791	-0.6450447656361767	0.27606696078961857	6.967677091532258	-0.799791338320731	0.4267028966407752	0.7491006407693609	-4.86688093760602	
HPTR	0.21382986989210248	-0.32498104118437177	0.7526407809685768	6.778063483596775	0.7923567369910687	0.4309934980792115	0.7492388528781252	-4.870483077520753	
PRELP	-0.21632222240763652	-0.7620439663330348	0.32939952151776175	6.1016882836290325	-0.7914411782569329	0.43152364311335056	0.7492388528781252	-4.870924409954535	
PGCA	-0.22070854662017753	-0.7887871873009311	0.347370094060576	6.042409791854839	-0.7757101164529414	0.4406927831918245	0.7609777021235876	-4.878429701682615	
LBP	-0.2311960449604616	-0.8466882557623334	0.3842961658414102	6.753589806048387	-0.7499746846787486	0.4559369317476889	0.7726500370896313	-4.890391204209976	
LRP1	-0.14113680371404116	-0.5177929256912873	0.23551931826320496	6.479947950935484	-0.7481419583073642	0.45703398733648715	0.7726500370896313	-4.891228008520996	
HV374	-0.21032361825800722	-0.7732002571853891	0.3525530206693746	6.703167159903225	-0.7460425276282532	0.45829255194388263	0.7726500370896313	-4.892184130259744	
ANXA1	0.13731942273669673	-0.23227587573228992	0.5069147212056834	6.585025828661291	0.741812754054496	0.4608342411160232	0.7726500370896313	-4.894102481701228	
GRP75	-0.1934350710156738	-0.7163758153937516	0.329505673362404	6.5709289527903225	-0.7385357134638297	0.4628089586053107	0.7726500370896313	-4.895581409185281	
TTHY	-0.12943719526252692	-0.4828221609907858	0.22394777046573192	6.903523630483871	-0.7313070994676721	0.4671818826938686	0.7726500370896313	-4.898821054722573	
CO4B	0.18000836551997473	-0.3120380998342758	0.6720548308742252	6.7980985056774195	0.7304245085598453	0.46771740382939764	0.7726500370896313	-4.899214471529684	
CO1A1	-0.23044623206541406	-0.8623436020261896	0.4014511378953616	5.964434921806451	-0.7281348682549832	0.4691082875630781	0.7726500370896313	-4.90023291817048	
C1QBP	0.22180692866873236	-0.38688204296216216	0.8304959002996268	6.266737703290323	0.727559372900673	0.46945825038357347	0.7726500370896313	-4.900488410528279	
PTN	-0.22527624925043488	-0.8640892519123983	0.4135367534115285	5.691470963032258	-0.7040936445816482	0.48385302640553873	0.792215317845338	-4.910737719284894	
MANF	0.17441740496720473	-0.32484500845955044	0.67367981839396	6.7041330522258065	0.6975088362488563	0.48793598525109316	0.7947823264914713	-4.9135547127302575	
S10A8	-0.40560669400514504	-1.5912861181353637	0.7800727301250736	6.082835093080645	-0.6830092657474501	0.49699319903889283	0.8026532583364588	-4.9196662202709325	
FBLN3	0.16977394388865097	-0.32750453119413114	0.6670524189714331	5.776175854129033	0.6816479632785273	0.49784822352514535	0.8026532583364588	-4.92023354146153	
TETN	-0.16860578124115258	-0.6709894382815383	0.33377787579923324	6.319130356145161	-0.6700785621207883	0.5051470966424619	0.8078556070147285	-4.925010266682058	
IBP6	-0.1763381914709607	-0.705489785105387	0.3528134021634655	6.6356954393387095	-0.6653574726297786	0.5081420101374632	0.8078556070147285	-4.926936442348819	
APOC3	-0.1873628798916982	-0.7536129021996243	0.3788871424162279	6.2714156897741935	-0.6606388140792617	0.5111448758287533	0.8078556070147285	-4.928848269814554	
ITGBL	-0.14599912914429874	-0.5976792847179236	0.30568102642932615	6.426990054080645	-0.6453688801812402	0.5209269913577503	0.8078556070147285	-4.934943501111306	
C1QB	-0.16436597693329308	-0.6780026760037434	0.3492707221371573	6.169953370806452	-0.6389172945069715	0.5250894047355221	0.8078556070147285	-4.937476670894932	
CCL18	-0.16183960948472106	-0.6683780505444675	0.34469883157502534	6.4985730712903225	-0.6379125954216119	0.5257391768517679	0.8078556070147285	-4.937868908031402	
IPSP	0.13589811324829235	-0.2903161587452767	0.5621123852418615	6.379051415725806	0.636611095846959	0.5265815244881386	0.8078556070147285	-4.9383761147783645	
KVD20	-0.1734941425593792	-0.7220830998272979	0.37509481470853945	6.653258860983871	-0.631431902574643	0.5299405378470448	0.8078556070147285	-4.940384406040516	
CO8B	0.14212928822061854	-0.3088923551031724	0.5931509315444095	6.721131058580645	0.6291800780912442	0.5314044455139384	0.8078556070147285	-4.941252545450892	
CO3A1	-0.2287064096966797	-0.9582644740727824	0.5008516546794228	5.777430367677419	-0.6259032962481834	0.533538416599123	0.8078556070147285	-4.9425103852140175	
LV147	-0.14359698826712483	-0.60308356342632	0.31588958689207025	6.728980445935484	-0.6239664935777046	0.5348018196505913	0.8078556070147285	-4.943250817188299	
IGKC	0.21729632581278524	-0.47946001104219116	0.9140526626677616	6.456201983693548	0.6226732669863677	0.5356462677850896	0.8078556070147285	-4.943743955809871	
HSP72	-0.15873459315634508	-0.6718210974009761	0.3543519110882859	6.11141231216129	-0.6176888424334188	0.5389074008393175	0.8078556070147285	-4.945635221287292	
CO6A1	-0.1449906461465213	-0.6165961372339878	0.32661484494094517	6.285966226790323	-0.6138325256860385	0.5414374193393362	0.8078556070147285	-4.947088180764601	
CO6A2	-0.1524691196942962	-0.6509415998330987	0.3460033604445063	6.282506321725807	-0.6107021811531709	0.5434955999561	0.8078556070147285	-4.948261027460969	
CPXM2	-0.16704268658957824	-0.7170384203635957	0.38295304718443923	5.870426950483871	-0.6063968133248729	0.5463328422278102	0.8078556070147285	-4.949864478030886	
MGP	-0.3627446395619088	-1.5584555667629223	0.8329662876391049	5.640654241	-0.6057083632011203	0.546787226893223	0.8078556070147285	-4.9501198421755435	
IGLL5	-0.14977114725117324	-0.6438366681609697	0.3442943736586232	6.723946806	-0.6052466221211006	0.5470920882947845	0.8078556070147285	-4.950290953992754	
VWF	-0.18486760264207858	-0.8031519668369337	0.43341676155277653	6.628322626709678	-0.5969821014969242	0.5525631921354889	0.8121393893712302	-4.953331882093021	
QSOX1	-0.09949823930791128	-0.4385523987341934	0.2395559201183708	6.755836397806451	-0.5859156306787526	0.559931929999771	0.8153523840152856	-4.957339283234692	
CATG	0.20638149780716997	-0.4980282373970919	0.9107912330114318	6.5410877045	0.5849707831684631	0.5605633190304864	0.8153523840152856	-4.957678008634015	
HPT	-0.18757453298654383	-0.8309608257290435	0.4558117597559559	6.570319935435484	-0.5820909331823242	0.5624899358080135	0.8153523840152856	-4.958707103363757	
PXDC2	-0.10596949113283183	-0.47236721274825977	0.2604282304825961	6.321157900387097	-0.5774532757266964	0.5655993813179809	0.816116002267041	-4.960353814927929	
ITIH2	-0.11420258140020716	-0.5171954801850855	0.2887903173846712	6.855726548467742	-0.56580566594024	0.5734458834727245	0.8211249470249947	-4.964432294770802	
C1QC	-0.12877498094215747	-0.5841686288938578	0.3266186670095429	6.299958321725806	-0.5645901415940893	0.5742677635839362	0.8211249470249947	-4.96485319403918	
LUM	-0.13365872568740644	-0.6211359458372501	0.3538184944624371	6.167969528516129	-0.5474339850625932	0.5859283602235028	0.8340241523902111	-4.970698558234702	
HV102	-0.13730360544346454	-0.6488681484040154	0.37426093751708633	6.871041578596774	-0.5358833589522894	0.5938418045773313	0.8394644496658664	-4.9745337127108815	
HEMO	0.1280846052683611	-0.35071925013265326	0.6068884606693755	6.758398771403225	0.5341067423100969	0.5950634073580825	0.8394644496658664	-4.975116434102527	
ITB1	-0.09153737049860694	-0.444521203395512	0.2614464623982981	6.388077720806452	-0.5177646345341964	0.6063548813998219	0.8486895869196209	-4.980386856173658	
HDGR3	-0.11780146304331895	-0.5834970734218041	0.34789414733516627	6.187224529451613	-0.5050534066194211	0.6152048095721561	0.8486895869196209	-4.9843743361105295	
HV309	-0.11042907162476444	-0.5487986109876011	0.32794046773807217	6.714022734693549	-0.5029581117849499	0.6166691773068628	0.8486895869196209	-4.9850222127498744	
FA9	-0.15142194468788556	-0.7530722522217022	0.4502283628459311	6.446257644451613	-0.5024969630097199	0.6169916765553742	0.8486895869196209	-4.985164444706382	
COIA1	-0.10539883914592399	-0.5248406383126709	0.314042960020823	6.281233173645162	-0.5017101473090816	0.6175421018042163	0.8486895869196209	-4.985406823987651	
S10A6	0.11893445051683525	-0.3566859967737796	0.5945548978074501	6.500924251548387	0.49927051417107365	0.6192501690678252	0.8486895869196209	-4.986155966020787	
A1BG	-0.08739433858399327	-0.4407421087368836	0.26595343156889706	6.918041673290323	-0.4938211764689433	0.6230730214967386	0.8486895869196209	-4.98781625206313	
IGHA2	-0.14175265131242232	-0.7149044977961238	0.4313991951712791	6.634262689983871	-0.4937990608222465	0.6230885574852913	0.8486895869196209	-4.98782295344401	
ADIPO	-0.11040760605921617	-0.5638524269353261	0.34303721481689375	6.365481022193548	-0.48614218910923684	0.6284776969222574	0.8523560181434908	-4.990125245855847	
MSRE	0.1207084805357518	-0.3819428877782838	0.6233598488497873	6.76669790633871	0.47946805683507615	0.6331917461400292	0.8527756032129146	-4.992102987227912	
POSTN	-0.12966609957603434	-0.6712027638123874	0.4118705646603187	6.212962345725806	-0.4780654373185249	0.6341843884653005	0.8527756032129146	-4.992515181803791	
FMOD	-0.1272310876400307	-0.6703772764891108	0.4159151012090495	5.721541662548387	-0.4676977365665102	0.6415424642035463	0.8590144859674603	-4.995524888936975	
CATL1	0.10214455637811481	-0.3481093703066811	0.5523984830629107	6.792086653129032	0.4529460560480396	0.6520741263164379	0.8621492605492109	-4.999694537297053	
AFAM	0.09267209577369202	-0.31644589958042346	0.5017900911278075	6.94943430416129	0.4522610293690743	0.6525649374324867	0.8621492605492109	-4.999884945942692	
SOST	0.1760011150807266	-0.6030987899539005	0.9551010201153537	5.769341808709678	0.45103581909613827	0.6534431655093904	0.8621492605492109	-5.000224790449142	
SAA4	-0.12126146838152312	-0.6612316627377008	0.41870872597465464	6.532022286258065	-0.4483754233889298	0.6553518216061706	0.8621492605492109	-5.000959574433611	
IGLC7	0.14351030844109444	-0.4998740443870662	0.7868946612692551	6.228999279580645	0.4453499092187025	0.6575252271910121	0.8621492605492109	-5.001789963643406	
APOA1	-0.1152919234395201	-0.6465306058852314	0.41594675900619116	6.602201849596774	-0.4333092484795421	0.6662039766902071	0.8699192422896921	-5.00503941428711	
LV321	-0.09539002060423496	-0.5640419918777091	0.3732619506692392	6.654475330612903	-0.4063883592525079	0.6857728948376687	0.8917869743568038	-5.011984910599662	
IGHG3	-0.09513542996699803	-0.5768860094169808	0.38661514948298464	6.7608068477258065	-0.39428368287810034	0.6946436002271035	0.8996204002941177	-5.014963746350665	
FHR5	0.1285455260991273	-0.5361245816973687	0.7932156338956232	6.432118328516129	0.3861353685929694	0.7006392258274245	0.90368161372027	-5.016918570891531	
VTDB	-0.06551582241149939	-0.4085363960292185	0.2775047512062197	6.878275798338709	-0.3813421344412273	0.7041751058141481	0.9045501359238651	-5.018049544254732	
MUC18	-0.09620040867791063	-0.6143380801996261	0.4219372628438049	6.076421464629032	-0.37069823036431776	0.7120502461114344	0.910963067899649	-5.0205107824412725	
CD9	-0.08989479751421865	-0.5847092595325859	0.4049196645041486	6.356332256935484	-0.36272788120672844	0.7179679893622651	0.914830179993854	-5.022308446930611	
AACT	0.09750270303093535	-0.46070525196439915	0.6557106580262698	6.635094091629032	0.34874613179497854	0.7283907492312827	0.9243834407915074	-5.025368068855759	
ITIH1	-0.052302998815531125	-0.3773399092342119	0.27273391160314964	6.581239762370967	-0.3212792473326191	0.7490146815562646	0.9430598834019784	-5.031030170227301	
CAD13	0.08776627761256976	-0.4736913332641191	0.6492238884892586	6.142131846532258	0.31210409778637194	0.7559459680088909	0.9430598834019784	-5.032818582468243	
LV861	-0.12181809672212365	-0.9105613683825746	0.6669251749383274	6.489602908548387	-0.3083648780345352	0.7587765379328132	0.9430598834019784	-5.033532628374776	
DEF1	-0.17070863356723776	-1.3321048915023912	0.9906876243679158	6.176723935370967	-0.29347007872166114	0.7700843226643723	0.9430598834019784	-5.036291864134659	
CO3	0.05281662921970439	-0.31231220802007464	0.4179454664594834	6.736502196435484	0.28881072161063676	0.7736320198039266	0.9430598834019784	-5.037127060670727	
SLPI	-0.08664285540007458	-0.6873892619950956	0.5141035511949466	6.204588648919355	-0.28795878974572214	0.7742812180535936	0.9430598834019784	-5.037278330406573	
A1AG2	0.08887912305812312	-0.5380185796038126	0.7157768257200587	6.700205443338709	0.28306869808945	0.7780107286583664	0.9430598834019784	-5.03813800470523	
OLFL1	0.07255912259680433	-0.44068989006352044	0.585808135257129	6.356375765548387	0.2822621626945701	0.778626351863476	0.9430598834019784	-5.038278383312772	
TRFE	0.06239930923133393	-0.38389868510307773	0.5086973035657456	6.907380039032258	0.27915384350237926	0.7810002375892563	0.9430598834019784	-5.038815656646244	
FA12	-0.056144911355231475	-0.4586131098947074	0.34632328718424443	6.6652244025	-0.2785271886346895	0.7814790802637553	0.9430598834019784	-5.038923255778479	
CSPG2	0.059511654821782216	-0.3795214743664576	0.49854478401002206	5.945760808935484	0.2706409433161928	0.7875123443950107	0.9430598834019784	-5.040256751183424	
CD44	-0.06505755756817293	-0.5490322012174914	0.41891708608114553	6.6033405605967745	-0.26838850478743453	0.7892379570171988	0.9430598834019784	-5.04063060924446	
COCA1	-0.07264956296461723	-0.6215376015822538	0.47623847565301936	5.923562957903226	-0.26426399992418875	0.7924005127878027	0.9430598834019784	-5.041307116917072	
CO2	0.05649132176040086	-0.3844615492465929	0.4974441927673946	6.610047554129032	0.25578691651454555	0.7989114303843255	0.9430598834019784	-5.042664740928582	
IGHG4	-0.06804026664800604	-0.6008537390361041	0.464773205740092	6.693416864548387	-0.25496441698300437	0.7995439301507413	0.9430598834019784	-5.042794117153181	
APOA	-0.09734254370731131	-0.8622717520996669	0.6675866646850442	6.298843100935484	-0.25407984228975766	0.800224315672366	0.9430598834019784	-5.0429327938046615	
FRIL	0.11944711395569815	-0.840392192759423	1.0792864206708193	6.503009078370968	0.24846538581752178	0.8045463648677345	0.9430598834019784	-5.043801776547062	
CATB	-0.06154617679807677	-0.5635378841843771	0.4404455305882236	6.843787303774193	-0.24478979128511616	0.8073791865422606	0.9430598834019784	-5.044360180851547	
CO5	-0.04725441524214842	-0.4369089971754225	0.34240016669112566	6.781674764548387	-0.24213154361211434	0.8094295413424825	0.9430598834019784	-5.044758854920835	
FBLN5	0.0663747993574002	-0.4924919832248994	0.6252415819396998	5.617267928483871	0.23712846444065833	0.8132921278380733	0.9430598834019784	-5.045497420770108	
SDF1	-0.0622713179546319	-0.5952212257683827	0.4706785898591188	6.413151288306452	-0.2332869423831813	0.8162611049554477	0.9430598834019784	-5.04605407406908	
PRDX2	0.06932004281888018	-0.5262064509257661	0.6648465365635264	7.019252580693548	0.232405552668671	0.8169426823630158	0.9430598834019784	-5.046180511975201	
KV320	-0.05259212273581913	-0.5073965030054163	0.40221225753377804	6.6448106917903225	-0.2308792092810551	0.8181233362357971	0.9430598834019784	-5.046398340857596	
HDGF	-0.05311173700761564	-0.512963000620321	0.4067395266050897	6.433854867919355	-0.23060137144632706	0.8183382942515454	0.9430598834019784	-5.046437837833123	
FBLN4	-0.03901501204956906	-0.3804381913342182	0.30240816723508	6.245599022032258	-0.22815369578027053	0.8202326177106832	0.9430598834019784	-5.046783744952704	
FRIH	-0.09279160179144594	-0.9299012045096752	0.7443180009267832	6.531922295048387	-0.221317172280714	0.8255292424102555	0.9430598834019784	-5.0477303762042816	
ZA2G	-0.04972010954553241	-0.499808010065325	0.4003677909742602	6.979680917241936	-0.2205583496848759	0.8261176493220683	0.9430598834019784	-5.047833676078098	
ALBU	0.04502008119165036	-0.37323785349487554	0.46327801587817624	6.957399983403226	0.21490714275675332	0.8305028338574866	0.9430598834019784	-5.048591847410693	
PLF4	-0.07365058328684308	-0.7624068695959735	0.6151057030222874	6.239870958806452	-0.2135007376348246	0.8315950117639509	0.9430598834019784	-5.048777480045469	
C1QA	-0.04585700440187331	-0.4774115652674841	0.3856975564637375	6.2421829832419355	-0.2121576690555739	0.8326383147757974	0.9430598834019784	-5.0489536172999205	
CO8A	-0.05044693161582234	-0.5351455865678677	0.434251723336223	6.811366025870968	-0.20780294885619666	0.836023150342606	0.943511841100941	-5.04951708839009	
HRG	0.03491744239804045	-0.31064558272153353	0.38048046751761444	6.946477600274194	0.2017455309384416	0.8407366145950629	0.945454698263487	-5.050281479132847	
HV169	-0.05617609192608864	-0.6347329265688397	0.5223807427166625	6.6761191247258065	-0.19386270101039976	0.8468792192521422	0.9489852244102019	-5.051242417857826	
SAMP	-0.04105887266175593	-0.49574777157025623	0.41363002624674433	6.719931451403226	-0.1802940666565991	0.8574745344382938	0.9529831280345252	-5.0528069176704165	
OMD	0.04456029517650772	-0.4524452044437194	0.5415657947967348	6.12472439117742	0.17900931449388696	0.8584791511707732	0.9529831280345252	-5.052949180620795	
TARSH	-0.03747106211771632	-0.458458767715167	0.38351664347973435	6.1639585095000005	-0.17771142741021137	0.8594942768665814	0.9529831280345252	-5.053091866389639	
A1AT	-0.0384968346938135	-0.48632871221058205	0.4093350428229551	7.011895391967742	-0.17163220532713025	0.8642521976705884	0.9549080226010696	-5.0537463941660175	
ITIH4	0.03426739827018346	-0.37958756796665694	0.4481223645070239	6.884077489903226	0.1653186027245845	0.8691988899684924	0.9570273492336014	-5.054402071946077	
YBOX1	-0.029923933703035668	-0.42947461033116924	0.36962674292509795	6.483695304903226	-0.1495324945095436	0.8815897799283752	0.9648742892761174	-5.055934074662499	
BCAM	0.034917600649762	-0.4400667298512432	0.5099019311507672	6.054650310612903	0.1467756038722787	0.8837568632424444	0.9648742892761174	-5.056185882260547	
S10AA	0.03088866828654549	-0.3956803930956101	0.457457729668701	6.59028191933871	0.144576796121622	0.8854858983863103	0.9648742892761174	-5.0563833600738315	
CFAI	-0.030634590681029812	-0.4747360513134812	0.41346686995142157	6.897207678048387	-0.13772685969948614	0.8908758929122289	0.966364900196987	-5.056979471288195	
IGHD	-0.042896410709002145	-0.6816848008539262	0.5958919794359219	6.575381284048387	-0.13407651264237883	0.8937503583810946	0.966364900196987	-5.057285334086242	
A2AP	0.034079611716842685	-0.5151964117686535	0.5833556352023389	6.57826715283871	0.12387759376787456	0.901788944318346	0.966364900196987	-5.05809639009828	
BGH3	-0.025602812006831337	-0.452800863165088	0.4015952391514253	6.54182954666129	-0.11965949603595158	0.9051166282140795	0.966364900196987	-5.058413093538722	
SPP24	0.0566432395864673	-0.8971626635220086	1.0104491426949431	6.117393382225806	0.11857055230879124	0.9059759820826935	0.966364900196987	-5.058493073079287	
CATZ	0.031832648600951766	-0.5068034607406435	0.5704687579425471	6.741693930693549	0.11799567133166894	0.9064297022449247	0.966364900196987	-5.0585350015880355	
S10AD	0.030350859575815382	-0.49350998019722914	0.5542116993488599	6.330804934951613	0.11567614991998768	0.9082606815142567	0.966364900196987	-5.058702105485023	
IC1	0.02515328112140982	-0.4326659158167432	0.4829724780595628	6.693101691387096	0.10969565111373894	0.9129838325028334	0.9681305069493134	-5.059117659511042	
SODE	-0.03659857680462497	-0.7468392456253744	0.6736420920161245	5.544424708709678	-0.10288390168113375	0.9183672936365915	0.9691131788892628	-5.059564120461413	
FCG3A	-0.02449509980173322	-0.536173133067096	0.48718293346362956	6.757518524564516	-0.09558091976468266	0.924143233992127	0.9691131788892628	-5.060011010187048	
ANXA2	0.01840274632231153	-0.37146178647100303	0.4082672791156261	6.571212002887097	0.0942448606325166	0.9252003774559272	0.9691131788892628	-5.060089209923045	
MIME	0.030482100399777005	-0.6516522136478857	0.7126164144474398	5.694981906516129	0.08922031603705635	0.9291771922003018	0.9691131788892628	-5.060373446621324	
LTBP1	-0.01976171650103768	-0.4867692495137773	0.4472458165117019	5.9088485603387095	-0.08448693275153303	0.932925216764726	0.9691131788892628	-5.060626975485227	
AEBP1	0.021479641237054353	-0.508448550992804	0.5514078334669127	5.879586546758064	0.0809279917784911	0.9357442920638954	0.9691131788892628	-5.060808501861963	
ICAL	-0.0202322071215071	-0.542810891983441	0.5023464777404268	6.339374016096774	-0.07730014981496183	0.9386187927214151	0.9691131788892628	-5.060985505291116	
CADH1	0.017148374632880117	-0.4270068869377018	0.461303636203462	6.399444017387097	0.07708624951770636	0.9387883013693298	0.9691131788892628	-5.06099568822214	
HGF	0.020722303300280877	-0.5410424434496122	0.582487050050174	6.2605848105645165	0.07364992501463122	0.9415118541740624	0.9691131788892628	-5.061155410891446	
CO6A3	-0.015487729251755972	-0.46721449788793573	0.4362390393844238	6.437172757516129	-0.06845429244174461	0.9456311129806085	0.970192960071014	-5.06138308102297	
CO4A	-0.016412859962141115	-0.6286171947112748	0.5957914747869925	6.763478768564516	-0.05352745913421636	0.9574734546007656	0.9775199304155632	-5.06194456186116	
CO8G	-0.011384015769353514	-0.4662828804648079	0.44351484892610094	6.650225169596774	-0.04996540369054741	0.9603009646118013	0.9775199304155632	-5.062058244331834	
MFAP4	0.01592052532551325	-0.6496488144564201	0.6814898651074466	5.554899138451613	0.0477587389995555	0.9620528429089877	0.9775199304155632	-5.062124744588506	
NPC2	-0.008470887412740285	-0.48332689408889806	0.4663851192634175	6.735612570129033	-0.03561686895960938	0.9716954340436756	0.9841530678134663	-5.062436931958906	
FBLN2	0.0054976802420498745	-0.5053796404656578	0.5163750009497575	5.919305107983871	0.021485804412794393	0.9829229966316332	0.9919138766562868	-5.062685777805705	
LTBP2	-0.004484694264394261	-0.516957739097162	0.5079883505683735	5.844076961403226	-0.017472320152163306	0.9861125626270657	0.9919138766562868	-5.06273399734954	
OLFL3	-0.0029614876897059114	-0.4216471852548728	0.41572420987546105	6.472870919548387	-0.014122467080878005	0.9887749086921847	0.9919138766562868	-5.062766637029182	
SFRP3	0.0007084439813204818	-0.6171355555033629	0.6185524434660039	5.662043130774194	0.002289367149510243	0.9981802613142444	0.9981802613142444	-5.062826528051003	
