	logFC	CI.L	CI.R	AveExpr	t	P.Value	adj.P.Val	B	
PRG4	0.3770588136389455	-0.022151785155338666	0.7762694124332297	6.75314954078125	-1.8846242386354888	0.06374027203240511	0.9959563535285052	-4.440692098505241	
LAMA5	0.47148915811142655	-0.02998997241759449	0.9729682886404476	6.263645755125	-1.8760162030812515	0.06493087986218052	0.9959563535285052	-4.442643249430907	
S10AC	-1.1431498369363209	-2.4015941371964358	0.11529446332379423	6.032046327234375	1.8125370774188154	0.07430236025169117	0.9959563535285052	-4.456805304148298	
FETUA	0.8862048190638222	-0.09122755587709808	1.8636371940047425	6.585962679328125	-1.8091106329334996	0.07483881958081434	0.9959563535285052	-4.4575582962862725	
IBP5	0.6376916028886954	-0.08096092646614661	1.3563441322435374	6.589201737484375	-1.7705552297423957	0.08110110252158019	0.9959563535285052	-4.465949519863741	
KVD15	-0.5337698687926514	-1.1438375368885363	0.07629779930323344	6.948222461765625	1.745797164452812	0.08534715504117933	0.9959563535285052	-4.471258239654622	
A1AG1	-0.7592932151491004	-1.6302012768639491	0.11161484656574816	6.9190841100468745	1.7396222235770327	0.08643432571440793	0.9959563535285052	-4.472572520643554	
S10A8	-1.0637155549979334	-2.2849966928171437	0.15756558282127675	5.8916194976875	1.7379112682425066	0.08673757393608549	0.9959563535285052	-4.47293598954138	
MMP12	-0.7002490551151792	-1.5145253798464489	0.11402726961609033	6.53825099	1.7159256348446246	0.09071297777824111	0.9959563535285052	-4.477579709001507	
FBLN4	0.2980810520892136	-0.04868007981565753	0.6448421839940848	6.3255858994375	-1.715227366151651	0.09084165234178954	0.9959563535285052	-4.477726377027334	
SMOC2	0.39554997296328054	-0.07798438261879925	0.8690843285453603	6.284846447203125	-1.6667390271708236	0.10015038887960888	0.9959563535285052	-4.487787157888131	
PDIA1	-0.29481895810063247	-0.6546656820258749	0.06502776582461006	6.581606976953125	1.6347659844937164	0.10670351016167173	0.9959563535285052	-4.494286432685548	
CRIP2	0.547636390887056	-0.13606208489209237	1.2313348666662043	5.688620652265625	-1.5982526257722136	0.11460749234262804	0.9959563535285052	-4.50157617397694	
SODE	0.5830381324824133	-0.14814299086764027	1.3142192558324668	5.753456691140625	-1.5910716141992511	0.11621605269465764	0.9959563535285052	-4.502993096015107	
COIA1	0.3410375223826032	-0.09134701497958353	0.77342205974479	6.408524445328125	-1.573800752280577	0.12015904024261131	0.9959563535285052	-4.5063782454570305	
S10A9	-0.9321900964209379	-2.123721428374418	0.2593412355325423	6.04199444725	1.561049794702508	0.12313826097198924	0.9959563535285052	-4.508856875055956	
CADH1	0.3382558876449871	-0.09760196613378636	0.7741137414237605	6.467927822515625	-1.5485250217720246	0.12612174335056248	0.9959563535285052	-4.511274434225345	
CAD13	0.4608824086733631	-0.1358476784028652	1.0576124957495914	6.25576843709375	-1.5410968584164326	0.12791818878587238	0.9959563535285052	-4.512700204122617	
HV307	-0.33603459254994283	-0.7836887275481734	0.1116195424482877	6.8330293538125	1.4978182768063077	0.13879236818325577	0.9959563535285052	-4.520887580450997	
CYTC	0.333928736604073	-0.11777010636549395	0.78562757957364	6.718543041453125	-1.4751037086477328	0.14478404061572953	0.9959563535285052	-4.525102500500426	
SPON1	0.35827024716778444	-0.13292762395087498	0.8494681182864439	6.245764759390625	-1.4553652672040913	0.150153502603453	0.9959563535285052	-4.528718891922955	
LTBP1	0.35039562462316803	-0.13061046062628523	0.8314017098726213	6.03255659675	-1.4535361672536262	0.1506588317045723	0.9959563535285052	-4.529051824947812	
FBLN1	0.35313231262213357	-0.13793091808833913	0.8441955433326063	6.321964656046875	-1.4348872629409912	0.1558868966896272	0.9959563535285052	-4.5324250621001765	
CSPG2	0.33479263553644156	-0.1334527286216754	0.8030379996945585	6.06041894384375	-1.4266588950578367	0.1582379266789015	0.9959563535285052	-4.53390109110706	
HSPB1	0.37928741787739545	-0.15958980930515637	0.9181646450599472	5.94612105690625	-1.4044178605261453	0.16473003760766625	0.9959563535285052	-4.5378528262674305	
F13A	-0.3852178426636542	-0.9418883535503363	0.17145266822302785	6.314497552296875	1.3807845464374284	0.17185117235209516	0.9959563535285052	-4.54199099814588	
GRN	-0.3574653173454526	-0.8763947293207619	0.16146409462985667	6.69810884340625	1.3744956303305487	0.1737852477143651	0.9959563535285052	-4.543081560663061	
MIME	0.4570334290168359	-0.21376340047703596	1.1278302585107078	5.862805236546875	-1.3594858900288216	0.17846842572047472	0.9959563535285052	-4.545666296787063	
A4	0.34983755070039474	-0.16587941427724212	0.8655545156780315	6.346209479390625	-1.3535451412978268	0.1803482842342738	0.9959563535285052	-4.546682252840615	
MANF	-0.38785727753015914	-0.9601711093702123	0.184456554309894	6.586113578109375	1.3522451771458799	0.18076163566773976	0.9959563535285052	-4.546904030817373	
CATD	-0.3670671162737056	-0.9095792682831444	0.17544503573573322	6.579906409625	1.3500621075107833	0.181457406473178	0.9959563535285052	-4.547276036752732	
GAS6	0.5885334591067384	-0.2833881289955794	1.4604550472090563	6.379575318109375	-1.3468259212791114	0.1824925533595908	0.9959563535285052	-4.547826500671187	
C1S	-0.2810796551060179	-0.7090502771336092	0.14689096692157344	6.7085516324375	1.3104884349926247	0.19442458898237994	0.9959563535285052	-4.553925263012982	
FGL2	0.3140361922600128	-0.16863010398802314	0.7967024885080487	6.5794942365625	-1.2982264932355425	0.19858034322327803	0.9959563535285052	-4.555949104604021	
THRB	0.5263736967985023	-0.2845196647244266	1.3372670583214312	6.803146431734375	-1.2952338111235775	0.19960461401771268	0.9959563535285052	-4.5564404217346475	
ADIPO	0.30519504925331364	-0.1653865075130455	0.7757766060196728	6.495649260109375	-1.2940776034026755	0.20000139052622162	0.9959563535285052	-4.556629963273179	
IGF2	0.48548620281917065	-0.28209762956446816	1.2530700352028095	6.638241043765625	-1.2620274816427717	0.21123554978811138	0.9959563535285052	-4.561822585059921	
TETN	-0.3213238206483233	-0.8311854833189195	0.18853784202227286	6.337895328296875	1.257500895510492	0.21285907841162174	0.9959563535285052	-4.56254637307577	
LTBP4	0.29963927672682333	-0.17643195337632261	0.7757105068299692	6.266469475875	-1.2558695822069041	0.21344642540545117	0.9959563535285052	-4.562806631923323	
LBP	-0.4220157787509599	-1.0990176077495253	0.2549860502476054	6.63203887775	1.243817279232855	0.21782287961328334	0.9959563535285052	-4.564719859307119	
LAMC1	0.2566621936554949	-0.15520089786323465	0.6685252851742245	6.341298360140625	-1.2434455298454734	0.21795891060158468	0.9959563535285052	-4.564778603334367	
TENA	-0.3087923549098965	-0.8053332218738336	0.1877485120540407	6.559002186171875	1.2408785575641492	0.21889992394494548	0.9959563535285052	-4.565183798022388	
COEA1	0.41466618149254153	-0.2562912270188177	1.0856235900039009	5.7035278189375	-1.2331656064446577	0.22174531211769344	0.9959563535285052	-4.566396658007493	
KV315	-0.3127204747204181	-0.8203119731978458	0.1948710237570096	6.842419110515625	1.2293051916766276	0.2231795880799569	0.9959563535285052	-4.56700109950477	
PROC	0.5954467623996157	-0.3743056261348394	1.5651991509340708	6.790473812859375	-1.2251797749373665	0.224719807526731	0.9959563535285052	-4.567645108345476	
RARR2	0.33558930173977825	-0.2184063610000409	0.8895849644795975	5.963553743484375	-1.208702670186513	0.23094892744917078	0.9959563535285052	-4.57019743908098	
SRP14	0.3484239008295475	-0.22831374350906003	0.925161545168155	6.2911292428125	-1.2054449393615265	0.2321952129011033	0.9959563535285052	-4.570698297689733	
IGHG2	-0.29129395203305825	-0.7771266924359401	0.19453878836982358	6.749443936734375	1.1963614975308785	0.23569594657347093	0.9959563535285052	-4.572088242948336	
TARSH	0.2751876388820248	-0.18459919482886145	0.734974472592911	6.2830570845	-1.1942359204489985	0.2365206214904412	0.9959563535285052	-4.5724120970969935	
MFAP4	0.38774295143541415	-0.26208914893047597	1.0375750518013043	5.671186251953125	-1.1905852275044435	0.2379418686690173	0.9959563535285052	-4.572967077599889	
APOA2	0.2971449525670225	-0.2029969488693854	0.7972868540034304	6.744410443046875	-1.1854762435790338	0.23994117512661184	0.9959563535285052	-4.573741112340155	
APOC2	0.38196687577063776	-0.2653859177014655	1.029319669242741	6.556566312	-1.1773413969942512	0.24314952591202307	0.9959563535285052	-4.574967226330169	
CATB	-0.28540714596192207	-0.7793469860555435	0.20853269413169945	6.775871798453125	1.1529448255875465	0.2529558952261479	0.9959563535285052	-4.578597451246586	
FA9	0.36250434184153263	-0.26491445009422704	0.9899231337772922	6.605068380234375	-1.1528516596204832	0.25299387616413194	0.9959563535285052	-4.578611179237878	
HV315	-0.3205945247502599	-0.8761336954387937	0.23494464593827397	6.730050497625	1.151487302945888	0.2535505481590453	0.9959563535285052	-4.578812098989144	
MGP	0.6717208789777768	-0.49548797404769307	1.8389297320032467	5.967629798484375	-1.1483070028441797	0.25485152693715696	0.9959563535285052	-4.579279582769571	
APOE	-0.2177212596058442	-0.5970800205569516	0.16163750134526322	6.618715110265625	1.1451660353183581	0.25614106618337873	0.9959563535285052	-4.579740105808296	
FBLN3	0.32208751021442683	-0.24228697888624406	0.8864619993150977	5.85207932034375	-1.1387391405117746	0.25879407959915196	0.9959563535285052	-4.580678750896237	
SDF1	0.28100502045195447	-0.21270726075592944	0.7747173016598383	6.510183091984375	-1.1356849935285918	0.26006162658870535	0.9959563535285052	-4.581123085282753	
GRP75	-0.3081395870974353	-0.8503488233589299	0.23406964916405937	6.543228951484375	1.1339615363129516	0.26077883972035415	0.9959563535285052	-4.581373333351494	
PROP	-0.24648481493910804	-0.6913173162748577	0.19834768639664166	6.397297715796875	1.1056340283803214	0.2727679729463273	0.9959563535285052	-4.585435744238277	
SLPI	0.3357863767533996	-0.27225114803627026	0.9438239015430695	6.307204705078125	-1.1019209208612497	0.2743676115611072	0.9959563535285052	-4.585961124676242	
HV439	-0.27944962919175126	-0.7887727047005497	0.22987344631704715	6.8525225436875	1.0947826936845688	0.27746119206903774	0.9959563535285052	-4.586966495781901	
RNAS4	0.30905769504839975	-0.2583171579847069	0.8764325480815064	6.4942230143125	-1.086894063557475	0.2809081358177518	0.9959563535285052	-4.588070444915297	
CBPA3	0.5180672605982619	-0.43545392508801284	1.4715884462845366	6.04635967634375	-1.0841104723212318	0.2821314920215336	0.9959563535285052	-4.588458201666086	
COMP	0.26108751825500726	-0.22263897163330143	0.7448140081433159	6.659484754765625	-1.0769709226308684	0.28528610658058173	0.9959563535285052	-4.5894484881110476	
FA12	0.2378470231930903	-0.2091110126535783	0.684805059039759	6.71934091665625	-1.0618146403649935	0.2920634808107453	0.9959563535285052	-4.591530384003835	
KV401	-0.28949108319891564	-0.8351254114279583	0.25614324503012703	6.840693340703125	1.058647177789337	0.2934937185681041	0.9959563535285052	-4.59196197286796	
PERM	-0.48814904053903724	-1.433299106805238	0.45700102572716367	6.563263292140625	1.0305508114168431	0.30639052574662334	0.9959563535285052	-4.595737185489709	
DEF1	-0.5625534902811892	-1.6531150146933755	0.5280080341309973	6.047964520171875	1.029274920307318	0.30698516340757365	0.9959563535285052	-4.595906352311882	
IGJ	-0.3209344770824113	-0.9444988071903418	0.30262985302551926	6.750495137765625	1.026958394186301	0.3080667917108547	0.9959563535285052	-4.596212988942196	
APOC3	0.3279690448794523	-0.31147155551988953	0.9674096452787941	6.4013837594375	-1.0234117196178234	0.3097277865472802	0.9959563535285052	-4.5966811967151715	
HDGR3	0.24996168682431752	-0.24118634862324045	0.7411097222718754	6.29689391328125	-1.0154973026726077	0.3134560668950261	0.9959563535285052	-4.597720492287202	
IGHD	0.3318707279836685	-0.33054362846820945	0.9942850844355464	6.60350877665625	-0.9996706702374356	0.3210017961439758	0.9959563535285052	-4.599775927695486	
FA10	0.44052486248040734	-0.43958638549677853	1.3206361104575932	6.5856123809375	-0.9987357401677331	0.32145131027492135	0.9959563535285052	-4.5998963938618465	
CERU	-0.2454530402208014	-0.7459014093263663	0.2549953288847635	6.91615117596875	0.9786488184214349	0.3312105424710614	0.9959563535285052	-4.602458816673565	
KV240	-0.27817016117832627	-0.8471680341184488	0.2908277117617962	6.79139080075	0.9754783565518554	0.33276862690498343	0.9959563535285052	-4.602858753280285	
TRFL	-0.46535828843993093	-1.422040171307646	0.4913235944277841	6.57762977940625	0.9705940899924196	0.33517839051393994	0.9959563535285052	-4.603472467742485	
OSTP	0.5573843548102588	-0.5913442266541917	1.7061129362747094	6.232894899109375	-0.9681777241347541	0.3363747968870441	0.9959563535285052	-4.603775006289385	
AEBP1	0.25837711155698606	-0.2743232182327905	0.7910774413467626	5.975423586234375	-0.9678071179057424	0.33655854187510403	0.9959563535285052	-4.603821344336166	
PROZ	0.43432038470915885	-0.46129552656568523	1.3299362959840029	6.69682269396875	-0.9676229301388275	0.33664988592772316	0.9959563535285052	-4.60384436763899	
ITB1	0.1888680801062393	-0.20116524799269336	0.578901408205172	6.476617194625	-0.9662168022616371	0.33734776257699417	0.9959563535285052	-4.604019995222729	
CTHR1	-0.23785927873419013	-0.7310008805626989	0.25528232309431853	6.38432392425	0.9624234466309052	0.33923518322141166	0.9959563535285052	-4.60449258155696	
APOM	-0.27161830238881196	-0.8358656684490389	0.292629063671415	6.754720118671875	0.9605218060018824	0.3401839634341064	0.9959563535285052	-4.60472882849806	
PLF4	0.37359351792394785	-0.4098803624472805	1.1570673982951762	6.322544197046875	-0.9514644114117573	0.3447267733175958	0.9959563535285052	-4.605847962511755	
ITB2	-0.3143997031097621	-0.9826652564350851	0.3538658502155609	6.70928359690625	0.9387518168253751	0.3511692836376823	0.9959563535285052	-4.607401718058578	
GELS	0.1770274314958053	-0.19940293972500867	0.5534578027166193	6.48958327109375	-0.93836899759918	0.35136449159020644	0.9959563535285052	-4.607448198304049	
FRIH	-0.3931517505720891	-1.2328488758076328	0.4465453746634546	6.412314913484375	0.9342331769030539	0.3534779167223757	0.9959563535285052	-4.607949200258133	
SAMP	0.2022710124242225	-0.2341637540450535	0.6387057788934984	6.761328022578125	-0.9247664121459852	0.35834632891899054	0.9959563535285052	-4.609088038550843	
MUC18	0.2559090734418173	-0.2981965512682833	0.8100146981519178	6.190829629546875	-0.9215329416045784	0.36001901600740005	0.9959563535285052	-4.609474486294963	
BGH3	-0.20466522454081204	-0.6507301435748868	0.2413996944932627	6.498608102546875	0.9155113348544424	0.3631473478394651	0.9959563535285052	-4.6101907153242	
VINC	0.2514363702455515	-0.29666845222491495	0.7995411927160179	5.82191049184375	-0.9153395209858564	0.3632368626281752	0.9959563535285052	-4.6102110856507705	
CBPB2	-0.21625932842241571	-0.6890174207094311	0.2564987638645997	6.942526914328125	0.9127537316448172	0.3645857594844376	0.9959563535285052	-4.610517217098856	
PXDC2	0.18406940081960219	-0.21951512373519652	0.5876539253744009	6.416437923484375	-0.9100491165581268	0.3660000614149681	0.9959563535285052	-4.61083653143872	
SFRP3	0.2826035835616379	-0.34219521131687997	0.9074023784401557	5.777703953546875	-0.9025166445915984	0.36995736582695604	0.9959563535285052	-4.611721064081551	
CO6A2	0.23210229487338024	-0.2814876526711489	0.7456922424179093	6.38057318496875	-0.9017385955405716	0.37036766922449227	0.9959563535285052	-4.611812029452356	
S10AA	-0.1886272169406069	-0.610267137465248	0.23301270358403414	6.5689049470468746	0.8926482809209563	0.3751828211218068	0.9959563535285052	-4.612869261630464	
OLFL1	0.24411358961329624	-0.3059215767849962	0.7941487560115886	6.459411354390625	-0.8855625428707902	0.378963438375875	0.9959563535285052	-4.613686246174294	
THIO	0.2169178694542984	-0.2727568524285827	0.7065925913371794	6.134555185515625	-0.883904578552327	0.37985149801146434	0.9959563535285052	-4.613876509284471	
B2MG	0.24204853527433234	-0.3090571402640595	0.7931542108127242	6.6864074365625	-0.8763655840671918	0.3839060991222917	0.9959563535285052	-4.614737354457355	
ANT3	0.16183051387973166	-0.2100954039866154	0.5337564317460787	6.876587672578125	-0.8682038520571256	0.3883260186757598	0.9959563535285052	-4.615661339259202	
KVD11	-0.2339198391627656	-0.7769518298901409	0.3091121515646097	6.846295868453125	0.8595267161138028	0.3930596436487055	0.9959563535285052	-4.61663457659947	
FHR2	-0.2366857008249203	-0.7918948048523298	0.31852340320248923	6.839774612234375	0.8506152821759454	0.39795810863804304	0.9959563535285052	-4.6176243234906895	
HS90B	-0.164807826717532	-0.5568919062521989	0.2272762528171349	6.391788069359375	0.8387187710121303	0.40455572732576284	0.9959563535285052	-4.618930156636676	
FBLN5	0.2597441698788531	-0.36108005423361983	0.880568393991326	5.680837525140625	-0.8348239358512629	0.4067301922274055	0.9959563535285052	-4.61935383395855	
IGLC2	-0.18300234482444344	-0.6212409473593955	0.2552362577105086	6.702096135578125	0.833227822327196	0.40762334882147855	0.9959563535285052	-4.6195269099113805	
ANGI	0.20718124495575832	-0.294934061112469	0.7092965510239856	6.53250727884375	-0.8233125145322129	0.4131984973613001	0.9959563535285052	-4.620594941589837	
CD14	0.18783538741202543	-0.2679262017722087	0.6435969765962596	6.6151871978125	-0.8223513937281762	0.413741356958752	0.9959563535285052	-4.620697814532345	
HPT	-0.27491232560176254	-0.944772907422911	0.39494825621938584	6.55303004140625	0.8188936963948621	0.41569789658253276	0.9959563535285052	-4.621066949534016	
ITA1	0.17037655570347254	-0.24550542224247213	0.5862585336494173	6.38040925134375	-0.8174429868934324	0.4165204416401269	0.9959563535285052	-4.6212213772959725	
FBLN2	0.22333294610122953	-0.32352219666305215	0.7701880888655113	5.972902696375	-0.8148885825893574	0.4179711595421417	0.9959563535285052	-4.6214926517172525	
CO5	0.1651692034914166	-0.24122380361839554	0.5715622106012287	6.81118786590625	-0.8109621535429096	0.4202070109612427	0.9959563535285052	-4.621908037347572	
BCAM	0.220845157741752	-0.32768931537515916	0.7693796308586631	6.158312959875	-0.8033442575716578	0.4245653471130323	0.9959563535285052	-4.622708432030707	
APOA1	0.2557903951327822	-0.38114440594036497	0.8927251962059293	6.695140302046875	-0.8013218643559336	0.42572691565530174	0.9959563535285052	-4.622919695843744	
S10A6	0.1878527454515984	-0.28778453264713894	0.6634900235503358	6.524603874546875	-0.7880602101428948	0.4333906417306269	0.9959563535285052	-4.624292296772944	
FST	0.21649691776352614	-0.33250500291441526	0.7654988384414676	6.413347447109375	-0.7868566011363984	0.43409020523258246	0.9959563535285052	-4.624415776829113	
ZA2G	-0.18693389047846373	-0.676858443345047	0.30299066238811956	6.947281402796875	0.7613363722280589	0.4490794010323348	0.9959563535285052	-4.626990957667975	
KNG1	0.20531313555067338	-0.3339702707528532	0.7445965418542	6.93918256390625	-0.7596567776660597	0.45007632427431765	0.9959563535285052	-4.627157558817254	
APOD	-0.19655113322562934	-0.7211723715039309	0.3280701050526722	6.669771678359375	0.7475623534466436	0.4572927104735981	0.9959563535285052	-4.62834669214403	
IBP6	0.20710743616283966	-0.35297706166278897	0.7671919339884683	6.722367930203125	-0.7378360638621537	0.46314397584015043	0.9959563535285052	-4.629289562562368	
LEG1	0.198372273826145	-0.33844018337816006	0.73518473103045	5.96235903375	-0.7373541427225465	0.46343500115744074	0.9959563535285052	-4.629335968692457	
CD44	-0.18963182529562664	-0.7035329457479138	0.3242692951566606	6.588717836140625	0.7362908431806916	0.46407748087061773	0.9959563535285052	-4.629438254011293	
SPP24	0.3257586316851598	-0.5675982957993331	1.2191155591696528	6.245864744703125	-0.7275932498645642	0.46935183483049137	0.9959563535285052	-4.630269548758954	
SPRL1	0.23243548777494485	-0.4105003514819938	0.8753713270318835	6.219172297359375	-0.721360801589686	0.4731520320992775	0.9959563535285052	-4.630859330157733	
ANX11	0.13987147830051042	-0.2563225096070896	0.5360654662081105	6.356538284953125	-0.7044319129377897	0.483561145792771	0.9959563535285052	-4.632436427664908	
ECM1	0.20702226096355025	-0.3806298211467395	0.79467434307384	7.05036877925	-0.7029339299123782	0.48448829430219	0.9959563535285052	-4.632574225582506	
HV169	-0.21140143150851143	-0.8121854203644551	0.3893825573474322	6.609160448859375	0.7021134820083313	0.4849965122652281	0.9959563535285052	-4.63264957675485	
MMP9	-0.32779610879136767	-1.2694684174926905	0.6138761999099551	6.538718726453125	0.6945791348551288	0.48967735752736874	0.9959563535285052	-4.633337537225666	
CO4A2	0.17444064599786846	-0.3282262262540222	0.6771075182497591	6.454584863046875	-0.6924448036749163	0.49100785184124796	0.9959563535285052	-4.633531109194105	
HS90A	-0.149330131268582	-0.5840734595662971	0.28541319702913315	6.388306575140625	0.6853813137028906	0.4954251952625577	0.9959563535285052	-4.634167590222703	
HEMO	-0.18434087167555172	-0.7217763462237381	0.3530946028726347	6.679269404796875	0.6844047986031984	0.49603758754107263	0.9959563535285052	-4.634255082328061	
S10A4	0.15966464445066678	-0.3110227314166021	0.6303520203179357	6.23458876678125	-0.6768523583622603	0.5007877868726889	0.9959563535285052	-4.6349276458341615	
CCL18	-0.18156283182307545	-0.7194677839692681	0.3563421203231173	6.467450332359375	0.6735023941384168	0.5029026518729414	0.9959563535285052	-4.635223638797836	
HV551	-0.19054114375882092	-0.7570706879988695	0.3759884004812276	6.822412813109375	0.6710949078014973	0.5044254957347074	0.9959563535285052	-4.635435472613556	
HS71B	0.1483528530312526	-0.29333613331926034	0.5900418393817655	6.1640380565625	-0.6701886543153039	0.5049993852846142	0.9959563535285052	-4.635515021817905	
FMOD	0.18294792961194173	-0.3699959782082298	0.7358918374321133	5.85458603021875	-0.6601827314300583	0.5113589913551362	0.9959563535285052	-4.636386349461173	
CYTB	-0.19406824562466116	-0.7859355319162408	0.3977990406669184	6.357389966546875	0.6542562532379935	0.5151458289777181	0.9959563535285052	-4.636896400160542	
HGF	0.18076076558909115	-0.3791669554321354	0.7406884866103177	6.341674971171875	-0.6441543464470915	0.5216347898668193	0.9959563535285052	-4.637755443911191	
PGS1	0.18474841719340748	-0.3904781057989696	0.7599749401857846	6.256015829890625	-0.6408546831778944	0.5237636043900564	0.9959563535285052	-4.638033209432617	
AFAM	0.1447591751003502	-0.3101330640228649	0.5996514142235653	6.936016764046875	-0.6349730760865779	0.5275694512535072	0.9959563535285052	-4.638524863984979	
VTDB	-0.11493255181107559	-0.4776627001654203	0.2477975965432691	6.861772059625	0.6322329620828747	0.5293474227946859	0.9959563535285052	-4.6387524013945995	
CD9	0.15686895860093955	-0.34505896410480996	0.658796881306689	6.43442746846875	-0.6236104663341763	0.5349625346390563	0.9959563535285052	-4.639462126297386	
KV320	-0.15965887669289025	-0.6765258293623695	0.357208075976589	6.59863721653125	0.6163565886771464	0.5397100469329177	0.9959563535285052	-4.640051810140539	
IGHA2	0.18243005678024868	-0.4096816249835248	0.7745417385440222	6.64728415359375	-0.6147669371385344	0.5407533137274857	0.9959563535285052	-4.640180133945903	
CLC11	-0.12964620742163294	-0.55049201080713	0.291199595963864	6.51436504640625	0.6146877448559922	0.5408053134800603	0.9959563535285052	-4.64018651821537	
ANXA5	-0.14799857182088458	-0.6316438507785904	0.3356467071368212	6.478080273625	0.6105880640528519	0.5435007568230693	0.9959563535285052	-4.64051592309808	
ITIH1	0.10129661611185752	-0.22996755264229446	0.4325607848660095	6.6272561116875	-0.6101522448490507	0.5437876990468095	0.9959563535285052	-4.640550813715564	
LUM	0.15684563089735018	-0.35660102481876577	0.6702922866134661	6.25581466428125	-0.6095296476693614	0.5441977489828356	0.9959563535285052	-4.640600614980759	
QSOX1	-0.1185323683860622	-0.5114409490316142	0.27437621225948977	6.709453775078125	0.6019538373834669	0.5491998219014304	0.9959563535285052	-4.641202608837126	
COFA1	-0.15249386468096263	-0.6593133019040429	0.3543255725421177	6.35814923396875	0.6003670479347898	0.5502504587458762	0.9959563535285052	-4.641327764580579	
PEPD	-0.1652785685572722	-0.7171298860430103	0.38657274892846594	6.34090988875	0.5976022140176417	0.5520835101182506	0.9959563535285052	-4.641545063073017	
TSP2	0.1592069822804579	-0.3801035621764941	0.69851752673741	6.11532759865625	-0.5890347783712601	0.557783006137814	0.9959563535285052	-4.642212162426212	
FRIL	-0.2819353918618262	-1.2482976552678025	0.6844268715441499	6.339955317109375	0.5821399086321746	0.5623909792522948	0.9959563535285052	-4.642742164452503	
PON1	-0.24591467399863656	-1.0975422525917258	0.6057129045944526	6.678413872625	0.5761724203660034	0.5663942764594827	0.9959563535285052	-4.643195934457023	
MFGM	0.15506647879123256	-0.3839714554447671	0.6941044130272322	6.202161281890625	-0.5740058711219509	0.5678511587667718	0.9959563535285052	-4.643359543743934	
PGS2	-0.18225133303933103	-0.8190802423326288	0.45457757625396666	6.436057057015625	0.5710388841090749	0.5698492595851958	0.9959563535285052	-4.643582616845119	
PGBM	0.10854992562164666	-0.2726716530843615	0.4897715043276548	6.134113969546875	-0.5681588728275715	0.5717920597244484	0.9959563535285052	-4.64379806459323	
ANXA4	0.12356496108273976	-0.31955279907525347	0.5666827212407329	6.634178385625	-0.5564087083117277	0.579751674622653	0.9959563535285052	-4.644665976917861	
SRPX2	0.1273543261657398	-0.33410793059113564	0.5888165829226152	6.407584285921875	-0.55067486671114	0.5836549980705708	0.9959563535285052	-4.645083027105088	
LV319	-0.1757162884593873	-0.8131947537461772	0.46176217682740256	6.81241244340625	0.5500019656434713	0.5841138960265619	0.9959563535285052	-4.645131691940283	
HV330	-0.12548488628005233	-0.5853917151489735	0.3344219425888688	6.8762445325	0.5444265570888237	0.5879227418279995	0.9959563535285052	-4.645532659145218	
APOB	-0.14649700829396223	-0.6839869719670588	0.3909929553791343	6.5846407191562495	0.5438462461265491	0.5883198554020102	0.9959563535285052	-4.645574162499391	
KVD20	-0.15889459393229002	-0.7419667365022423	0.4241775486376623	6.60629412971875	0.543756632708241	0.5883811902016586	0.9959563535285052	-4.6455805676944095	
CAPG	-0.13452191188415963	-0.6289148620717893	0.35987103830346995	6.388595249390625	0.5429233253528202	0.5889516816916927	0.9959563535285052	-4.645640079315477	
OLFL3	0.11944817329225851	-0.3197969680837852	0.5586933146683022	6.54223745059375	-0.5426131129578701	0.5891641231841318	0.9959563535285052	-4.645662210559197	
PRELP	0.14735763691566878	-0.4029516328319886	0.6976669066633261	6.1887595727499995	-0.5342980124693619	0.5948719372904808	0.9959563535285052	-4.646250789458311	
CFAB	0.1286770148918256	-0.35249557605877446	0.6098496058424256	6.5701619075624995	-0.5336024751332114	0.5953505494247089	0.9959563535285052	-4.646299617130004	
ANXA6	0.12227315485509445	-0.3358836015020402	0.5804299112122291	6.36478203334375	-0.5325185749433999	0.596096759037609	0.9959563535285052	-4.646375583581981	
A2MG	0.12136435206021129	-0.341416903202135	0.5841456073225576	6.70578850684375	-0.5232787763303042	0.6024754952168621	0.9959563535285052	-4.647016990687233	
SFRP2	-0.161388985224956	-0.7794081156908343	0.45663014524092227	6.580244335234375	0.5210623704467998	0.6040102620383002	0.9959563535285052	-4.64716920444505	
TENX	0.1273452262003048	-0.3615078932350823	0.6161983456356919	6.144588529640625	-0.5197829349346571	0.6048970330357195	0.9959563535285052	-4.647256781114329	
FCG3A	-0.1450882950862582	-0.7092462683116919	0.4190696781391755	6.72005012453125	0.5131559698364921	0.6094996708442398	0.9959563535285052	-4.647706997834687	
CO6A1	0.12289142910805756	-0.35781674472523656	0.6035996029413517	6.364510144484375	-0.5101029398892919	0.6116254383660549	0.9959563535285052	-4.64791249602053	
SAP	-0.13665108282304883	-0.6736656583041228	0.4003634926580252	6.2624766113125	0.507743932949362	0.61327026499376	0.9959563535285052	-4.648070451905071	
MSRE	-0.1311407090416672	-0.6493097774766515	0.38702835939331715	6.726156858953125	0.5049911666206206	0.6151921607452429	0.9959563535285052	-4.648253860681707	
CATS	-0.14469452220308165	-0.7211509620760169	0.4317619176698536	6.751324711046875	0.5008449895521727	0.6180919899542305	0.9959563535285052	-4.6485282525536755	
IBP7	0.16316418634432847	-0.4953554349703886	0.8216838076590456	5.610805049953125	-0.4943947592963434	0.6226153709580469	0.9959563535285052	-4.648950689474922	
CO3A1	0.1872852831312487	-0.5773865433611908	0.9519571096236882	5.889474597546875	-0.488704458505568	0.6266179650022088	0.9959563535285052	-4.6493188716349705	
ANXA7	0.1093308677088729	-0.3450318292205239	0.5636935646382697	6.394555495453125	-0.48012891879381897	0.6326713137742761	0.9959563535285052	-4.649865790819133	
APOA4	0.10891593111177147	-0.3586900238592253	0.5765218860827682	6.877265932078125	-0.4647603969430993	0.6435826915824141	0.9959563535285052	-4.650822017880971	
LTBP2	0.12665928132600182	-0.41810965339020323	0.6714282160422068	5.918547397	-0.4639192824806932	0.6441821697716454	0.9959563535285052	-4.650873464849965	
A2AP	-0.13244286222060492	-0.7139232128615236	0.4490374884203137	6.528223344375	0.4544763126959752	0.6509285168278331	0.9959563535285052	-4.65144472406411	
CATL1	-0.10701821300280266	-0.577423553861201	0.3633871278555957	6.752442615234375	0.4539449504733204	0.6513090150540545	0.9959563535285052	-4.6514765240625	
CO2	-0.10515069934859934	-0.567873715001899	0.35757231630470027	6.576174700984375	0.453428487984613	0.6516789328558514	0.9959563535285052	-4.651507397118525	
CFAD	0.1465965749627565	-0.5027783323821068	0.7959714823076197	6.550812723890625	-0.4504494483885135	0.6538143872174207	0.9959563535285052	-4.651684799559148	
IC1	0.10872665800504758	-0.3745084493817684	0.5919617653918636	6.69372730003125	-0.4489472329443373	0.6548923161567997	0.9959563535285052	-4.651773818212835	
TRFE	-0.10810812074943928	-0.6024258012925804	0.38620955979370186	6.85351340959375	0.4363850987485759	0.6639350068039265	0.9959563535285052	-4.652506712390343	
DERM	-0.14434440635953366	-0.8051691314474472	0.51648031872838	6.470328224234375	0.43584434296852986	0.6643254003521449	0.9959563535285052	-4.652537798917959	
TINAL	0.13453904329594688	-0.4834907022087659	0.7525687888006597	6.342320132671875	-0.4343668723972834	0.6653925207971321	0.9959563535285052	-4.652622540046688	
FHR3	-0.14519208698770267	-0.8351769671140264	0.5447927931386211	6.666149232609375	0.41987605926495025	0.6758951234311333	0.9959563535285052	-4.653438569743582	
LAMA4	0.09176954455946874	-0.3504445656135988	0.5339836547325363	6.619599947796875	-0.41407948936047057	0.6801146087276111	0.9959563535285052	-4.65375731808927	
CO6	0.06815184560384588	-0.2630744886922527	0.3993781798999445	6.93128179890625	-0.4105542022701713	0.6826857900394816	0.9959563535285052	-4.653949023984119	
A1AT	-0.10180612191921554	-0.5979519965182377	0.3943397526798066	6.961794092515625	0.4094324388523963	0.6835047441887869	0.9959563535285052	-4.654009685137779	
CO7	0.08369943946515444	-0.3311681291798524	0.4985670081101613	6.97802038090625	-0.40256016927612	0.6885301908220793	0.9959563535285052	-4.654377723813407	
LV310	-0.10327379578042188	-0.6176246333096137	0.41107704174876997	6.716881691453125	0.40063457544174014	0.6899408454262363	0.9959563535285052	-4.654479739990138	
CD5L	-0.1184149735463282	-0.7467299915469368	0.5099000444542803	6.649093255734375	0.37605114954159774	0.7080455223628992	0.9959563535285052	-4.65573951723485	
APOA	-0.14706320528112535	-0.93014767536852	0.6360212648062693	6.24374302428125	0.37472541971959833	0.7090267910820462	0.9959563535285052	-4.655805205989581	
FCGBP	0.11087618294541413	-0.4835085887873132	0.7052609546781414	6.350947736953125	-0.37221025190109813	0.710889804744784	0.9959563535285052	-4.655929197664222	
SFRP4	-0.11965552962002253	-0.7621531964566718	0.5228421372166266	6.40384023409375	0.3716027823957822	0.7113400296738542	0.9959563535285052	-4.655959020192628	
ALBU	-0.08723150207712978	-0.5599340525614885	0.38547104840722896	6.89516774	0.36821641381315234	0.7138517127337232	0.9959563535285052	-4.656124381377703	
IGKC	0.13458130045705696	-0.6018354411420774	0.8709980420561914	6.342342527109375	-0.36465217315022647	0.7164987516142789	0.9959563535285052	-4.656296805199946	
FINC	-0.07785708213508036	-0.5282211362158827	0.372506971945722	6.38855547959375	0.34494681736533933	0.7311953543616538	0.9959563535285052	-4.65722001405456	
CO3	0.061590451447663654	-0.2976252269414151	0.4208061298367424	6.73208070496875	-0.34211793529417434	0.7333136378141488	0.9959563535285052	-4.657348368167053	
LV147	-0.08268885008572725	-0.570318642370388	0.4049409421989335	6.714565018359375	0.3383564499258434	0.7361334753906357	0.9959563535285052	-4.657517410384479	
LRP1	0.06115070531821171	-0.30619079792464443	0.42849220856106784	6.52970412603125	-0.33216143675590054	0.7407855454077461	0.9959563535285052	-4.657791767671521	
ITIH2	0.06825333527406693	-0.34706084621698363	0.48356751676511744	6.884201620953125	-0.32791769774003793	0.7439779420659998	0.9959563535285052	-4.6579768009666385	
HTRA1	-0.0811540095095979	-0.5899562993116225	0.4276482802924267	6.461753217515625	0.3182575117959942	0.751261629195403	0.9959563535285052	-4.65838917822768	
CLUS	-0.06180377042324576	-0.459993392259693	0.3363858514132015	6.662516078703125	0.309701117636043	0.7577320642537804	0.9959563535285052	-4.658744195717745	
HSP74	-0.05508078546963611	-0.41449361617361286	0.3043320452343406	6.505852541125	0.3057907094431767	0.760694973962535	0.9959563535285052	-4.658903240175151	
FHR5	-0.10743465322447894	-0.8091779772628608	0.5943086708139028	6.390225527609375	0.30548074094153493	0.7609299907736372	0.9959563535285052	-4.658915761239734	
C1QBP	-0.09482579473863194	-0.7423727274754809	0.552721137998217	6.231075011828125	0.29219513404802266	0.7710240063702022	0.9959563535285052	-4.65944055058508	
CFAI	-0.06365286783665237	-0.5029230463979287	0.375617310724624	6.87939494565625	0.2891372148518667	0.7733530166121165	0.9959563535285052	-4.659558052819071	
DCD	-0.08315930697166043	-0.6662794763645923	0.49996086242127147	6.589270181015625	0.2845578275996454	0.776844724257518	0.9959563535285052	-4.659731717007126	
HPTR	0.08391359155339886	-0.5060675363234575	0.6738947194302551	6.749812993359375	-0.28379969764067386	0.7774232329252087	0.9959563535285052	-4.659760201287222	
IBP3	0.08437545064516346	-0.5333044822906966	0.7020553835810236	6.699676127828125	-0.2725651658878104	0.7860106228481913	0.9959563535285052	-4.660173433672613	
TIMP1	-0.09994737728118744	-0.8546855134707928	0.654790758908418	6.691590463	0.26423652295834915	0.7923941115546955	0.9959563535285052	-4.660469052105948	
HV372	-0.06637141131028444	-0.5688727655130383	0.4361299428924694	6.8677422826875	0.26354911044248747	0.7929216214469724	0.9959563535285052	-4.660493043037987	
TSP1	0.0716174262800885	-0.48574848366439505	0.628983336224572	6.2330978435781255	-0.256387026651303	0.798423414511741	0.9959563535285052	-4.660739298465271	
CO4A	0.0799832282991793	-0.5465014346116792	0.7064678912100377	6.795180221796875	-0.25474532602724503	0.7996859952479499	0.9959563535285052	-4.66079479308298	
LG3BP	0.07769350149679129	-0.5318852502456111	0.6872722532391937	6.382433769953125	-0.25431537279362443	0.8000167474642796	0.9959563535285052	-4.660809268150802	
IGHM	-0.07998842976091537	-0.7356958467245913	0.5757189872027606	6.54412825334375	0.24340798087636828	0.808419635264523	0.9959563535285052	-4.661168332531205	
A1BG	0.046582527161930766	-0.33992003846470503	0.4330850927885666	6.915220609171875	-0.2404852273114537	0.8106751666415755	0.9959563535285052	-4.661261882961373	
ITGBL	0.05608047894380228	-0.4136787280766021	0.5258396859642067	6.475740373890625	-0.23820679829131042	0.8124345795576491	0.9959563535285052	-4.661334028694325	
HSP7C	0.04688235603511939	-0.35364138330495565	0.4474060953751944	6.40237296525	-0.23356023588587063	0.8160256672555193	0.9959563535285052	-4.661479038654129	
AACT	0.07063779059278429	-0.5457504938906926	0.6870260750762612	6.610420551390625	-0.228665407744146	0.8198129011093632	0.9959563535285052	-4.661628716123637	
CO9	0.05705594964666044	-0.44438252682608764	0.5584944261194085	6.990442381578125	-0.22703929085061633	0.8210720186141314	0.9959563535285052	-4.6616777411765735	
PEDF	-0.05164879961192277	-0.5201328882044667	0.4168352889806211	6.39188908559375	0.21997996356118651	0.8265435456710503	0.9959563535285052	-4.661886524360246	
PA2GA	0.07724127967271519	-0.6285031206543559	0.7829856799997863	6.307111446703125	-0.21838346773476197	0.8277821587921614	0.9959563535285052	-4.661932829691394	
F13B	-0.08187002779438063	-0.8341881646553242	0.670448109066563	6.67998347453125	0.21714065552694858	0.8287466760298912	0.9959563535285052	-4.661968643787393	
LAMB1	-0.04582817632006486	-0.46881900012959893	0.3771626474894692	6.42386816378125	0.2161819191317868	0.8294909091572563	0.9959563535285052	-4.661996132378716	
HDGR2	-0.03879477467940574	-0.4028582486322319	0.32526869927342045	6.334781550953125	0.21262477331242782	0.8322535571488819	0.9959563535285052	-4.662097061552328	
C1R	-0.045530387589776476	-0.4738807766232569	0.382820001443704	6.781078295703125	0.21208986729486856	0.8326691746608949	0.9959563535285052	-4.662112094309022	
S10AD	0.05521974235119192	-0.46909043403374223	0.579529918736126	6.36330373584375	-0.2101473063091896	0.8341789295995481	0.9959563535285052	-4.662166369488468	
POSTN	-0.05914640582933633	-0.6253705716957962	0.5070777600371237	6.2336781533125	0.20842878497203515	0.8355150825943919	0.9959563535285052	-4.662213969673404	
C1QC	-0.04818057045636246	-0.5221050393831873	0.42574389847046235	6.345845432640625	0.20285258401787967	0.8398539104413747	0.9959563535285052	-4.662365735732945	
HV374	-0.061132869259573036	-0.6778037290433236	0.5555379905241775	6.680545461484375	0.19780583189993386	0.8437850719214545	0.9959563535285052	-4.6624995520604156	
IGHG3	0.049472318666621336	-0.45519837885751807	0.5541430161907608	6.738463774421875	-0.19560138013611575	0.8455034821528524	0.9959563535285052	-4.6625569482365385	
HEP2	0.03722906483904182	-0.34478605566722353	0.41924418534530716	6.666554903046875	-0.19445508879255627	0.8463973346234257	0.9959563535285052	-4.662586539966469	
ITB3	-0.05365310880358964	-0.6056442330838555	0.4983380154766762	6.696094002609375	0.19394586973014635	0.84679447720205	0.9959563535285052	-4.662599629875772	
PGCA	0.057219731157908585	-0.5386991116013906	0.6531385739172078	6.121306529796875	-0.19159158653219743	0.8486311103301317	0.9959563535285052	-4.662659703460098	
SULF1	0.04574564375916329	-0.43349535723827687	0.5249866447566034	6.45636803246875	-0.19046426962961208	0.8495108555791513	0.9959563535285052	-4.66268820964527	
APOH	-0.04478059119621783	-0.5152728446216538	0.4257116622292181	6.75870020025	0.18991317055834567	0.8499409967946148	0.9959563535285052	-4.662702084053224	
ANXA1	0.03479769527204765	-0.33356274227114147	0.4031581328152368	6.56218478178125	-0.1884930054362403	0.8510496674123886	0.9959563535285052	-4.662737653042954	
C1QA	-0.04143911275702789	-0.48153211033280374	0.39865388481874797	6.282063571046875	0.18788137438636246	0.8515272381156604	0.9959563535285052	-4.662752889662139	
COCA1	-0.048521854265842365	-0.5658607338596241	0.4688170253279394	5.94822464934375	0.18714576751846024	0.8521016847070504	0.9959563535285052	-4.66277114923106	
VTNC	0.05769678861777302	-0.5673078612824405	0.6827014385179866	6.8969022959375	-0.18419851787965935	0.8544040381393365	0.9959563535285052	-4.662843590135028	
IGHG4	0.05085012908735407	-0.5068065303279586	0.6085067885026668	6.673262744375	-0.18194616478605932	0.8561644031346767	0.9959563535285052	-4.662898177334048	
TIMP2	-0.03500530605688811	-0.42754501144823087	0.35753439933445463	6.48890339253125	0.17793772169280292	0.8592990746257457	0.9959563535285052	-4.66299366630446	
IGLC7	0.06454548377210352	-0.659832652111884	0.7889236196560911	6.134040918359375	-0.17779447680791244	0.8594111368640874	0.9959563535285052	-4.662997039381536	
CFAH	-0.03418013788217786	-0.41856004921630485	0.3501997734519491	6.656508564578125	0.1774315582798317	0.8596950654514958	0.9959563535285052	-4.66300557311288	
MMP2	0.03817179783387014	-0.41069577799275	0.48703937366049027	6.52097939865625	-0.1696844787376604	0.8657603410385464	0.9959563535285052	-4.663183587247966	
FCN3	-0.05544818210089157	-0.7211388508799654	0.6102424866781824	6.75164831775	0.166200597766888	0.8684905697281974	0.9959563535285052	-4.663261054608922	
CO8A	0.040962882042453914	-0.45244129580500364	0.5343670598899115	6.805683485859375	-0.16565533269134738	0.8689180260502665	0.9959563535285052	-4.663273033870386	
PTN	0.05347404011045288	-0.5975510966070845	0.7044991768279902	5.818109272578125	-0.16389397130030894	0.8702990985769548	0.9959563535285052	-4.6633114617284805	
FIBA	0.04636911795607278	-0.5205961563779236	0.6133343922900691	6.4978029128125	-0.1631887115509673	0.8708522019897542	0.9959563535285052	-4.663326733477573	
PROS	-0.044551551437108254	-0.6005852421476248	0.5114821392734084	6.762809062078125	0.1598745975111265	0.8734521722812452	0.9959563535285052	-4.6633976169452165	
NPC2	-0.04034933469282481	-0.5483825927486305	0.467683923362981	6.73591098934375	0.1584754424008866	0.8745502508636567	0.9959563535285052	-4.663427106597869	
MIF	-0.048182699646147915	-0.7011588296489186	0.6047934303566227	6.2436010113125	0.1472351701682636	0.8833805716787783	0.9959563535285052	-4.663654621220831	
CMA1	0.06821064982839009	-0.8766743196116298	1.01309561926841	6.112316470046875	-0.14404261100065135	0.8858913891065423	0.9959563535285052	-4.663716194778693	
FIBG	0.04135073370729867	-0.5360518826808099	0.6187533500954073	6.564587603703125	-0.14289670380856806	0.8867928853477052	0.9959563535285052	-4.663737966608182	
PLMN	-0.04632306575430003	-0.6974989013469792	0.6048527698383792	6.8815053064375	0.1419439075971104	0.8875425733882945	0.9959563535285052	-4.663755937139721	
IGLL5	-0.03659060131837593	-0.558942735263792	0.4857615326270402	6.710892509296875	0.13977320125238896	0.8892509319007574	0.9959563535285052	-4.663796430008061	
IPSP	-0.031017431969608832	-0.48878644575715036	0.4267515818179327	6.357438167765625	0.1352001535740829	0.8928516581838074	0.9959563535285052	-4.663879696774619	
CXCL7	0.03906601679443104	-0.5376683004263169	0.6158003340151789	6.7281445834375	-0.13515778855009702	0.8928850262326888	0.9959563535285052	-4.66388045522905	
CO8G	0.03324181015550026	-0.46014228450199945	0.526625904813	6.624605710578125	-0.13443651900014644	0.8934531509059092	0.9959563535285052	-4.663893331569356	
HSP72	0.03450724393906312	-0.48298674356618976	0.552001231444316	6.19312210503125	-0.13305239741644787	0.8945435426079951	0.9959563535285052	-4.663917848580305	
FIBB	-0.03815150267546479	-0.6154586700761546	0.5391556647252251	6.570176215640625	0.131862843744654	0.895480819271394	0.9959563535285052	-4.663938716663116	
CO8B	0.03169886663069267	-0.4493552011705716	0.5127529344319569	6.66014694928125	-0.13148238760221062	0.8957806209480754	0.9959563535285052	-4.66394535140595	
HV309	0.028670016528369993	-0.4245148571170339	0.48185489017377386	6.716165702390625	-0.1262322363694933	0.8999193056461946	0.9959563535285052	-4.664034952550054	
PLTP	0.048539293894634475	-0.7307160914494546	0.8277946792387236	6.88295620646875	-0.12428862419905878	0.9014521635835078	0.9959563535285052	-4.664067197902369	
LECT2	0.025549892403013134	-0.3994620386832518	0.4505618234892781	6.464671906890625	-0.11995150251544041	0.9048740434660019	0.9959563535285052	-4.664137350126053	
CO5A2	-0.03734288359901787	-0.6929953635084908	0.6183095963104551	6.319114333671875	0.113645405180069	0.90985260086837	0.9959563535285052	-4.664234908744066	
S10AB	-0.02727514308019892	-0.5188590713836183	0.4643087852232205	6.628220351453125	0.11071006363581817	0.912171250486125	0.9959563535285052	-4.664278524746729	
CATG	0.03779001336705672	-0.6547030976054216	0.7302831243395349	6.47541628153125	-0.10888782596964154	0.9136110363995742	0.9959563535285052	-4.6643050274416895	
PRDX2	-0.03283330658258265	-0.6628168232689969	0.5971502101038316	6.942300588984375	0.1039927766423262	0.9174801331544173	0.9959563535285052	-4.664374044842257	
ANXA2	0.021024510245425298	-0.3927726969051413	0.4348217173959919	6.58837829496875	-0.10138088345628393	0.9195454237216928	0.9959563535285052	-4.664409573187403	
VWF	0.03111667956170861	-0.6003173896172901	0.6625507487407073	6.687510507125	-0.09832930635985396	0.9219590854287067	0.9959563535285052	-4.664449938303922	
TAGL2	0.029811120905349767	-0.5881099409898781	0.6477321828005776	5.909493233515625	-0.09626380991912331	0.9235932196279222	0.9959563535285052	-4.664476560236493	
PCOC1	0.016917855263759843	-0.3381845963497655	0.37202030687728516	6.60074259315625	-0.09506253102685429	0.924543773201883	0.9959563535285052	-4.6644917835792326	
AMBP	0.015954861869126164	-0.3298118259631651	0.3617215497014174	6.65826892084375	-0.09207201281355878	0.9269105998001415	0.9959563535285052	-4.664528851354693	
CD59	0.024224142625490212	-0.5018945108640365	0.5503427961150169	6.6330566985625	-0.09187184826933138	0.9270690426014989	0.9959563535285052	-4.664531290131785	
FHR1	-0.029319990296798906	-0.6773782131016873	0.6187382325080896	6.76278749884375	0.09027500796627186	0.9283331472618899	0.9959563535285052	-4.664550555830816	
CO6A3	0.020916547952026954	-0.44143741102612455	0.4832705069301785	6.46738795240625	-0.09026786453991482	0.9283388026212364	0.9959563535285052	-4.664550641256848	
C1QB	0.022191706211103838	-0.48417500950917786	0.5285584219313856	6.243234254234375	-0.08744667116987233	0.9305725916330836	0.9959563535285052	-4.6645838507417485	
YBOX1	0.018679953013680917	-0.4185500258376634	0.4559099318650252	6.50545168509375	-0.08524787976517853	0.932313958451804	0.9959563535285052	-4.664609002841107	
SAA4	-0.027494416609958237	-0.6871501477273854	0.6321613145074689	6.566551542125	0.0831658264725045	0.9339631781349137	0.9959563535285052	-4.664632229417232	
LV321	0.02060453974592686	-0.4759852403007686	0.5171943197926223	6.678248117	-0.08279095250635736	0.9342601513440911	0.9959563535285052	-4.664636350379637	
FBN1	0.01762811084048703	-0.4186656037641865	0.4539218254451606	6.32329806940625	-0.08062032689728858	0.9359798921926467	0.9959563535285052	-4.6646598460482345	
ITIH4	0.01590654310886138	-0.38712872050850716	0.4189418067262299	6.85290905771875	-0.0787499884957918	0.937461967041468	0.9959563535285052	-4.664679590831053	
ICAL	0.022149120141816463	-0.5440633034742125	0.5883615437578454	6.3691401924374995	-0.07805393874768028	0.9380135806517197	0.9959563535285052	-4.664686820599309	
CO1A2	0.02551065525069413	-0.652688545946689	0.7037098564480774	6.0505692698125	-0.07505542327653822	0.9403902233472776	0.9959563535285052	-4.6647172321511325	
HRG	0.012678624988975469	-0.34579632595117105	0.371153575929122	6.931875534	-0.07057178153896763	0.9439449925660359	0.9959563535285052	-4.664760484587185	
TTHY	0.01396891540031307	-0.39820890981842144	0.4261467406190476	6.922998097046875	-0.06762321310944143	0.9462833349988244	0.9959563535285052	-4.664787477328234	
SOST	-0.025527953665286693	-0.8084682731261323	0.7574123657955589	5.7454105033125	0.06505865534078341	0.9483175257609547	0.9959563535285052	-4.6648100182658325	
CO5A1	0.014737635056661038	-0.4454690286573835	0.4749442987707056	6.32566400203125	-0.06389878991843112	0.949237637476489	0.9959563535285052	-4.664819926695888	
PRDX1	0.011342191168817042	-0.35512292848485544	0.3778073108224895	6.506424105984375	-0.06175641215794139	0.9509373491656757	0.9959563535285052	-4.664837759918916	
LYSC	-0.021733119706039725	-0.736897106612677	0.6934308672005975	6.5894310815625	0.06063650677248989	0.9518259468439166	0.9959563535285052	-4.664846840075941	
HDGF	-0.014461674731833865	-0.493721187859923	0.4647978383962553	6.462765970640625	0.06020957833199396	0.9521647127308639	0.9959563535285052	-4.664850257859288	
CO4B	-0.013247973352610982	-0.49753236080739305	0.4710364141021711	6.734581441015625	0.05458417067397895	0.9566292511194365	0.9959563535285052	-4.6648930371169275	
A1AG2	0.015605921602668093	-0.6714229231393671	0.7026347663447032	6.661302045921875	-0.04532441301299277	0.9639811109866009	0.9959563535285052	-4.664954324739144	
APOC1	-0.0113264571579171	-0.52981591019672	0.5071629958808858	6.66687331921875	0.043588497465255935	0.9653597230259362	0.9959563535285052	-4.664964549900968	
CATZ	-0.010601529650376213	-0.517579257172838	0.49637619787208564	6.73884716609375	0.04172510042228466	0.9668396947174879	0.9959563535285052	-4.664975081693474	
CO1A1	0.013962641705627304	-0.6671768699958103	0.6951021534070649	6.033263603890625	-0.04090244400341098	0.9674931131708328	0.9959563535285052	-4.664979584915105	
LEG3	0.00955335292665063	-0.49124856308552656	0.5103552689388278	6.423241195375	-0.03806340000504369	0.9697482738168755	0.9959563535285052	-4.664994437195077	
SERPH	-0.010671025281238889	-0.5852929818397168	0.563950931277239	6.488353742984375	0.037054560875658234	0.970549693613825	0.9959563535285052	-4.664999457721031	
CO4A1	0.011174950927925878	-0.5962114894230668	0.6185613912789185	6.261479287625	-0.03671117382545486	0.9708224865789431	0.9959563535285052	-4.665001135839796	
LV861	0.01242385598459145	-0.7980845855613881	0.8229322975305711	6.541438992453125	-0.0305855718431473	0.9756893325933493	0.9959563535285052	-4.665028446333385	
HV102	-0.006851333130722054	-0.5514658798089969	0.5377632135475527	6.853090176625	0.025101726081908065	0.9800470879245199	0.9959563535285052	-4.665048678032498	
OMD	-0.005894555406377333	-0.5273629107316724	0.5155737999189178	6.136955292328125	0.022554896262554608	0.982071149330332	0.9959563535285052	-4.66505671915547	
KLKB1	0.0035923617548248034	-0.3487195859960613	0.3559043095057109	6.8705476427187495	-0.020345596696701832	0.9838270587893736	0.9959563535285052	-4.665062998462155	
GANAB	0.003591636058728298	-0.42460916335977633	0.43179243547723295	6.59353523896875	-0.016736420849482594	0.9866957317370246	0.9959563535285052	-4.665071865275437	
RNAS1	0.006489552424662914	-0.7889139528365541	0.8018930576858798	6.602662476421875	-0.016279646986605712	0.9870588015781425	0.9959563535285052	-4.665072864409222	
TRYB2	-0.004263331664845149	-0.8853381774483561	0.8768115141186658	5.853860949515625	0.009655039523063833	0.9923246853845659	0.9959563535285052	-4.665084246952628	
CPXM2	-0.002193105678638935	-0.5643205816713568	0.5599343703140789	5.96593716178125	0.007784710823252134	0.9938114769809534	0.9959563535285052	-4.6650864079666405	
HV349	-0.0016829057527490655	-0.5400765166305351	0.5367107051250369	6.93868672271875	0.00623702717345234	0.9950418032527248	0.9959563535285052	-4.665087845717855	
HMCN1	-0.0010877153028001122	-0.4277722233313744	0.42559679272577416	6.285987671	0.005086582612100494	0.9959563535285052	0.9959563535285052	-4.665088708796751	
