	logFC	CI.L	CI.R	AveExpr	t	P.Value	adj.P.Val	B	
B2MG	0.5036196991002105	0.1339433578199411	0.8732960403804799	6.5050049756	-2.7113720022881576	0.008208010553999522	0.9805651900350838	-4.028676292085768	
MIF	-0.626112322447091	-1.1038131369092474	-0.14841150798493463	6.46575047228	2.6085809879672244	0.010857592841768569	0.9805651900350838	-4.075359768563294	
IGF2	0.6782867305413094	0.07581811902034918	1.2807553420622697	6.286530943893333	-2.2407167004216055	0.02783440575050463	0.9805651900350838	-4.231453398664131	
IPSP	-0.4029781754420205	-0.7686555934132364	-0.03730075747080458	6.4749517824	2.193266673944341	0.03120986514254615	0.9805651900350838	-4.250257738460118	
THRB	0.6453079762170777	0.030870676139986064	1.2597452762941694	6.480596072146667	-2.0902465548224063	0.039791164539886084	0.9805651900350838	-4.2899764511593546	
LEG1	-0.4185917167534996	-0.8374992859072621	0.00031585240026282824	6.0550480097333335	1.9887513056213169	0.05016885507312101	0.9805651900350838	-4.327584670601122	
RNAS1	0.599171702988973	-0.0010050679136593965	1.1993484738916056	6.41350085844	-1.9869190216874653	0.050375688737454696	0.9805651900350838	-4.3282494339011235	
THIO	-0.3832200761182597	-0.7762174019900105	0.009777249753491202	6.218368187293334	1.940737121066905	0.055834375465983924	0.9805651900350838	-4.3448360933298735	
CFAB	-0.36049888933347357	-0.7403382979474413	0.01934051928049424	6.683531274493333	1.8889130419816458	0.0625497541943557	0.9805651900350838	-4.363059844667481	
PROS	0.39046120167521203	-0.02222665791208228	0.8031490612625063	6.65371330464	-1.883060392768553	0.06334926139186407	0.9805651900350838	-4.365091783518164	
OSTP	0.8214045562338514	-0.07412208887824456	1.7169312013459475	5.801973551813333	-1.8255202321946291	0.07167742116668728	0.9805651900350838	-4.384783510180579	
CO9	0.31309281913416936	-0.04154593717189825	0.667731575440237	6.895440145333334	-1.7570938840397254	0.08275138173828525	0.9805651900350838	-4.407518976032436	
PGCA	0.4019755522700723	-0.05627845094329953	0.8602295554834442	5.97161577736	-1.745827894421474	0.08470362024029787	0.9805651900350838	-4.411190382114287	
LV321	-0.34538613090888504	-0.7391508958686945	0.04837863405092446	6.799487973426666	1.7457260710755258	0.0847214364429039	0.9805651900350838	-4.411223471461364	
HEP2	-0.29426198636419393	-0.6321459146629695	0.04362194193458163	6.752325100306667	1.733303774765023	0.08691827174598563	0.9805651900350838	-4.415247763635097	
APOA4	0.3383425716795227	-0.05020352408176104	0.7268886674408064	6.749356404546667	-1.7330941322216504	0.08695574453699119	0.9805651900350838	-4.415315464849289	
IBP5	0.4691654045090587	-0.07192493320912713	1.0102557422272445	6.27150659872	-1.725695858929329	0.08828668871581646	0.9805651900350838	-4.417700081042809	
ANT3	0.23308786666037196	-0.040919583205814514	0.5070953165265584	6.771321375453334	-1.6930327198885473	0.09436417782352707	0.9805651900350838	-4.428121825227431	
CTHR1	0.3097980844358178	-0.056836008351021594	0.6764321772226571	6.310878584386667	-1.6817209576632617	0.09654696445452174	0.9805651900350838	-4.431690478641091	
IGLC7	-0.4960873789569277	-1.0896573625428374	0.0974826046289819	6.373881894666667	1.663390828719895	0.10017128911901658	0.9805651900350838	-4.437428772947577	
PEPD	-0.3366231989300062	-0.7402022078410351	0.06695580998102263	6.49819157944	1.6600590192341371	0.10084179675166587	0.9805651900350838	-4.438465874763568	
TENX	-0.3150671315479026	-0.6974099090689724	0.06727564597316715	6.1853790936	1.640054437330141	0.10494457812540292	0.9805651900350838	-4.444654277789848	
CO7	0.22445385013882857	-0.04904216537435285	0.49794986565201	6.88549202316	-1.6333682564705574	0.10634559638778844	0.9805651900350838	-4.4467078988062125	
VTNC	0.38877332336311893	-0.08670379885185181	0.8642504455780897	6.749413330506667	-1.6273272124654163	0.10762438957940333	0.9805651900350838	-4.448557001553245	
HRG	-0.2383101312171839	-0.5317290511200655	0.05510878868569771	7.018689292026667	1.6164506379598413	0.10995804639912969	0.9805651900350838	-4.451870943148962	
FA10	0.5289954838532028	-0.12685194263826438	1.18484291034467	6.298203239813334	-1.6053036787015413	0.11239181715235319	0.9805651900350838	-4.4552468531111735	
FHR2	0.33446920733506347	-0.08798334472202929	0.7569217593921562	6.81464210888	-1.5757461625707123	0.11905513681202914	0.9805651900350838	-4.464098053494552	
CO2	-0.2908725398750821	-0.6593412310607291	0.07759615131056485	6.706812199133333	1.571123001114489	0.12012533711071213	0.9805651900350838	-4.465469254658678	
CLUS	0.2416304654637424	-0.06985580115754741	0.5531167320850322	6.58943953096	-1.5439059549837568	0.12658214039379925	0.9805651900350838	-4.473468746550078	
IGKC	-0.45385517339903175	-1.0455967922912952	0.13788644549323176	6.5303152318	1.526487421444068	0.13085688329927084	0.9805651900350838	-4.478522657892928	
ECM1	-0.3685034949444912	-0.8512928087043378	0.11428581881535538	7.179841980173333	1.5191197769069729	0.13269899467920368	0.9805651900350838	-4.4806448693889545	
PROC	0.5479026166028371	-0.17175509422265345	1.2675603274283276	6.483435617653333	-1.5152540264472645	0.1336736890090595	0.9805651900350838	-4.481754690371183	
MMP12	0.5231944320519673	-0.17049564587164634	1.2168845099755807	6.530952853506666	-1.5010863856469792	0.13729417315610148	0.9805651900350838	-4.485800349746919	
CYTB	-0.34725162161068773	-0.8117716232933676	0.1172683800719922	6.51569600368	1.4878115259633844	0.14075601763113746	0.9805651900350838	-4.489560005438337	
CBPA3	-0.5700603007854816	-1.332859317292531	0.19273871572156764	6.09252309168	1.4873690097974155	0.1408725851735252	0.9805651900350838	-4.489684814570506	
SULF1	0.3102476409672029	-0.10502271316158784	0.7255179950959937	6.333448352346666	-1.4869131934213953	0.14099273530784232	0.9805651900350838	-4.48981333993069	
AACT	-0.3421983420363448	-0.8054035909944839	0.12100690692179422	6.728932432093333	1.4703220972015174	0.14542090197801658	0.9805651900350838	-4.4944672707660285	
BGH3	-0.2585653629041658	-0.6103083787986006	0.09317765299026887	6.634327318853333	1.4630289475903937	0.14740146026069895	0.9805651900350838	-4.496498115232917	
PRDX1	-0.23990017153214468	-0.5698792859797203	0.09007894291543087	6.57042829468	1.4469454586015824	0.15184336610187868	0.9805651900350838	-4.500944374533706	
CD14	-0.25587237471893354	-0.6078521219531396	0.09610737251527257	6.65111221916	1.4468175894092619	0.15187909241728823	0.9805651900350838	-4.50097954523665	
FCGBP	0.3403418171355564	-0.1300684517103029	0.8107520859814157	6.21636876104	-1.4399472240792355	0.15380825960955016	0.9805651900350838	-4.50286510615577	
PGS2	0.36066721479099495	-0.14136387612810197	0.8626983057100919	6.3806401995333335	-1.4298290202370727	0.1566838948844582	0.9805651900350838	-4.505627183854364	
F13A	-0.32227476026935353	-0.7743143762785325	0.1297648557398255	6.466519110106667	1.4189198095985598	0.15983068785145393	0.9805651900350838	-4.508585340651309	
APOA2	-0.27433233837259646	-0.6623863640562296	0.11372168731103671	6.790282501826667	1.4069960152363539	0.16332559969978827	0.9805651900350838	-4.51179500191813	
FETUA	0.5381475175654018	-0.2308175891920784	1.3071126243228819	6.206885753733333	-1.3928449156209375	0.16754917916084489	0.9805651900350838	-4.515572133484393	
CO3	-0.20949687834419714	-0.5097667039880063	0.09077294729961197	6.8040110155199995	1.388589636105472	0.16883543532197745	0.9805651900350838	-4.516701105983412	
CO5A2	0.3388774565156099	-0.14839224134101647	0.8261471543722363	6.208299765186666	-1.3841441756164103	0.17018722675016124	0.9805651900350838	-4.517877161371026	
C1QA	-0.23082649980547637	-0.567001178747299	0.10534817913634631	6.36109154832	1.36656005681174	0.17561535722510896	0.9805651900350838	-4.522495224751026	
PLTP	0.3663465830033204	-0.17363113492570853	0.9063243009323494	6.734761041906666	-1.350281636137554	0.1807567959558788	0.9805651900350838	-4.5267220901790335	
LYSC	0.3700083673237209	-0.17961806165027683	0.9196347962977186	6.430862021826667	-1.3398370801679504	0.18411513087035392	0.9805651900350838	-4.5294096126024845	
S10AB	-0.22935352049010369	-0.5716882195082874	0.11298117852808001	6.703885266773333	1.3334064286411949	0.1862061265519461	0.9805651900350838	-4.53105475193618	
HV372	0.2592784730928997	-0.12820733574444326	0.6467642819302426	6.848762974893333	-1.3317377605365641	0.18675162337079385	0.9805651900350838	-4.531480452562608	
A4	0.2917704276899014	-0.14429424350577574	0.7278350988855786	6.149645203013334	-1.3316755454706712	0.18677198505533796	0.9805651900350838	-4.531496315003218	
DERM	0.334530468613516	-0.16636278899333068	0.8354237262203627	6.3611598421733335	-1.3292251453559427	0.18757527916018496	0.9805651900350838	-4.532120529457458	
OMD	0.25401454905660037	-0.12880549798751983	0.6368345961007206	6.054982672853334	-1.3206020745118032	0.1904227745785131	0.9805651900350838	-4.53430874169486	
HSP7C	-0.20790799731101242	-0.5228734411222126	0.10705744650018775	6.445909489386667	1.313760929971219	0.19270482298764308	0.9805651900350838	-4.536035420859441	
HGF	0.3039473318942066	-0.15927810676357007	0.7671727705519833	6.147631594146667	-1.3059122310021316	0.19534812288071404	0.9805651900350838	-4.538006201894193	
CO4B	-0.23446306696096292	-0.5984341391832319	0.12950800526130601	6.833153732293333	1.2820814861180763	0.20353978588876115	0.9805651900350838	-4.543923067947273	
ITIH1	-0.16893906562563704	-0.43123998283627263	0.09336185158499855	6.65318557944	1.2818533239431111	0.20361942844115224	0.9805651900350838	-4.543979229921345	
COEA1	-0.32013812416061566	-0.8253661326606656	0.18508988433943435	5.67335645892	1.2611247021245948	0.21095175538305852	0.9805651900350838	-4.549042865846012	
HS71B	-0.221559113992829	-0.5740734379199194	0.13095520993426144	6.180691658693333	1.250895143426496	0.214641169866193	0.9805651900350838	-4.551513500768242	
LEG3	-0.25093280681229696	-0.6510714815702441	0.14920586794565022	6.516109216426667	1.2481160565700378	0.21565162152338851	0.9805651900350838	-4.5521814705828785	
CATB	0.23668102327466517	-0.1413804429550654	0.6147424895043958	6.802110956546667	-1.24597428488533	0.21643272976605366	0.9805651900350838	-4.552695314612332	
FHR3	0.3158044210294272	-0.1892314803196652	0.8208403223785196	6.666863558066667	-1.244526100014533	0.21696206016474587	0.9805651900350838	-4.553042290965965	
RNAS4	0.2678547269000399	-0.16299101455429654	0.6987004683543764	6.2991980489333335	-1.2373300644757088	0.21960638194475096	0.9805651900350838	-4.554760844428799	
SFRP3	-0.2949883762028539	-0.7713297577528762	0.18135300534716842	5.77162888052	1.2325219052472203	0.22138632136174288	0.9805651900350838	-4.55590395123891	
VINC	-0.25406709718067066	-0.6692061929914512	0.16107199863010985	5.822163064813333	1.2180436326030022	0.22680962520428097	0.9805651900350838	-4.559320985792858	
OLFL1	-0.2561777236941439	-0.6793264856213873	0.16697103823309956	6.447673346986667	1.2049148117118214	0.23181034724248145	0.9805651900350838	-4.562386927037675	
C1QB	-0.22128078125512404	-0.5906707399198936	0.1481091774096455	6.3253687373866665	1.1922481734756538	0.2367101696596503	0.9805651900350838	-4.565315474373571	
A2AP	-0.25815124021282687	-0.6908777650967104	0.17457528467105665	6.655156140093333	1.1873226537605301	0.23863551109653622	0.9805651900350838	-4.566446436151128	
A1BG	-0.18314372951892846	-0.49108171507274934	0.12479425603489244	6.996063753546666	1.1836869094683833	0.2400638972554433	0.9805651900350838	-4.567278434464905	
CD5L	0.277797332341307	-0.19093592878266435	0.7465305934652784	6.612382799493333	-1.179533702100688	0.24170308175764948	0.9805651900350838	-4.568225920997957	
MMP9	-0.4239109673521174	-1.16044783085844	0.3126258961542052	6.7514864181066665	1.1454818702218954	0.25544575091025606	0.9805651900350838	-4.575876301457185	
KNG1	0.21682120701584343	-0.16573501578514335	0.5993774298168302	6.821111548893334	-1.1280141363032945	0.2627063270645412	0.9805651900350838	-4.579718892096788	
KV320	-0.22223396232634582	-0.6168180467895507	0.17235012213685905	6.726050945693333	1.1209311054533766	0.2656914266457494	0.9805651900350838	-4.581261165680667	
LV861	-0.3537590510860755	-0.9828283471392794	0.2753102449671283	6.627686213173333	1.1192242906779648	0.26641429802279726	0.9805651900350838	-4.581631440207222	
SPON1	-0.23112116452829468	-0.6445676679786132	0.1823253389220238	6.20714653184	1.1125728275606048	0.2692444833069933	0.9805651900350838	-4.5830693175362605	
APOE	0.19874213683801542	-0.16259669322806766	0.5600809669040985	6.60344103696	-1.094670403225203	0.27696614522629853	0.9805651900350838	-4.586899116494128	
ICAL	-0.2180310743235961	-0.6160662452543076	0.1800040966071154	6.42092361728	1.0901970471313849	0.2789193717520555	0.9805651900350838	-4.5878469060252804	
IC1	-0.20757183663879356	-0.5868925830029045	0.1717489097253174	6.7537393362666664	1.0891053386903635	0.27939749634571215	0.9805651900350838	-4.588077653282441	
PA2GA	0.297228817584523	-0.248863782588715	0.843321417757761	6.21632528288	-1.0832599265181615	0.2819672101762901	0.9805651900350838	-4.589309434665243	
IGHG4	-0.2403276054914267	-0.6841396380153026	0.2034844270324492	6.781078660106667	1.0777366256354675	0.28441028616019925	0.9805651900350838	-4.590467566845072	
ITA1	-0.17509379639180145	-0.5049170861744988	0.15472949339089592	6.366165289626666	1.0565681024483464	0.2939085055665747	0.9805651900350838	-4.594854186481408	
CXCL7	0.2364529989592167	-0.21288403809036968	0.6857900360088031	6.64321894872	-1.0473230568368348	0.2981239795396437	0.9805651900350838	-4.596744046082427	
MGP	0.4955216308968071	-0.4497041014866183	1.4407473632802326	5.60677517156	-1.0433622910803795	0.2999425064044917	0.9805651900350838	-4.597548868221155	
MFAP4	-0.2798140592209357	-0.816137636773496	0.2565095183316246	5.700171954546667	1.0383665695087423	0.3022469458194228	0.9805651900350838	-4.598559854666801	
CD59	0.20241888466821886	-0.188242205088014	0.5930799744244517	6.552551131293333	-1.0312380420372576	0.30555594511399564	0.9805651900350838	-4.599994460255119	
CATL1	0.19020574705721324	-0.17863947657588633	0.5590509706903128	6.71850308408	-1.026331187873871	0.30784783803798854	0.9805651900350838	-4.600976488128648	
ITIH4	-0.17677618750570867	-0.5206930774705778	0.16714070245916052	6.925359871533333	1.0230063130606752	0.309407392289336	0.9805651900350838	-4.601639371730392	
PLMN	0.24124649470992113	-0.2287111790732065	0.7112041684930488	6.828690931466666	-1.021669248489147	0.3100360482909175	0.9805651900350838	-4.60190536566851	
HPTR	0.22991829792594454	-0.21910775086542555	0.6789443467173146	6.661368327613333	-1.0190841690257342	0.3112539268761292	0.9805651900350838	-4.602418697694659	
A1AG2	-0.26597660286770264	-0.7871982462384529	0.25524504050304764	6.768750060013334	1.015614865177262	0.31289342641165024	0.9805651900350838	-4.6031056656473055	
C1R	-0.1615089983838278	-0.47883941907684524	0.1558214223091897	6.83543523776	1.0129618086333476	0.31415109266978153	0.9805651900350838	-4.6036294981550165	
TSP1	0.235504435006203	-0.2283470639005954	0.6993559339130013	6.194313516493334	-1.010481067868845	0.31533013447902297	0.9805651900350838	-4.6041181251695615	
IBP3	0.22348498815175774	-0.22708760702381778	0.6740575833273332	6.58342294628	-0.9871692937530169	0.326554270724948	0.9805651900350838	-4.608653896246423	
COMP	0.19506829968033698	-0.19874939194611266	0.5888859913067866	6.557638355653333	-0.985824328223049	0.32720981850147535	0.9805651900350838	-4.608912498812158	
ANXA6	-0.17559489219092234	-0.5332337735635726	0.18204398918172793	6.361518506706667	0.9771814322102793	0.3314432003418225	0.9805651900350838	-4.6105662585765055	
NPC2	0.18179950070769288	-0.19154216773917535	0.5551411691545611	6.691491843173333	-0.9691573135621082	0.3354056578674871	0.9805651900350838	-4.612089139891344	
CO6	0.11728544073350075	-0.12464051261582465	0.35921139408282615	6.88925207648	-0.9648719881948542	0.33753451255239	0.9805651900350838	-4.612897516261561	
PCOC1	0.13863867415578324	-0.14794704947561332	0.4252243977871798	6.52698712716	-0.9628040304594195	0.33856498624630504	0.9805651900350838	-4.613286384318542	
PLF4	0.2812271123559286	-0.3018336050901425	0.8642878298019998	6.1282319084	-0.9599562933352805	0.33998739232234854	0.9805651900350838	-4.6138205767417055	
APOH	0.16961586511184326	-0.18689063522326863	0.5261223654469551	6.727422124693334	-0.9469064484682791	0.3465554559619335	0.9805651900350838	-4.616249117660661	
SAP	-0.2182265501705413	-0.6819072394934429	0.24545413915236033	6.366704917586667	0.9366916159919307	0.351753699016909	0.9805651900350838	-4.618127808054566	
AFAM	-0.16256625023148386	-0.5085675773535292	0.18343507689056143	6.981875542146667	0.9351056457167007	0.35256527633497614	0.9805651900350838	-4.618417741193928	
CADH1	-0.16311101856975246	-0.5102772299879383	0.1840551928484334	6.423924306293333	0.9350910600764656	0.3525727457398835	0.9805651900350838	-4.61842040542199	
CBPB2	0.155605567203602	-0.17577551625631097	0.486986650663515	6.936249721573334	-0.9345563069098201	0.35284666689451305	0.9805651900350838	-4.618518056420792	
CFAD	0.21994554061041	-0.2486148722823262	0.6885059535031461	6.451294678	-0.9342382032154275	0.353009676906732	0.9805651900350838	-4.618576119713227	
PON1	0.25770221658465803	-0.2915590478993531	0.8069634810686692	6.635641203906666	-0.933785738948471	0.3532416226563324	0.9805651900350838	-4.618658675047647	
C1QC	-0.1582877250145785	-0.49589729459171145	0.17932184456255446	6.41537227112	0.9331265452912043	0.3535797193376151	0.9805651900350838	-4.618778880860959	
QSOX1	0.13860104344110216	-0.15885796238846603	0.4360600492706703	6.69541700576	-0.927358021695614	0.3565472503342817	0.9805651900350838	-4.619827306465483	
GRP75	0.1948006253415087	-0.23205549972368653	0.6216567504067039	6.549556440653333	-0.9082740041728063	0.3664783036321675	0.9805651900350838	-4.6232512414663045	
ANGI	0.18106234563208598	-0.21631652132267362	0.5784412125868456	6.3938016114266665	-0.9068415914444622	0.3672307388467563	0.9805651900350838	-4.623505471054504	
IGHG3	-0.18553848706979287	-0.5941106368974638	0.22303366275787812	6.8387676761466665	0.9038020174360256	0.3688306498390016	0.9805651900350838	-4.624043665075437	
FA12	-0.16009169991501251	-0.5135355312614238	0.19335213143139882	6.742215375213333	0.9014807661034031	0.370055435197998	0.9805651900350838	-4.624453498971782	
PEDF	-0.16744979452831782	-0.5385607498664822	0.20366116080984648	6.49087164744	0.8980259761124867	0.37188308264376513	0.9805651900350838	-4.625061586898934	
CATS	-0.17525102458974984	-0.5663128045274872	0.2158107553479875	6.849873673933334	0.8919145491794915	0.37513007974360224	0.9805651900350838	-4.626131765327378	
PROZ	0.28896762557480493	-0.3578440202598345	0.9357792714094444	6.534504912266667	-0.8891589696011277	0.37659993856282103	0.9805651900350838	-4.626611992916893	
CCL18	0.177488084069129	-0.2210316350345983	0.5760078031728563	6.4454820750933335	-0.8863952928377343	0.37807774766428426	0.9805651900350838	-4.627092192083016	
HEMO	-0.18415611797344533	-0.5991466739300204	0.23083443798312975	6.7964527236666665	0.8831937624843045	0.379794231829761	0.9805651900350838	-4.627646666936619	
HSPB1	-0.1833002798219167	-0.5991601005504061	0.23255954090657271	5.902706493946667	0.8772517054732932	0.38299294979791854	0.9805651900350838	-4.628670643258623	
GELS	-0.12944724441014624	-0.4236910798373976	0.16479659101710512	6.472227440546667	0.8755752811443256	0.3838984329559608	0.9805651900350838	-4.6289583293972445	
CO6A3	-0.16139794478467231	-0.5301356966993819	0.20733980713003722	6.4754066735333335	0.8711409953842963	0.3862999425824385	0.9805651900350838	-4.6297167220804845	
CYTC	0.13770897941135837	-0.18050830328516124	0.455926262107878	6.608268839693333	-0.8612843422457727	0.3916714618820958	0.9805651900350838	-4.631389172618703	
PRDX2	0.21250590383225254	-0.2785659001902041	0.7035777078547092	6.867373848813333	-0.8612595617707146	0.3916850242935723	0.9805651900350838	-4.631393354125384	
TIMP1	0.2484679805403745	-0.32749226805929305	0.824428229140042	6.664073602586667	-0.858590294660526	0.3931476202705043	0.9805651900350838	-4.631843090552019	
CO5A1	0.1472557545012976	-0.19826085209286123	0.4927723610954564	6.28213094476	-0.8482256570023569	0.3988587055887596	0.9805651900350838	-4.633576595681511	
FBLN1	-0.15691502044561242	-0.5278542045733319	0.21402416368210705	6.32200712244	0.8419181276947281	0.4023590380713493	0.9805651900350838	-4.63462157024564	
FHR1	0.20797344922507352	-0.2853629254557113	0.7013098239058583	6.745414079626666	-0.8390209630027182	0.4039730767843023	0.9805651900350838	-4.635099015758424	
CATG	-0.24417017721380288	-0.825740858577009	0.33740050414940326	6.50774713432	0.8355994958741793	0.40588428668883014	0.9805651900350838	-4.635660812483321	
KVD20	-0.1920950087115801	-0.6499589328985844	0.26576891547542425	6.75841672204	0.835002372940732	0.40621839889413536	0.9805651900350838	-4.635758630762562	
GAS6	0.27655114932891084	-0.3868558917464509	0.9399581904042726	6.1517039704666665	-0.8296662931777031	0.4092115532253948	0.9805651900350838	-4.636629758208958	
SDF1	0.16391795401056686	-0.22962834669217108	0.5574642547133049	6.36081378872	-0.8289698693631325	0.4096031806475666	0.9805651900350838	-4.6367430518066834	
C1S	0.12696714262286993	-0.19129170188880198	0.44522598713454187	6.721870824573333	-0.793997106131639	0.42956051609407786	0.9993304505568734	-4.64231366922529	
LV319	0.19166382256641357	-0.288943160686206	0.6722708058190332	6.804077485373333	-0.7937031866200853	0.42973064665597926	0.9993304505568734	-4.642359498223092	
IGJ	0.1861633485604869	-0.2823171765676681	0.654643873688642	6.78272779048	-0.7908801864779564	0.4313667247444627	0.9993304505568734	-4.642798830960891	
HSP72	-0.15378413696532206	-0.5545291146156845	0.24696084068504043	6.199625510146666	0.7637504985657572	0.44727642001808365	0.9993304505568734	-4.646943289120678	
ANX11	-0.12398943081429867	-0.4490147313661168	0.2010358697375195	6.34508035396	0.7592338332714755	0.44995777359532285	0.9993304505568734	-4.647619604097725	
YBOX1	0.12749712487425513	-0.20823395440197273	0.463228204150483	6.466464474466666	-0.755817424745162	0.4519921031771421	0.9993304505568734	-4.648128573602065	
SRP14	-0.1714920347082503	-0.6236079625877722	0.2806238931712716	6.255588425373333	0.7549222073692456	0.45252604275582853	0.9993304505568734	-4.648261571478104	
FBLN4	0.10636187743479662	-0.1808896215498958	0.39361337641948907	6.21808725604	-0.7369393487515724	0.4633282814320633	0.9993304505568734	-4.650900646485356	
A1AG1	0.255483457455903	-0.4353709466540902	0.9463378615658962	7.014688969986667	-0.7360110076062164	0.46388988005472065	0.9993304505568734	-4.6510352009669855	
CO4A1	0.16766871974019693	-0.2863079410473584	0.6216453805277522	6.234336199813333	-0.7350664099376649	0.46446170928823904	0.9993304505568734	-4.651171941840526	
ITB3	0.15377364465382798	-0.2676012811291533	0.5751485704368093	6.659428564933333	-0.7263087464595254	0.469782308905367	0.9993304505568734	-4.652431549727438	
MFGM	0.14707176927233923	-0.2581748571073906	0.552318395652069	6.083838759493333	-0.7223005809824034	0.47222881887224966	0.9993304505568734	-4.653003124941227	
LBP	0.17986547645618597	-0.3177704359475809	0.6775013888599529	6.70637485132	-0.7193564692523727	0.47403039676594394	0.9993304505568734	-4.65342099563833	
CO6A2	-0.1394696888470519	-0.5279300941844982	0.24899071649039434	6.345696874386666	0.7145639930594744	0.47697125179874167	0.9993304505568734	-4.6540976472495545	
LECT2	0.11967292872329838	-0.21467185593731913	0.4540177133839159	6.394283185266667	-0.7123762329422125	0.47831712518617076	0.9993304505568734	-4.654405068939702	
HDGF	-0.13357980314596188	-0.5088539248768288	0.241694318584905	6.4914163829466665	0.7084353718071451	0.48074680383920254	0.9993304505568734	-4.654956510320285	
TSP2	0.15498879310628966	-0.2807095585401552	0.5906871447527345	6.048091303786666	-0.7079823564411881	0.48102654201532813	0.9993304505568734	-4.655019708791212	
ITB1	0.10436029756785171	-0.1912875844600686	0.400008179595772	6.377904546733333	-0.7025360133064975	0.4843967333290703	0.9993304505568734	-4.655776414116559	
S10A6	-0.1305475121668663	-0.5097825975277626	0.24868757319402998	6.514055923813333	0.6851223660279085	0.4952592753961679	0.9993304505568734	-4.658157479487774	
HTRA1	0.13868447463464414	-0.26581254526240017	0.5431814945316884	6.4116155992533335	-0.6823710205490793	0.49698760045611357	0.9993304505568734	-4.658528336210125	
TTHY	0.1162358470181041	-0.2237181841115132	0.4561898781477214	6.89878165844	-0.6804997102409482	0.49816497842912877	0.9993304505568734	-4.658779737321078	
ITGBL	0.12650921289328393	-0.2460581126307566	0.49907653841732447	6.423641473813333	-0.6758112930531056	0.501121431573135	0.9993304505568734	-4.659406633897563	
TRYB2	-0.2315584104843825	-0.9292016225016199	0.4660848015328548	5.864164783146666	0.6605949388760588	0.5107815589276119	0.9993304505568734	-4.661411984224796	
ITIH2	-0.1072106096398323	-0.4312633162080978	0.2168420969284332	6.90359375476	0.6584611675194435	0.5121440729620464	0.9993304505568734	-4.661689613801877	
PRG4	-0.10132581382096323	-0.4086486578409268	0.20599703019900034	6.70166784704	0.6561955974031144	0.513592858364898	0.9993304505568734	-4.661983428053881	
TRFE	-0.1262023740683166	-0.5127379694935646	0.2603332213569314	6.943132048733333	0.6498095451459387	0.5176882768815176	0.9993304505568734	-4.662806268811118	
S10AC	0.32103507343449833	-0.6723457778954418	1.3144159247644385	6.139723991413334	-0.6431981006065968	0.5219463120550301	0.9993304505568734	-4.66364983403157	
FBLN2	-0.133842760452672	-0.5523706438384987	0.28468512293315473	5.997227032493333	0.6364708871773601	0.5262976683372411	0.9993304505568734	-4.664499480315758	
HV102	-0.13793642877752302	-0.5703158536788224	0.29444299612377633	6.964259530013333	0.6349243945239986	0.5273006478778328	0.9993304505568734	-4.66469356246975	
FCN3	-0.15593042495870038	-0.6469721953089681	0.3351113453915674	6.8235665189066665	0.6320049516216121	0.5291967604939987	0.9993304505568734	-4.6650586838792485	
ITB2	0.17536778924184657	-0.3921133228639171	0.7428489013476103	6.698545888626667	-0.615044403741244	0.5402817338084878	0.9993304505568734	-4.667147163632116	
KV315	0.1384625929404008	-0.31226584077003294	0.5891910266508346	6.893671978506666	-0.6114001762344798	0.542678862807177	0.9993304505568734	-4.667588617958039	
FCG3A	-0.11898927414936006	-0.5101295227039149	0.27215097440519476	6.827064601706667	0.6054570815341239	0.5465997103673392	0.9993304505568734	-4.66830301892852	
FA9	0.14275946828950842	-0.3295040070993043	0.6150229436783211	6.47071502592	-0.6016288006546016	0.5491328977459127	0.9993304505568734	-4.668759570499625	
BCAM	-0.12601300797176238	-0.5560551777968216	0.30402916185329687	6.113976293026667	0.58319311640425	0.5614138828490287	0.9993304505568734	-4.670918259217233	
PGS1	0.12997720071406604	-0.3177046202583621	0.5776590216864942	6.15145060916	-0.5778375698341004	0.5650067075776719	0.9993304505568734	-4.671532958668197	
CERU	-0.1184041414846054	-0.5269237991535304	0.2901155161843195	7.03500422688	0.57684879421864	0.5656712680592508	0.9993304505568734	-4.671645837684781	
HV330	-0.09986999355295963	-0.4477056632152477	0.24796567610932846	6.971254599786667	0.5714377950712712	0.5693147841808008	0.9993304505568734	-4.672260186855607	
CO8A	0.10804541278286994	-0.26882753522273956	0.48491836078847944	6.772150577133333	-0.5705837821876145	0.5698908783836372	0.9993304505568734	-4.6723566278145245	
GRN	-0.11476762687316731	-0.515395117898964	0.2858598641526294	6.84159025292	0.5701468241898725	0.5701857480608787	0.9993304505568734	-4.67240591713214	
HV169	-0.13065234629651293	-0.5882068791581354	0.3269021865651095	6.754642212746667	0.5683062162373744	0.5714286471310899	0.9993304505568734	-4.672613131164105	
TIMP2	0.09285417624334896	-0.23314884643185446	0.4188571989185524	6.46122177652	-0.5668757381824797	0.5723955057057883	0.9993304505568734	-4.672773717161502	
SPRL1	0.15473466091226304	-0.39673708470408786	0.706206406528614	6.096534585346666	-0.5584346996065574	0.5781168554833256	0.9993304505568734	-4.673713189084821	
COFA1	-0.10686577414639428	-0.492671814741681	0.27894026644889247	6.404382766986667	0.5512868944919415	0.5829829808237139	0.9993304505568734	-4.674497860532957	
CD44	-0.09854335105180366	-0.4549194683219925	0.25783276621838513	6.660599453786666	0.5503345645426738	0.5836327805283555	0.9993304505568734	-4.674601652804087	
MMP2	0.09138455544003307	-0.24211771015616781	0.424886821036234	6.48083515284	-0.5453584795086714	0.5870336731420777	0.9993304505568734	-4.675141106025853	
IBP6	0.12595383205125976	-0.34245412989728824	0.5943617939998078	6.650305431266666	-0.5351742040684025	0.5940230925520655	0.9993304505568734	-4.6762301010890175	
OLFL3	-0.10943827007560729	-0.5276048035055053	0.30872826335429077	6.499576038	0.5208683899583604	0.6039060789728226	0.9993304505568734	-4.67772557918989	
HV439	0.10088238731638176	-0.2849430532691603	0.48670782790192385	6.900982340733333	-0.5203943173444501	0.6042348709541687	0.9993304505568734	-4.677774452056772	
SMOC2	0.09971282810875326	-0.2837924579445035	0.48321811416201	6.151511824053333	-0.5174730479767982	0.6062627151335596	0.9993304505568734	-4.678074640109169	
CMA1	-0.18263786704964977	-0.8856160603574056	0.520340326258106	6.126620251453334	0.5170791528516734	0.6065363806550645	0.9993304505568734	-4.678114988836737	
HV374	0.12535647541118475	-0.3588660483785474	0.6095789992009168	6.697658894213333	-0.5152403197862273	0.6078146858784368	0.9993304505568734	-4.678302948463223	
TETN	-0.10309898013851398	-0.5048664591194367	0.29866849884240876	6.432876129226667	0.5107256203163509	0.6109583587765142	0.9993304505568734	-4.678761620222765	
PDIA1	0.0722869940552446	-0.20989688071912743	0.3544708688296166	6.614752581213334	-0.5098424920801783	0.6115741560811474	0.9993304505568734	-4.678850875344301	
SPP24	0.18536419753543612	-0.5519249536957029	0.9226533487665751	6.098189568893333	-0.500375534595939	0.6181928897652517	0.9993304505568734	-4.679798081056373	
LTBP4	0.09402047835076885	-0.2817348831801044	0.4697758398816422	6.176155981533333	-0.4979953935848067	0.619861950783066	0.9993304505568734	-4.680033462386468	
HDGR3	-0.09171777422558099	-0.4669409817203681	0.28350543326920613	6.24505107952	0.4864877069581721	0.627959710390781	0.9993304505568734	-4.681155845178646	
LV147	0.08553386074567682	-0.2717750607152355	0.4428427822065891	6.743579400973333	-0.47643347760212157	0.63507229341497	0.9993304505568734	-4.682115218039388	
TAGL2	-0.11405747623606105	-0.5969787899637126	0.36886383749159046	5.93217873596	0.47006231979742064	0.639597275208417	0.9993304505568734	-4.682712888959931	
SFRP4	-0.11406949616441522	-0.6084936090405507	0.3803546167117202	6.4328009067066665	0.4591746838063358	0.6473616335311472	0.9993304505568734	-4.6837158047897915	
LUM	-0.08839353791391685	-0.47183289830228425	0.29504582247445055	6.249337683546667	0.4588089492822047	0.6476231380733519	0.9993304505568734	-4.6837490904094095	
ALBU	-0.08314477326280802	-0.44999919708093866	0.28370965055532266	6.972166577013334	0.4510755092364175	0.6531629726269292	0.9993304505568734	-4.684446761842301	
CFAI	-0.07812541022539439	-0.4241380363703373	0.26788721591954856	6.943615004933333	0.4493744946938522	0.6543841235916376	0.9993304505568734	-4.684598642230567	
HMCN1	0.0757400900355405	-0.2634999134458764	0.4149800935169574	6.24937988608	-0.4443516665379478	0.657995483665689	0.9993304505568734	-4.685043802546092	
HV315	0.09161082958153544	-0.3205558584415911	0.5037775176046619	6.80396504536	-0.44236624726070395	0.6594252307155849	0.9993304505568734	-4.685218397655745	
APOA	0.12715076554651883	-0.4458633442867377	0.7001648753797753	6.295997758893333	-0.44163320427865155	0.6599534331727963	0.9993304505568734	-4.685282664596812	
HV309	-0.07707743418098341	-0.4267548524401546	0.2725999840781878	6.780030498133334	0.4387000837598799	0.6620686527661268	0.9993304505568734	-4.685538758416602	
LAMC1	-0.07460126836946794	-0.4147956970255708	0.2655931602866349	6.302546555466667	0.43644253512034104	0.6636985581614584	0.9993304505568734	-4.685734715250039	
HS90B	0.07527836430496603	-0.2696118508440129	0.420168579453945	6.389496876066667	-0.4344075412778568	0.6651691745209574	0.9993304505568734	-4.685910495214972	
CAD13	-0.09608272138083024	-0.5367292152934227	0.34456377253176224	6.151775194013333	0.4339733209820725	0.6654831400575717	0.9993304505568734	-4.685947897126971	
FHR5	0.10803044812802239	-0.391008859407328	0.6070697556633727	6.38480623536	-0.4308434333676395	0.6677479889193397	0.9993304505568734	-4.686216395361572	
HPT	0.11165153620553786	-0.4043995021413969	0.6277025745524727	6.623393546466667	-0.43060602477645404	0.6679199086966779	0.9993304505568734	-4.686236682889756	
MANF	-0.08137278555417056	-0.46431842163677284	0.30157285052843175	6.70804834412	0.4229121024243005	0.6735010407860821	0.9993304505568734	-4.686888156352548	
CLC11	0.07670832312293975	-0.2849285272225932	0.4383451734684727	6.529267827573333	-0.42216076302821365	0.6740470478859963	0.9993304505568734	-4.686951150745331	
LRP1	0.059973308376439445	-0.22361158305220236	0.34355819980508123	6.490323722693334	-0.42090392250584274	0.6749607996385754	0.9993304505568734	-4.687056279368369	
S10A4	-0.0818631761656937	-0.4691533833094187	0.30542703097803126	6.187836337666667	0.42068800586512484	0.6751178251682086	0.9993304505568734	-4.687074308453151	
CO3A1	-0.12018216050826912	-0.6896835202346979	0.44931919921815966	5.848948789693333	0.42000387472601847	0.6756154551643598	0.9993304505568734	-4.687131372942556	
CO5	-0.060074083844276586	-0.34764490887763827	0.22749674118908508	6.808635056986667	0.4157673565178427	0.6787002655067427	0.9993304505568734	-4.687482695834468	
CATZ	0.07702698441977046	-0.30101825319351083	0.45507222203305175	6.732309052186666	-0.4055152391605606	0.6861879672061071	0.9993304505568734	-4.6883182506207115	
SRPX2	0.07611889202297718	-0.29880925652926754	0.4510470405752219	6.343704598453333	-0.4040661467471531	0.6872488793063365	0.9993304505568734	-4.6884346826569585	
SAA4	-0.08023993795534516	-0.4879843247912165	0.32750444888052616	6.574653203666666	0.39166128853731225	0.6963562465324965	0.9993304505568734	-4.689414457588233	
A2MG	0.07287127492639772	-0.2995824252258479	0.4453249750786433	6.662024804506666	-0.38939657738961686	0.6980238206408319	0.9993304505568734	-4.6895900571530795	
KV401	0.07720015474465368	-0.3312072461016948	0.48560755559100216	6.92706696852	-0.3762119814684736	0.7077613226540274	0.9993304505568734	-4.690592268547257	
VWF	0.09959818179931432	-0.4291698707197046	0.6283662343183333	6.620983442346667	-0.3748817147810376	0.7087465355246391	0.9993304505568734	-4.690691482580772	
DCD	0.08100777864015551	-0.3527415734137195	0.5147571306940305	6.57402066664	-0.37170289151748354	0.7111028224780979	0.9993304505568734	-4.690927151477695	
CO6A1	-0.06890183836869129	-0.4435702920125744	0.30576661527519183	6.329980923253333	0.3660089765867282	0.715330434306759	0.9993304505568734	-4.691344296363508	
CO1A1	-0.08939358146760801	-0.5803676396089588	0.4015804766737428	6.044574445066667	0.36237301283613643	0.718034732684055	0.9993304505568734	-4.691607324131346	
HDGR2	0.054771183277231024	-0.2517312829269404	0.36127364948140245	6.323888883866666	-0.3556527781338458	0.7230424643497659	0.9993304505568734	-4.692086598377318	
CO4A	-0.08215086961912117	-0.5495154113687131	0.3852136721304707	6.80066624392	0.3498359691029761	0.7273867768168074	0.9993304505568734	-4.692494239899144	
CD9	0.06984196048511991	-0.336258605978924	0.47594252694916384	6.331229096986666	-0.3422873756397344	0.7330378007873737	0.9993304505568734	-4.693013277627752	
CO1A2	-0.08369644358942986	-0.5723593717011336	0.40496648452227385	6.053870589346666	0.34088325386016083	0.7340905928077843	0.9993304505568734	-4.693108582207041	
PGBM	0.05112186753494757	-0.24786451773018492	0.35010825280008007	6.08522045488	-0.34030110031694755	0.7345272334219206	0.9993304505568734	-4.69314798152313	
HV349	0.07219430495199279	-0.35280871126340685	0.49719732116739246	6.931643689986667	-0.3380796130625506	0.7361942486272499	0.9993304505568734	-4.693297713015876	
APOC1	-0.06366857971036256	-0.4704643687919107	0.3431272093711856	6.66152637556	0.3114990801206692	0.7562365479618953	0.9993304505568734	-4.6950135800609125	
MIME	0.0833495184392467	-0.45158461933439337	0.6182836562128868	5.680805962946667	-0.31010647631091015	0.7572913600665286	0.9993304505568734	-4.695099623910549	
FGL2	0.05848375391783882	-0.3220137768709931	0.43898128470667075	6.484718348933333	-0.30590843593090294	0.7604738992630196	0.9993304505568734	-4.695356682537478	
MUC18	-0.06271669437865421	-0.4715171172821677	0.34608372852485925	6.1481207831599995	0.30533731248138024	0.7609071893806651	0.9993304505568734	-4.695391384547361	
A1AT	-0.05757370915700819	-0.44081675751967125	0.32566933920565483	7.02426709156	0.2989909057991082	0.7657270859488778	0.9993304505568734	-4.695772652360635	
ANXA7	-0.05229516442697724	-0.40224113894486296	0.2976508100909085	6.362474034146667	0.2974189157082402	0.7669224007720954	0.9993304505568734	-4.695865859127452	
HSP74	-0.04360728370274316	-0.34065907408540125	0.25344450667991497	6.522683098893333	0.29216952621549935	0.7709180292664116	0.9993304505568734	-4.696173561220832	
RARR2	-0.061327696425274955	-0.4815122599905152	0.3588568671399653	5.8871688637999995	0.2904856036778924	0.7722010837835562	0.9993304505568734	-4.6962711110314075	
FIBG	0.07082186845430374	-0.4244980242477284	0.5661417611563359	6.568316826133334	-0.2845703613994551	0.7767131773083864	0.9993304505568734	-4.696609329220604	
FBLN5	0.06342141929208452	-0.381959489117052	0.508802327701221	5.602370670706667	-0.2834082023082112	0.7776005701773673	0.9993304505568734	-4.696674963666508	
MSRE	0.057996302713277756	-0.35722722942322366	0.4732198348497792	6.692669254346667	-0.2779882277412831	0.7817430017759781	0.9993304505568734	-4.696977529168207	
ADIPO	0.05166624815985772	-0.32059464011371264	0.42392713643342805	6.386751186266666	-0.2762279189618954	0.7830897527323368	0.9993304505568734	-4.697074544486901	
LG3BP	-0.06032632633476405	-0.49536742839048437	0.3747147757209563	6.411495236866667	0.2759844696827964	0.7832760595436862	0.9993304505568734	-4.6970879132856425	
PRELP	0.05708527568064901	-0.35498574930591026	0.4691563006672083	6.118957933373333	-0.2757148006279756	0.7834824466014559	0.9993304505568734	-4.697102708207074	
CPXM2	0.06166308872279077	-0.3842952406420448	0.5076214180876263	5.93298329044	-0.2751940566912754	0.7838810338736548	0.9993304505568734	-4.697131237122476	
KVD15	0.06473481085835724	-0.4043971863056989	0.5338668080224134	7.076599939853334	-0.27463183812298453	0.7843114314857562	0.9993304505568734	-4.697161977881842	
IGLL5	-0.055891383028512674	-0.47387337629882326	0.36209061024179795	6.773874337266666	0.2661309222076665	0.7908272951933699	0.9993304505568734	-4.69761915117801	
CO8G	0.04939699059327401	-0.3216285963326036	0.42042257751915163	6.610501385106667	-0.26497486878408993	0.7917145612186278	0.9993304505568734	-4.6976802162594895	
APOC3	0.07849553513966238	-0.5145713846619624	0.6715624549412871	6.319347949786667	-0.26342034202715925	0.7929080871440121	0.9993304505568734	-4.697761911759949	
SFRP2	0.059757006153149425	-0.3961929995518453	0.5157070118581442	6.578024062986667	-0.2608432849187732	0.7948877739520062	0.9993304505568734	-4.697896288940358	
KLKB1	-0.037961286151755584	-0.32840958817999366	0.2524870158764825	6.883983149173333	0.26012382502397363	0.7954407016963196	0.9993304505568734	-4.697933569046695	
CO4A2	0.05607549461303566	-0.37555168173381515	0.4877026709598865	6.40048829164	-0.25856657756708795	0.7966378539636764	0.9993304505568734	-4.698013909061716	
LAMA5	0.05783351917189506	-0.40181193981068725	0.5174789781544774	6.122186830493334	-0.2504175148631492	0.8029104337114108	0.9993304505568734	-4.698426483504094	
COCA1	-0.05022269473335805	-0.46366366083140875	0.36321827136469265	5.988553207733333	0.24176562961041168	0.809584231189273	0.9993304505568734	-4.6988500965324596	
KVD11	-0.049301591444156176	-0.46183216938772326	0.3632289864994109	6.9612270438	0.23785530846958308	0.8126052003418393	0.9993304505568734	-4.699036679745808	
CFAH	0.03676779889006608	-0.2746216399523835	0.34815723773251567	6.68744749768	-0.23500213505295542	0.8148112537519046	0.9993304505568734	-4.6991709056311874	
LTBP1	-0.04456045611288976	-0.44388235089639244	0.3547614386706129	5.948878852666667	0.22209284101804108	0.8248110883438231	0.9993304505568734	-4.699758019719915	
CAPG	-0.04995022339309218	-0.505097472363221	0.40519702557703663	6.459574140306667	0.21842058605787593	0.8276610790001799	0.9993304505568734	-4.699918988829971	
APOC2	0.06294868597190346	-0.5148420174884044	0.6407393894322114	6.4573080486	-0.21683239871832535	0.8288943701589653	0.9993304505568734	-4.699987775679472	
PXDC2	0.03318155409019727	-0.272482676980236	0.3388457851606306	6.34387142092	-0.21605292863375006	0.8294998173858532	0.9993304505568734	-4.700021352480132	
COIA1	0.033109554498330945	-0.28609813679211404	0.3523172457887759	6.2886493116	-0.20643724061841337	0.8369771051985859	0.9993304505568734	-4.700425635614801	
FMOD	-0.045220816694263144	-0.48263215173232554	0.39219051834379925	5.79247030424	0.2057578549297398	0.8375059811719792	0.9993304505568734	-4.700453505118961	
S10AA	-0.035923265407312034	-0.38681747410702494	0.31497094329240083	6.603351149506667	0.2037547123559761	0.8390657863051985	0.9993304505568734	-4.7005351435293266	
FBN1	-0.039513994494157136	-0.42705254126492276	0.34802455227660845	6.3527608644799995	0.20292898535307197	0.8397089505353103	0.9993304505568734	-4.700568564140377	
HS90A	0.03751983923319098	-0.33138976026997885	0.4064294387363608	6.398882120173333	-0.20241797126208225	0.8401070374626365	0.9993304505568734	-4.70058917915276	
APOM	0.042364638043219056	-0.3750540329392499	0.459783309025688	6.770154091466667	-0.2019945651405968	0.8404369081656613	0.9993304505568734	-4.70060622063683	
APOD	0.04106843831347396	-0.378489689288076	0.46062656591502393	6.72039868636	-0.1948157681297596	0.8460341238013089	0.9993304505568734	-4.700889735076086	
HV551	0.03709230899392967	-0.3559061835967702	0.43009080158462953	6.906124019226667	-0.18784560555706678	0.8514762583724336	0.9993304505568734	-4.701155211049822	
SLPI	-0.042466590339792595	-0.5038883814464604	0.4189552007668752	6.22796504504	0.18317126609841952	0.8551299281815548	0.9993304505568734	-4.701327835879731	
S10A9	0.08799140378117974	-0.8687801204156028	1.0447629279779622	6.192775850666667	-0.1830374936833791	0.8552345375949523	0.9993304505568734	-4.701332712213583	
VTDB	0.026541286477532348	-0.26274863868217196	0.31583121163723665	6.89842773932	-0.18259829406001904	0.8555780078998227	0.9993304505568734	-4.7013486971098475	
CSPG2	-0.0330240511142321	-0.399757951812837	0.3337098495843728	5.95387929308	0.17922035997529837	0.8582206039672895	0.9993304505568734	-4.701470357190017	
FRIL	-0.06909872321407816	-0.8369399402581245	0.6987424938299681	6.440791058066667	0.1791045657223971	0.8583112200046744	0.9993304505568734	-4.701474487438875	
CATD	0.040011423052764165	-0.42764810939417036	0.5076709554996987	6.676968567373334	-0.17027945911212275	0.8652229112158581	0.9993304505568734	-4.7017814253851045	
S10AD	0.0374420739369636	-0.4057669728125962	0.4806511206865234	6.31075506608	-0.1681354672825469	0.866903662137477	0.9993304505568734	-4.701853655609939	
IBP7	0.04174767096778921	-0.5056451804012533	0.5891405223368317	5.5612830904	-0.1517893096373323	0.8797376060809593	0.9993304505568734	-4.70237429762047	
APOB	-0.028603212486005093	-0.4122544114587799	0.35504798648676966	6.640316239986666	0.148383738165529	0.8824156153452931	0.9993304505568734	-4.702476078950942	
TINAL	0.03527837697614902	-0.46313449657513384	0.5336912505274319	6.308515275106667	-0.1408728823784674	0.8883266608017168	0.9993304505568734	-4.70269239806269	
KV240	-0.03046057334562112	-0.4814389454618859	0.42051779877064366	6.890472874146667	0.1344282095378051	0.893403682234756	0.9993304505568734	-4.702869063015589	
IGHA2	-0.03213505608544786	-0.5203697363409981	0.45609962417010247	6.667649627066667	0.13099613814167024	0.8961092503517836	0.9993304505568734	-4.702959772330327	
PTN	0.03490430408177419	-0.5022038934733316	0.5720125016368799	5.773321795853334	-0.12933773702450402	0.8974170432932467	0.9993304505568734	-4.703002763740387	
TARSH	0.02294443710247205	-0.35953398076012094	0.4054228549650651	6.175896771613333	-0.11939290755860353	0.9052652357085005	0.9993304505568734	-4.703249085266153	
ZA2G	-0.02246224079343757	-0.40818500336115504	0.3632605217742799	7.017342357173334	0.11590064830851463	0.9080235121509214	0.9993304505568734	-4.703330914496374	
IGLC2	0.018813888494552383	-0.32964165338938417	0.36726943037848897	6.7736328126266665	-0.10745812167807024	0.9146962418642554	0.9993304505568734	-4.703518708074318	
IGHM	0.023399271158338356	-0.42717465185358083	0.4739731941702575	6.571400879786666	-0.10335805595768612	0.9179390570591297	0.9993304505568734	-4.70360479031888	
HV307	-0.018125722905817744	-0.371890470828682	0.33563902501704646	6.95617284368	0.10197385504068975	0.9190341632186878	0.9993304505568734	-4.703633096420872	
AEBP1	-0.02134314137050262	-0.4386117340385498	0.39592545129754453	5.90965825196	0.10180068474151481	0.919171177409044	0.9993304505568734	-4.703636610806278	
SERPH	0.022588869145366543	-0.4530595358494876	0.49823727414022073	6.478375918106667	-0.09451843020927272	0.9249351377107065	0.9993304505568734	-4.703778994978421	
IGHD	-0.023763109743016524	-0.5470014110555124	0.4994751915694793	6.593972468786666	0.0903882133189109	0.9282060414808124	0.9993304505568734	-4.703855057277242	
LV310	-0.018181136548581462	-0.44297191087158705	0.40660963777442416	6.800037519613333	0.0851832111719203	0.9323298700296201	0.9993304505568734	-4.7039460752335645	
FST	-0.018852160125433056	-0.46536713633627946	0.42766281608541334	6.373644048626667	0.08402976429829255	0.9332439795888148	0.9993304505568734	-4.703965514910981	
IGHG2	-0.014654685784820367	-0.3992714613495806	0.36996208977993983	6.863041352893333	0.07583266935466226	0.9397427104253261	0.9993304505568734	-4.704096033267049	
TRFL	-0.0285139980126337	-0.8164697243337684	0.7594417283085011	6.6322530080133335	0.0720218635148304	0.9427653715761859	0.9993304505568734	-4.704152154331907	
APOA1	0.015946726472329444	-0.42475488746276197	0.4566483404074208	6.624910902186667	-0.07201698892656422	0.9427692385574238	0.9993304505568734	-4.704152224266944	
PERM	0.027996703399677383	-0.7457952419209952	0.80178864872035	6.611979281453333	-0.07200965777472905	0.9427750543181951	0.9993304505568734	-4.7041523294370435	
AMBP	-0.008974063719948258	-0.25865686654181025	0.2407087391019137	6.652793586186666	0.07153335151524677	0.943152911993983	0.9993304505568734	-4.704159139418068	
FINC	0.013048078429839838	-0.37298803309164574	0.39908418995132544	6.425904208506667	-0.06727081377704949	0.9465349883985994	0.9993304505568734	-4.7042180714685395	
ANXA2	-0.010392288203813674	-0.3247520232912209	0.30396744688359356	6.578109124346667	0.06579491397637087	0.9477062613029085	0.9993304505568734	-4.704237633222162	
FIBA	0.014297976856065868	-0.4420878184772695	0.4706837721894013	6.510184335986667	-0.062352019769740384	0.9504389826404525	0.9993304505568734	-4.704281579260865	
SOST	0.018555386990736535	-0.6539191985341737	0.6910299725156468	5.739202641373334	-0.054916417208010444	0.9563428119572573	0.9993304505568734	-4.704368433617724	
CRIP2	0.014628844609359554	-0.5738281395984052	0.6030858288171242	5.5432395628	-0.04947700019117025	0.9606632454184794	0.9993304505568734	-4.704424995892155	
ANXA5	0.00838063735328049	-0.3604891672004051	0.37725044190696605	6.4893212661333335	-0.04521806751303617	0.9640468693123659	0.9993304505568734	-4.704465168896419	
TENA	0.009488309000528777	-0.4415231477146258	0.46049976571568335	6.60530808132	-0.041870611236542815	0.9667068124529989	0.9993304505568734	-4.704494208201099	
C1QBP	0.008999911244604863	-0.49708893189963743	0.5150887543888472	6.220052054146667	-0.03539317459815665	0.9718549342231584	0.9993304505568734	-4.704544061357064	
POSTN	0.007810189890830101	-0.4464236462614412	0.4620440260431014	6.239598564133333	-0.034220800657193025	0.972786844923621	0.9993304505568734	-4.704552191140129	
S10A8	0.01630034945881633	-0.9549474925370105	0.9875481914546431	6.081599811173334	-0.0334021870440894	0.9734375768829909	0.9993304505568734	-4.704557705439717	
ANXA1	-0.004810823713794818	-0.2941961529218374	0.28457450549424773	6.54137260524	0.033086512164404454	0.9736885178517601	0.9993304505568734	-4.704559796204983	
PROP	-0.005639645682521345	-0.35283680570174936	0.34155751433670667	6.488559914266666	0.0323283627755573	0.9742912080286206	0.9993304505568734	-4.70456473645659	
LTBP2	0.005720602428191869	-0.38510585778592205	0.3965470626423058	5.8822276366	-0.029131702232732443	0.9768325508204491	0.9993304505568734	-4.704584307253544	
GANAB	-0.005008520517896378	-0.35108135160446446	0.34106431056867176	6.572291144013334	0.028803814593161167	0.9770932352494532	0.9993304505568734	-4.70458619955345	
F13B	0.008043649553585486	-0.5640841454156895	0.5801714445228605	6.712407774946667	-0.027981316841272554	0.9777471663750789	0.9993304505568734	-4.704590852089163	
DEF1	0.011854860223159418	-0.849166752323548	0.8728764727698668	6.136606159973334	-0.0274025160093934	0.9782073541557957	0.9993304505568734	-4.704594045339029	
CO8B	-0.004129260768139664	-0.37606215057824127	0.3678036290419619	6.671543889173333	0.02209610783936545	0.9824266503078652	0.9993304505568734	-4.704620210052149	
LAMA4	0.0036904870051497436	-0.3307603529198744	0.33814132693017385	6.616050487746667	-0.021961370801739183	0.9825337910989368	0.9993304505568734	-4.704620801382482	
FIBB	-0.004788132846741456	-0.491717656188162	0.4821413904946791	6.607457016786666	0.019570780197393375	0.9844348030151162	0.9993304505568734	-4.704630691778304	
FRIH	0.00597710986418393	-0.6348113532049884	0.6467655729333563	6.502057362	-0.018564557838628738	0.9852349846063779	0.9993304505568734	-4.70463451426764	
SAMP	0.002681868008622082	-0.3746616702562587	0.38002540627350284	6.7176880355733335	-0.014145181930332654	0.9887495880170696	0.9993304505568734	-4.704648914306095	
SODE	-0.003831213079250084	-0.60093157210295	0.5932691459444499	5.583503497	0.012770180317060141	0.9898431361528525	0.9993304505568734	-4.7046526009394665	
LAMB1	0.0004899836528080524	-0.3894886887776422	0.3904686560832583	6.424345199106667	-0.002500626272795213	0.9980110544913174	0.9998209994358693	-4.70466822309761	
ANXA4	-0.0004083926626283953	-0.3579352761095468	0.35711849078429003	6.588175352413334	0.0022734074708583756	0.9981917792132614	0.9998209994358693	-4.704668331155864	
FBLN3	4.616244236513791e-05	-0.40819518026395524	0.40828750514868556	5.757364566986666	-0.0002250504315063565	0.9998209994358693	0.9998209994358693	-4.704668840963081	
