	logFC	CI.L	CI.R	AveExpr	t	P.Value	adj.P.Val	B	
IBP5	1.1160573379742094	0.5607602326844094	1.6713544432640093	6.568649175046511	-4.04067106391905	0.00019090326919567763	0.06032543306583413	0.357315372910711	
IGF2	1.0927509035297545	0.38912010482560355	1.7963817022339055	6.4801149000697675	-3.1222576139886336	0.003032877327886866	0.3992030403343147	-1.7669893490832242	
FETUA	1.3227523247074089	0.44874061891760186	2.196764030497216	6.524031453372093	-3.0426618141841657	0.0037899022816548864	0.3992030403343147	-1.9368886331884996	
A4	0.6726063156196147	0.19769644378934914	1.1475161874498803	6.37072014127907	-2.8473584514443577	0.006461375328152005	0.42260416589823246	-2.342023578094618	
OSTP	1.4351169774997026	0.4035028573477861	2.466731097651619	5.998064814860465	-2.7968065249697105	0.007394593144308935	0.42260416589823246	-2.4440306986273868	
MIF	-0.6742454081145697	-1.1760062394028132	-0.17248457682632623	6.521911046348837	2.7015539268054423	0.009499653048465225	0.42260416589823246	-2.6328828151274526	
THRB	1.0051525212880392	0.25340585279220984	1.7568991897838686	6.617473051348838	-2.688146008954163	0.009836727570138466	0.42260416589823246	-2.659106061409059	
SDF1	0.4888383409193057	0.1148679270640171	0.8628087547745944	6.4425281620232555	-2.627970079902385	0.01148905766589091	0.42260416589823246	-2.7756789095439647	
HGF	0.6042649075486995	0.1387701756918161	1.069759639405583	6.257310005209303	-2.6097866369302394	0.01203619459836738	0.42260416589823246	-2.8105392120340067	
MGP	1.272914604493317	0.26927602951493945	2.2765531794716947	6.052489219674419	-2.5498481862268836	0.01401259284532939	0.44279793391240874	-2.924229403431991	
CAD13	0.5014804330677096	0.08525448822161363	0.9177063779138056	6.4154962763953485	-2.4222404050295907	0.01923586430776991	0.45565900076165017	-3.1598681591349806	
FA10	0.9364067723204748	0.15510336814715675	1.7177101764937928	6.535413626232558	-2.4095571382673486	0.01984091256986088	0.45565900076165017	-3.1828006088489023	
RNAS4	0.5643543951877711	0.0872927540986263	1.0414160362769158	6.328892756186047	-2.378317402727843	0.021404887414412432	0.45565900076165017	-3.238900294802883	
MIME	0.6760975408212309	0.10418814164124968	1.2480069400012122	6.022602258651163	-2.3767008528194102	0.02148875206839535	0.45565900076165017	-3.2417882989001283	
BGH3	-0.5067053534867533	-0.9358134138356626	-0.07759729313784391	6.576875442767442	2.374002763893145	0.021629382947546686	0.45565900076165017	-3.2466052041490303	
PROC	0.9671553425310329	0.12060007570536813	1.8137106093566975	6.78795982672093	-2.2968536243893527	0.026016222894277557	0.49342743735614986	-3.3825802042474975	
COIA1	0.45235345165199403	0.05337391493899979	0.8513329883649883	6.457947382953488	-2.2793955006614404	0.027112854065148732	0.49342743735614986	-3.41287294217518	
IGHG2	-0.4770210146125828	-0.907363856188774	-0.046678173036391546	6.686415411162791	2.2285138034578056	0.03054721927324986	0.49342743735614986	-3.500139877505867	
KVD15	-0.566405136530226	-1.0846499295290155	-0.04816034353143639	6.860036400325582	2.197276119640949	0.0328417569499055	0.49342743735614986	-3.552953674884553	
HV169	-0.5231577125256941	-1.0049522461913447	-0.041363178860043426	6.627936075465116	2.1830473910259056	0.033936450271807264	0.49342743735614986	-3.576816137487727	
KVD20	-0.5412091720401717	-1.0405393959984623	-0.041878948081881195	6.620548877465116	2.179062534241808	0.0342487382585986	0.49342743735614986	-3.5834770902233757	
ADIPO	0.4286765230698735	0.032931863117050486	0.8244211830226966	6.588540202674419	-2.1777450540342564	0.034352543107073724	0.49342743735614986	-3.5856772335629454	
HV307	-0.47073984442746114	-0.9130385031489283	-0.02844118570599402	6.7725955449767445	2.139723896751453	0.03747008029437809	0.5032108819219451	-3.648716794440193	
SODE	0.6688756794456511	0.037826115406223604	1.2999252434850785	5.978812167674419	-2.1309552711970294	0.03822336536703116	0.5032108819219451	-3.6631300102749504	
ANGI	0.43000982889165035	0.020862664477058535	0.8391569933062422	6.393414460302325	-2.1129598108968386	0.039810987493824765	0.5032108819219451	-3.6925615414021395	
GAS6	0.7872798487391739	0.031252924047353914	1.5433067734309938	6.528004657069768	-2.093554508119093	0.041587367398525754	0.5054464653051591	-3.724074659669077	
CSPG2	0.4519748045690504	0.006778587833902561	0.8971710213041983	6.220284790488372	-2.0410571276016274	0.04674396092684657	0.5353515435939408	-3.8081504944854974	
SMOC2	0.44263458121496435	-0.0006482199880870065	0.8859173824180158	6.379403240953488	-2.0075060318193025	0.05032279712478874	0.5353515435939408	-3.8609735310159614	
CYTC	0.42886362569038416	-0.001034567052506874	0.8587618184332753	6.600095822046511	-2.0056077232508236	0.05053218386416305	0.5353515435939408	-3.8639408435479528	
FA9	0.49535659433730045	-0.0018668755227142508	0.9925800641973151	6.745113671790698	-2.0028975196774015	0.050832428426217525	0.5353515435939408	-3.868173271512301	
PEPD	-0.4309306570576208	-0.8667425403364264	0.0048812262211848645	6.520879951813954	1.9879283324749575	0.05251866408674735	0.5353515435939408	-3.8914654940748017	
KV401	-0.38448578601373035	-0.7803233296092283	0.011351757581767652	6.767900438697675	1.952790735564043	0.05666726196018316	0.5484698418101884	-3.945574110237182	
IGLC7	-0.7658357470672016	-1.5575663284840893	0.02589483434968598	6.341451523418605	1.9446910419002763	0.05766251831429602	0.5484698418101884	-3.9579336872951716	
B2MG	0.5661277112888082	-0.022410017112188596	1.154665439689805	6.474568066744186	-1.9338932822985322	0.05901257791628609	0.5484698418101884	-3.9743440327659547	
CERU	-0.42804839019305185	-0.876865688176553	0.020768907790449265	6.866032925348837	1.9174130599388224	0.061125254557256946	0.5518737268598055	-3.9992439903855272	
ITB1	0.36198033192374496	-0.024420499725906986	0.7483811635733969	6.505840783	-1.883385928507981	0.06569233430863188	0.5766327122646576	-4.050092069867527	
KNG1	0.42000444154195676	-0.031694675076719026	0.8717035581606325	6.931094130488372	-1.8693776314741692	0.0676551355985955	0.5778114283555723	-4.07080326518309	
LTBP4	0.4072373942051306	-0.052596301209958785	0.8670710896202201	6.3608458641627905	-1.7804888472249136	0.08130258842304595	0.6382618579227447	-4.199170042738754	
GRN	-0.45295985223737106	-0.9702875223241423	0.06436781784940021	6.747901492302326	1.7602988378379703	0.08470488342658551	0.6382618579227447	-4.227583335409845	
ANT3	0.3479578033595366	-0.054457759699590824	0.750373366418664	6.793884786930232	-1.7383779795647654	0.08853250994432937	0.6382618579227447	-4.258117154326667	
PROP	-0.39793157553064595	-0.8586442246849721	0.0627810736236803	6.442298058023256	1.736483516026908	0.08886995105259583	0.6382618579227447	-4.260740506699409	
CO2	-0.42081125583145357	-0.9142405856355258	0.0726180739726186	6.745007357302326	1.7145682880527349	0.09285172597752389	0.6382618579227447	-4.290907962906283	
F13A	-0.452337693825445	-0.9837975147772636	0.07912212712637368	6.419604449604651	1.7111368437080838	0.09348836311997477	0.6382618579227447	-4.295601522210013	
MMP9	-0.6606931357467117	-1.4414833832483214	0.12009711175489779	6.548694611604651	1.7012095596209924	0.09535053925915439	0.6382618579227447	-4.309134265130402	
FBLN4	0.33211932475874945	-0.06058881257791804	0.7248274620954169	6.293801389930232	-1.700265120472289	0.09552928378630231	0.6382618579227447	-4.310418155512318	
A2AP	-0.40823460721738825	-0.8917027665140342	0.0752335520792578	6.633855874348837	1.6975959912473908	0.09603593961736683	0.6382618579227447	-4.314043281028188	
HDGR3	0.3175365425710095	-0.06459048511289417	0.6996635702549132	6.435996545627907	-1.670622612193812	0.10128151169777545	0.6382618579227447	-4.350399686042289	
KVD11	-0.4110906348475925	-0.9059346970476272	0.08375342735244223	6.775401515627907	1.6701736191402634	0.10137078180799294	0.6382618579227447	-4.3510005758404295	
IGHG4	-0.3734699583087019	-0.8255461566052879	0.07860623998788407	6.725004906604651	1.6608730224083308	0.10323453196623698	0.6382618579227447	-4.36341591691483	
CO4B	-0.3553876371287142	-0.7857061819423053	0.07493090768487698	6.836341761744186	1.6603691409821149	0.10333630213854814	0.6382618579227447	-4.364086818478449	
TARSH	0.4119972335864875	-0.09133634248156636	0.9153308096545414	6.401861407930233	-1.645624701813207	0.10635086925420749	0.6382618579227447	-4.383639742166033	
LAMA5	0.5349044409905334	-0.1417706795081497	1.2115795614892164	6.253940278302325	-1.5892360007277353	0.11854918138920564	0.6382618579227447	-4.457003886731136	
FGL2	0.34200022225875204	-0.09294976476545502	0.7769502092829591	6.789963294930232	-1.5808092406604068	0.12046573425307068	0.6382618579227447	-4.467773694707348	
LTBP1	0.34648033026500424	-0.0987902123218623	0.7917508728518707	6.205666365488372	-1.5643971631790274	0.1242701998187849	0.6382618579227447	-4.488603585756977	
LV310	-0.37378043006274697	-0.8544171003774982	0.10685624025200424	6.655725581534884	1.5634790163001375	0.12448585843360672	0.6382618579227447	-4.489763188073151	
HV330	-0.3483819790260872	-0.8008813157797312	0.10411735772755687	6.8704871064651165	1.5478545023473	0.12820216742417023	0.6382618579227447	-4.509403964385858	
C1QA	-0.3222956739503343	-0.7429416932768589	0.09835034537619025	6.524988927790698	1.5403878790568932	0.1300092612344282	0.6382618579227447	-4.518727931615477	
HV315	-0.3591663442971198	-0.8282556928506781	0.10992300425643847	6.633138111302325	1.539332584116207	0.13026630356977978	0.6382618579227447	-4.52004249737155	
CRIP2	0.5037833376853148	-0.16156192566452066	1.1691286010351503	5.832416080069767	-1.5222610308666373	0.13448124843279222	0.6382618579227447	-4.5411966939087645	
PLF4	0.6725207991591861	-0.2166408574308506	1.5616824557492226	6.154644405465116	-1.5206084304115315	0.13489498269149042	0.6382618579227447	-4.543233336952015	
PLTP	0.4919441457645846	-0.158996135692464	1.1428844272216332	6.622302688813954	-1.5193822525651608	0.1352026157227625	0.6382618579227447	-4.544743185708705	
S10A8	-0.7296085316039715	-1.6964081240685465	0.23719106086060338	5.500255778930232	1.5172105185247036	0.13574884889814934	0.6382618579227447	-4.547414671038695	
IGKC	-0.5210959047020531	-1.2117381899952289	0.1695463805911226	6.468461954046512	1.5168998030784493	0.13582714338095536	0.6382618579227447	-4.5477966080038374	
IGLC2	-0.30088333341443013	-0.7021117905696828	0.10034512374082255	6.617829613395349	1.507644000906655	0.13817596567042081	0.6382618579227447	-4.559141931720169	
SPRL1	0.48561492877281837	-0.16546787022534032	1.136697727770977	6.272825138139535	-1.4995059983401715	0.14026769303241718	0.6382618579227447	-4.56906577006202	
KV240	-0.3893429058189011	-0.9146768711898811	0.1359910595520789	6.742337258441861	1.4900100056674315	0.142740138221007	0.6382618579227447	-4.5805847480114465	
HV102	-0.3701815351769979	-0.8721109509422059	0.13174788058821008	6.878623891604651	1.4827382924971488	0.14465667805769222	0.6382618579227447	-4.589361205207098	
SULF1	0.3429395537556725	-0.12505069489679987	0.8109298024081448	6.3742418768372096	-1.473238888830697	0.1471909183500527	0.6382618579227447	-4.6007682202582325	
CD9	0.3497161665827345	-0.12857432077660563	0.8280066539420747	6.428381175953488	-1.4699967200749755	0.14806383061545814	0.6382618579227447	-4.604646371421542	
MFGM	0.3542315366784976	-0.13073112689668948	0.8391942002536847	6.249298639232558	-1.4684910996920555	0.14847058407815522	0.6382618579227447	-4.606444719823352	
PXDC2	0.2723353770849777	-0.10092246769091817	0.6455932218608735	6.451402210232558	-1.4668561187807385	0.14891328141446106	0.6382618579227447	-4.608395701067419	
RNAS1	0.4233747188700329	-0.160602288723995	1.0073517264640608	6.162601792325582	-1.4575436602293457	0.1514546254720742	0.6382618579227447	-4.619470694184697	
PEDF	-0.3619639048352619	-0.8667315649060863	0.1428037552355625	6.5666243135813955	1.441670932756002	0.15586462834760795	0.6382618579227447	-4.638200947153006	
KV320	-0.39360491399148567	-0.9427134565973337	0.1555036286143624	6.667105208627907	1.4411019686492987	0.15602455323804826	0.6382618579227447	-4.638868902456876	
VTNC	0.4198500197489687	-0.1672349213948569	1.0069349608927942	6.741370921488372	-1.437757484380561	0.15696722051901368	0.6382618579227447	-4.642790459922633	
CD59	0.3175515727297988	-0.12739902289102994	0.7625021683506275	6.548077190348837	-1.4348115875878327	0.15780122628055582	0.6382618579227447	-4.646237832835363	
MANF	-0.3778098661650516	-0.9073814132640132	0.15176168093391013	6.632594959581395	1.4343034781975303	0.15794542535061962	0.6382618579227447	-4.646831790527512	
FCGBP	0.43727164071395647	-0.1768068459491628	1.0513501273770758	6.075911477139535	-1.4315938668215729	0.15871613912294438	0.6382618579227447	-4.649995994833621	
FCG3A	-0.36576818563447777	-0.8812653659031153	0.14972899463415978	6.737034483534884	1.42650084686776	0.16017272411843053	0.6382618579227447	-4.655928820176134	
HSPB1	0.2784297700919041	-0.11716937739882288	0.6740289175826311	6.1513101250697675	-1.4149878854076954	0.16350378170532875	0.6382618579227447	-4.66926960188581	
CYTB	-0.37841214069672824	-0.9162004376994093	0.1593761563059528	6.525248125790697	1.4146405873580463	0.16360509649285546	0.6382618579227447	-4.669670514991728	
HV551	-0.35170286480035884	-0.8599443310632235	0.15653860146250587	6.752418160023256	1.3912276820473013	0.1705483322005195	0.656994564403174	-4.696491709927065	
LYSC	0.3757806476449633	-0.16986819091887834	0.9214294862088048	6.262886145837209	-1.3845657214437088	0.17256502799197293	0.656994564403174	-4.7040490751081245	
S10A9	-0.6292489504490821	-1.5517557787495742	0.2932578778514098	5.68381879516279	1.3713405251804482	0.1766229705757886	0.6614281435389086	-4.718953862980648	
CFAB	-0.3053687170097762	-0.7561676843885962	0.14543025036904378	6.789182126581395	1.3618649156110834	0.179575230856185	0.6614281435389086	-4.729552604678872	
C1QB	-0.3264845837346335	-0.8089452978670525	0.15597613039778546	6.511912899046512	1.3604830134161974	0.18000892514033587	0.6614281435389086	-4.731092694419455	
TETN	-0.34859719849901216	-0.8668642212044928	0.16966982420646848	6.500511688813954	1.3522678312823366	0.18260375191441033	0.663250409252341	-4.740218772202706	
LBP	-0.4853285425157985	-1.2108855110747265	0.24022842604312955	6.309577435604651	1.3447969500779093	0.18498822883705482	0.6642759126421514	-4.748474118913966	
ITIH4	-0.2760584037481169	-0.6929920000377795	0.14087519254154568	6.889274613372093	1.3311484185375093	0.18940566391894614	0.6717687987673581	-4.7634475944624075	
HEMO	-0.36068150238311286	-0.9102675367842925	0.18890453201806684	6.755680202232558	1.3194124616077905	0.19326780801071872	0.6717687987673581	-4.776210771548032	
AACT	-0.3362347972919497	-0.8487865013568481	0.17631690677294864	6.777606319627907	1.3188559868759662	0.19345240723996704	0.6717687987673581	-4.776813375860616	
A1AG1	-0.48535892143746995	-1.2308469709363352	0.2601291280613953	6.515167125581395	1.3089249039760444	0.19676933870145683	0.6758599024963082	-4.787528408503797	
PROZ	0.5705289612020902	-0.31020343023586705	1.4512613526400475	6.785249259813954	-1.3023452362020655	0.1989904564389213	0.6761396154268724	-4.794586434633512	
PRG4	0.2661164314536147	-0.14935819860990435	0.6815910615171337	6.897975635813953	-1.2877144854977658	0.20399705161132076	0.6804537753651824	-4.810163429995551	
PGCA	0.36438053306785134	-0.20668121573088627	0.935442281866589	6.00035973955814	-1.2828163771813652	0.20569412215897012	0.6804537753651824	-4.815342062286157	
HV309	-0.24046413821113072	-0.6183721365314383	0.13744386010917692	6.738096713697675	1.279253555912533	0.2069351808051441	0.6804537753651824	-4.819097489098191	
IBP3	0.3406082015856142	-0.19873948327280877	0.8799558864440372	6.736012524883721	-1.2696344039752998	0.21031386023455642	0.6804537753651824	-4.829188459389185	
KV315	-0.3519958698225655	-0.9102617510969595	0.20627001145182855	6.627671513139535	1.2676194113303014	0.21102680375249325	0.6804537753651824	-4.831293369186812	
HRG	-0.2410182588160495	-0.6281874267076579	0.14615090907555894	7.045442070604651	1.2515309078427543	0.2167839839282905	0.6868998822572173	-4.8479888186435005	
C1QC	-0.2800513933231506	-0.7313790562430651	0.1712762695967639	6.550292586488372	1.2474931923688297	0.21824699188098387	0.6868998822572173	-4.8521478500209545	
LV321	-0.28284499808431773	-0.7403460367950254	0.17465604062638995	6.891039775697674	1.2429361471530316	0.21990694691340218	0.6868998822572173	-4.856826847122588	
CO3	-0.23170346323796068	-0.6103582799733036	0.14695135349738228	6.8499326419534885	1.2302161932963604	0.2245897384067972	0.6868998822572173	-4.869803111347226	
APOB	-0.2841185139881124	-0.7490335386141227	0.18079651063789792	6.500135426813953	1.2286221846946432	0.22518170968014584	0.6868998822572173	-4.871420499162661	
CATD	-0.3814913523535299	-1.0069540536279238	0.24397134892086408	6.486210096395349	1.226240572556614	0.22606831567959051	0.6868998822572173	-4.87383341151974	
IGHG3	-0.32063180654969303	-0.8524524505829747	0.21118883748358863	6.765084309581395	1.2120870472292844	0.2313903115149082	0.6869088415809823	-4.888083111651901	
SLPI	0.2800963999673139	-0.1855098068414774	0.7457026067761052	6.36353929727907	-1.2094311935937399	0.2323991099790958	0.6869088415809823	-4.890739855500557	
MUC18	0.262161688504179	-0.1738147559093396	0.6981381329176976	6.386208348325582	-1.2089228886841343	0.2325925507884972	0.6869088415809823	-4.891247712059605	
APOA4	0.313543119064889	-0.2118760149331596	0.8389622530629377	6.722976130511628	-1.1997307488659192	0.2361110684150489	0.689832438882853	-4.9003974166332265	
PRELP	0.28211291480387585	-0.19252053830146515	0.7567463679092168	6.164442620581395	-1.1949700570051651	0.2379485311336423	0.689832438882853	-4.905110537388467	
A1BG	-0.22871326836306355	-0.6207754069250306	0.1633488701989036	6.977096145837209	1.1728132273994623	0.24663734467323736	0.7045041371970668	-4.92681569035731	
CO5A2	0.3220096993735593	-0.23096688912554886	0.8749862878726674	6.245382476790698	-1.1707242342285968	0.24746822540783045	0.7045041371970668	-4.928842510026819	
CO7	0.2510545280129275	-0.19279045066907952	0.6948995066949345	6.795344750023256	-1.1371798287547825	0.26108778922702786	0.7265201234362721	-4.960924759931581	
APOC2	0.4291757496917345	-0.32980648123537865	1.1881579806188476	6.676216003511628	-1.1368311521000867	0.2612321122631676	0.7265201234362721	-4.96125364357794	
HV439	-0.24223607634024502	-0.6714116632492776	0.18693951056878755	6.744139714116279	1.1347396061973927	0.26209903187257916	0.7265201234362721	-4.963224472310162	
IGLL5	-0.24922669096543432	-0.7015508835830102	0.20309750165214152	6.659474201906977	1.1077382051542881	0.2734750829472912	0.742842884117138	-4.988360921737748	
ECM1	-0.32517833502048227	-0.9160463444319644	0.26568967439099994	7.286111540813954	1.1064289373923923	0.27403541530109865	0.742842884117138	-4.989565273068954	
CADH1	0.24097350586826502	-0.19781838261274096	0.679765394349271	6.555172646488372	-1.1040865146230971	0.2750399286129909	0.742842884117138	-4.991716640205685	
CFAI	-0.2247066365999571	-0.6369726337264219	0.18755936052650762	6.9401225017674415	1.0957987043583184	0.27861483395448994	0.7458629609523598	-4.999293957169345	
FBLN3	0.2698121432460407	-0.22785324332267304	0.7674775298147545	5.972347072837209	-1.0899747961223158	0.28114637581976065	0.7458629609523598	-5.004586373118254	
C1R	-0.22231518149986396	-0.6361709970336273	0.19154063403389937	6.824196238255814	1.0799719069461249	0.2855319311035113	0.7458629609523598	-5.013614243821351	
SRP14	0.22239549211034437	-0.19245682461249924	0.637247808833188	6.47746239727907	-1.07776694601979	0.2865050318456875	0.7458629609523598	-5.015593701689236	
IGJ	-0.30222098419265314	-0.8725289613132374	0.2680869929279312	6.54194402672093	1.0653874316620981	0.2920112759092681	0.7458629609523598	-5.026636115695544	
S10AC	-0.5642009838671767	-1.6302808049858597	0.5018788372515064	5.468350098302325	1.0639874759275876	0.2926385430472152	0.7458629609523598	-5.027877267155542	
RARR2	0.25195587577008244	-0.2256644847175739	0.7295762362577387	6.05999634055814	-1.06055710705889	0.294179503865517	0.7458629609523598	-5.03091198073305	
DEF1	-0.4335921539798127	-1.2639648302549076	0.3967805222952822	5.730644183232558	1.0497859707934607	0.29905444619188787	0.7458629609523598	-5.040380447932375	
SPP24	0.3987284492119691	-0.3709196999326774	1.1683765983566157	6.382451696046512	-1.0415434549289697	0.30282231193753906	0.7458629609523598	-5.047564219361266	
TENA	-0.2864935969121858	-0.8403641411044311	0.26737694728005956	6.546251184418605	1.0399178925789827	0.3035692257406884	0.7458629609523598	-5.048974638295514	
CXCL7	0.2672415013389169	-0.25359349106159523	0.788076493739429	6.5322665999069764	-1.0315639300611403	0.3074276132100925	0.7458629609523598	-5.05618996587014	
HPT	-0.2805462856294895	-0.8277328624839573	0.2666402912249782	6.559886407372093	1.0307693300724436	0.3077963461488462	0.7458629609523598	-5.056873384961505	
IPSP	-0.2562458761869858	-0.758924968480941	0.24643321610696944	6.578171027744186	1.0248456512602586	0.3105547318398164	0.7458629609523598	-5.061952452193384	
A1AG2	-0.2966149963941181	-0.8792411576309163	0.28601116484268	6.783802248232559	1.0235180897461105	0.311175217676102	0.7458629609523598	-5.063086911580588	
LECT2	0.19926993480990163	-0.19246334125143832	0.5910032108712415	6.437642080511628	-1.022689304467825	0.3115630090054161	0.7458629609523598	-5.0637944362465515	
TRFE	-0.2608976011203868	-0.7781775661483172	0.2563823639075436	6.892581432534883	1.013997368330903	0.31564978793329923	0.7499649096761095	-5.071181814756123	
PA2GA	0.2848805017128424	-0.29227848917769605	0.8620394926033809	6.283261397	-0.992338086075811	0.32599090860885516	0.7639689251856362	-5.089329099389536	
LRP1	0.1660110030854802	-0.17059484107009135	0.5026168472410517	6.517838418883721	-0.9915340245412512	0.32637912943057246	0.7639689251856362	-5.0899955971289685	
CFAH	-0.16921106620208753	-0.516682280792174	0.17826014838799897	6.655915762209302	0.9790442688762407	0.3324492688854708	0.7699029086946274	-5.100282347625497	
CFAD	0.2489219294994156	-0.2636641662985506	0.7615080252973818	6.321046934860465	-0.9763122467194805	0.3337870205416581	0.7699029086946274	-5.102515893526404	
HEP2	-0.23092149990642305	-0.7093227895729413	0.24747978976009513	6.785961043209302	0.9704304780095524	0.33667920302874943	0.7709465808484407	-5.107304263000897	
PDIA1	-0.17214646681615067	-0.5323752562944789	0.18808232266217753	6.516263194604651	0.9607537642820981	0.3414735005979608	0.7762994689852921	-5.115121943555178	
ANXA4	0.19634900416605397	-0.21781407466422167	0.6105120829963296	6.681995906209302	-0.9531246956866822	0.345284918273959	0.7793573869612218	-5.121232540299026	
SPON1	0.24410455972406797	-0.27351477812680114	0.7617238975749371	6.4989261586744185	-0.9481079732287713	0.3478064184985111	0.7794810513867342	-5.125225339202818	
SAP	-0.249904752272077	-0.7915349232518348	0.2917254187076809	6.35607100472093	0.9276071049938324	0.358235696210058	0.7828975530884406	-5.141332112329373	
COCA1	-0.2468616850118251	-0.7846671909775507	0.29094382095390053	6.073671774930233	0.9228281732940322	0.3606957283903388	0.7828975530884406	-5.145038219193727	
PROS	0.21064266436983178	-0.25422290509343837	0.675508233833102	6.568357857418604	-0.9109852771083939	0.36683903751881397	0.7828975530884406	-5.154143301962401	
S10A4	0.22310847718589147	-0.2695423478454173	0.7157593022172002	6.331673613232558	-0.9104775829135029	0.3671038911739056	0.7828975530884406	-5.154531104034337	
LEG3	-0.22922353885445462	-0.736768432066498	0.2783213543575887	6.584430562	0.9079818149480839	0.36840766881853027	0.7828975530884406	-5.156434475726202	
FIBB	-0.2321067209286106	-0.7506875383675536	0.2864740965103324	6.551866272790698	0.899836629726149	0.37268332240060753	0.7828975530884406	-5.162611381274914	
ZA2G	-0.21701328531381697	-0.7022784928131891	0.26825192218555516	6.975602747604651	0.8990825468064538	0.3730807609020734	0.7828975530884406	-5.163180534130087	
FCN3	-0.22174630475841325	-0.7249833618953296	0.2814907523785031	6.788180951906977	0.8858826114738709	0.3800815646011878	0.7828975530884406	-5.173068986509729	
AEBP1	0.1921539530135889	-0.24525414420755454	0.6295620502347323	6.141634715395349	-0.8831915489599588	0.38151897089368303	0.7828975530884406	-5.175067664391308	
CO3A1	0.25393973590376584	-0.32425335918517983	0.8321328309927115	6.044216162325581	-0.882978568372996	0.38163287926071054	0.7828975530884406	-5.175225597089394	
FMOD	0.1931320513285437	-0.2496937805316111	0.6359578831886985	6.022412731581396	-0.8768267810138454	0.384932322376514	0.7828975530884406	-5.179771532874771	
S10AD	0.22148625590179125	-0.2890172587094987	0.7319897705130812	6.438436461906977	-0.8722489296427904	0.38739923940584864	0.7828975530884406	-5.183134517660957	
COMP	0.23763289170060387	-0.31144136084013385	0.7867071442413416	6.572290133651163	-0.8700974055746814	0.3885620816537866	0.7828975530884406	-5.184709211098486	
LV861	-0.2471924753209286	-0.8188173946841568	0.32443244404229965	6.735326826488372	0.8693937088077582	0.38894288655074694	0.7828975530884406	-5.1852234308794625	
APOD	-0.23013338168160247	-0.7690941044715732	0.3088273411083683	6.505338650418604	0.8584497971024265	0.39489529396212497	0.7828975530884406	-5.19316894510028	
PGS1	0.22227917339433734	-0.30048632918947116	0.7450446759781458	6.276227571395348	-0.8548388517306471	0.3968716938505261	0.7828975530884406	-5.195769261200356	
PGBM	0.16282760230032223	-0.22174559003245214	0.5474007946330965	6.187550925325581	-0.8512192182881951	0.39885901503185606	0.7828975530884406	-5.198365215098839	
ITGBL	0.18303177781373747	-0.2520984231388327	0.6181619787663076	6.449898642441861	-0.8456675588175651	0.4019190757051496	0.7828975530884406	-5.202326124124088	
FRIH	-0.3011629687773349	-1.0192287241201117	0.41690278656544194	6.2221691945813955	0.8431983612900117	0.40328474630073274	0.7828975530884406	-5.204079764112614	
F13B	-0.22776652830570812	-0.7729031416214848	0.3173700850100686	6.6702230582558135	0.8399954821913772	0.4050604688787167	0.7828975530884406	-5.206347087894749	
DERM	0.22248001490274463	-0.31221533705528526	0.7571753668607745	6.3707210121860465	-0.8365212850842934	0.4069920554255023	0.7828975530884406	-5.208797049098902	
PRDX1	-0.17535138021644622	-0.5989954312468926	0.24829267081400017	6.574350484046511	0.8321478131794119	0.4094316627024811	0.7828975530884406	-5.211867210943044	
OMD	0.21215364780954085	-0.3013553176220749	0.7256626132411566	6.0985218278837205	-0.8306056346662928	0.41029405501249694	0.7828975530884406	-5.212946103532995	
CO4A2	0.2081540397991405	-0.2966524659594676	0.7129605455577486	6.520846985209302	-0.8289957432691357	0.41119549936301447	0.7828975530884406	-5.214070302419966	
PCOC1	0.14175678892021798	-0.2025053870161012	0.4860189648565372	6.555799405790697	-0.8278410491660517	0.4118428062276943	0.7828975530884406	-5.21487533447846	
APOA	-0.32199093053646216	-1.1098383309615711	0.46585646988864676	6.157496850348837	0.8216633818113784	0.4153165054735005	0.7828975530884406	-5.21916385119133	
CO6A2	0.187838683451186	-0.27338051359278037	0.6490578804951525	6.481306199046512	-0.818785343619736	0.41694090357110836	0.7828975530884406	-5.22115116041623	
LV147	-0.1502238321497178	-0.5236885031878714	0.22324083888843582	6.658289184697675	0.8086893273467292	0.4226696918417766	0.7828975530884406	-5.228069150855498	
C1S	-0.16928228812459678	-0.5910926360400172	0.2525280597908236	6.612704003883721	0.8068386438380178	0.4237249614637134	0.7828975530884406	-5.229328258345245	
CATB	-0.18871059520286837	-0.6590377907746932	0.2816166003689564	6.62560250772093	0.8066564165327685	0.4238289543547258	0.7828975530884406	-5.229452085033632	
CD44	-0.19607374622204563	-0.6876388531189473	0.29549136067485604	6.644594714674419	0.8019195458093025	0.42653757520119173	0.7828975530884406	-5.232661362231688	
CTHR1	0.17326806511468645	-0.2639184916183915	0.6104546218477644	6.290419731930233	-0.7967904613628405	0.4294821789864952	0.7828975530884406	-5.236115705957259	
BCAM	0.23190029458554903	-0.35557932083106314	0.8193799100021613	6.3799790385813955	-0.793598609665311	0.4313207530978199	0.7828975530884406	-5.238254509138782	
S10A6	0.17670547986032517	-0.27315149348888257	0.626562453209533	6.616341078209302	-0.7897105876107674	0.43356668288125666	0.7828975530884406	-5.240848553160147	
LAMC1	0.15855554869793567	-0.2499210987894536	0.567032196185325	6.4609355771395345	-0.7803808645796375	0.4389843960706201	0.7881765293086134	-5.247022804698302	
A1AT	-0.18698834419691454	-0.6741613252381334	0.3001846368443043	6.906299132651163	0.7716560077487225	0.44408698057917784	0.7912783850845466	-5.252732290055395	
MMP12	-0.30071804826346205	-1.0870312432289024	0.48559514670197845	6.119595830023256	0.7688760451092584	0.44572010299066234	0.7912783850845466	-5.254538376979363	
FST	0.20055603217997617	-0.3342632344883707	0.7353752988483231	6.5154569960930235	-0.753912743984415	0.4545708787381879	0.7943155549970972	-5.264150875771651	
ALBU	-0.1969666925120721	-0.7252075832642324	0.3312741982400882	6.885948149302325	0.7496407310291041	0.4571163948065474	0.7943155549970972	-5.266861516906899	
LEG1	-0.17622085562855735	-0.6510050106699619	0.2985632994128471	6.267888197627907	0.7461969827400138	0.459174380489092	0.7943155549970972	-5.269035701739806	
CAPG	-0.23041646985021222	-0.8521793446485619	0.39134640494813744	6.385927455348837	0.7450426446497551	0.4598654097583871	0.7943155549970972	-5.269762303880777	
CATS	-0.214566684631912	-0.7937336534389764	0.36460028417515244	6.850643339674419	0.7448192722610978	0.45999919798882527	0.7943155549970972	-5.269902779956918	
FBLN5	0.2031458997840408	-0.3493012352334131	0.7555930348014948	5.753722340837209	-0.7392813244827019	0.46332331058299314	0.7957074246968796	-5.273372411790534	
CO5A1	0.15875334428284926	-0.289675795948292	0.6071824845139906	6.3450150789999995	-0.7117401346691147	0.4800582568230536	0.805544486534744	-5.2902526131784	
ANXA7	0.1566338572284869	-0.2861727140252832	0.5994404284822571	6.406756128697674	-0.7111545377935059	0.4804177398438205	0.805544486534744	-5.290604744140956	
APOC3	0.30156047737029584	-0.5512947770195304	1.1544157317601222	6.515138722651163	-0.7108721375874627	0.48059115220784154	0.805544486534744	-5.290774455874478	
CLUS	0.1364738005198943	-0.24955378680453952	0.5225013878443281	6.547885097418605	-0.7107605967501355	0.48065965533260735	0.805544486534744	-5.2908414695346435	
SRPX2	0.16260328891293063	-0.2985345865434591	0.6237411643693204	6.392854156302326	-0.7089097200904036	0.48179717707299563	0.805544486534744	-5.29195197694891	
IBP6	0.21538200778137898	-0.4047553868128828	0.8355194023756407	6.689125964372093	-0.6982547530848787	0.48837484964204403	0.8122444867730838	-5.298289869927005	
APOA1	0.21077436312285153	-0.4052515232919272	0.8268002495376303	6.696559378162791	-0.6878776885583583	0.49482867985945556	0.8161307354315965	-5.30437233554466	
CO9	0.1816891122800815	-0.35062871468914764	0.7140069392493107	6.749226574255814	-0.6861993339855006	0.4958769025407169	0.8161307354315965	-5.305347733539153	
IC1	-0.14015684079574758	-0.5597990181072177	0.2794853365157225	6.7772558033488375	0.6714714748352686	0.5051274436200865	0.8270480424038723	-5.3138070832666395	
NPC2	0.16777175958761184	-0.34085752755356946	0.6764010467287931	6.662379675813954	-0.6631471321648879	0.5103971442288787	0.8274982956438254	-5.318508963433285	
VTDB	-0.12298217022336774	-0.49682704037277226	0.2508626999260368	6.855883934813954	0.6613679221029594	0.5115273020893406	0.8274982956438254	-5.319506476312285	
IGHM	-0.19360572358923767	-0.786184031423968	0.39897258424549265	6.5097302832093025	0.6568479406475728	0.5144044524389475	0.8274982956438254	-5.322028799740241	
FINC	-0.1633401630434601	-0.6650462997387917	0.3383659736518715	6.400135168325582	0.6545396673454538	0.515877102031119	0.8274982956438254	-5.323310370463677	
S10AB	-0.14459887747082842	-0.592944377377878	0.3037466224362211	6.800472606209302	0.6484022397159052	0.5198036510232262	0.829585624865351	-5.326696417564709	
LTBP2	0.13498095582402747	-0.2966541436529236	0.5666160553009785	6.085625259697674	-0.6287067828774795	0.5325108177366632	0.8455950673607315	-5.337351281160954	
FRIL	-0.2816871287486412	-1.2023179354022169	0.6389436779049346	6.185596939627907	0.615139902525988	0.5413573550008332	0.8553446209013165	-5.344503144664223	
ANX11	0.11529362830902838	-0.2682193944087497	0.4988066510268065	6.4274322973023255	-0.6043904465926793	0.5484201056896096	0.8621928029747097	-5.3500610021782045	
OLFL3	0.17348669806112982	-0.42307527921373755	0.7700486753359972	6.6319912893488375	-0.5846595010195496	0.5615049895980255	0.8783939441236439	-5.36001199863784	
GANAB	0.11764248236923516	-0.29525399517562123	0.5305389599140915	6.5510619243953485	-0.5728163451346264	0.5694330815426993	0.8819117553822874	-5.365828895819676	
TRFL	-0.2413778345231988	-1.0907594467544708	0.6080037777080731	6.3236228793255815	0.5713298718891396	0.5704320423291084	0.8819117553822874	-5.366550719021056	
VWF	0.1990363491322632	-0.5057837646684954	0.9038564629330218	6.645163025813954	-0.567736096656957	0.5728507343213296	0.8819117553822874	-5.368288208424307	
CO6A1	0.1200455987248735	-0.3073624382273704	0.5474536356771174	6.426592711139535	-0.5646716155140531	0.574917156989719	0.8819117553822874	-5.369761272123255	
IGHD	0.13148968240174433	-0.35779422975075514	0.6207735945542437	6.5913828241162795	-0.540285285745268	0.5914894562314572	0.8893559723824571	-5.38120353526612	
ANXA1	0.09209667684785362	-0.2532182582387797	0.4374116119344869	6.532517372953488	-0.5361928238517945	0.5942926271668192	0.8893559723824571	-5.38307496394867	
PERM	-0.22396586677946434	-1.066159764221516	0.6182280306625871	6.271033444511628	0.5346408578722986	0.5953572970175189	0.8893559723824571	-5.383780987619489	
CO6	0.10382446393906712	-0.28958818819588833	0.4972371160740226	6.876159610744186	-0.5305713250089265	0.5981533063481281	0.8893559723824571	-5.385622721889793	
COEA1	0.16832776833420018	-0.47490741640625866	0.811562953074659	5.989705346534883	-0.5261122007296858	0.6012240289221371	0.8893559723824571	-5.387624831881971	
THIO	-0.11053912852671495	-0.5346267276972515	0.31354847064382163	6.350708978046511	0.5240260331111056	0.6026631594045997	0.8893559723824571	-5.388555779096505	
CCL18	-0.13293628501796373	-0.6464611156159442	0.38058854558001676	6.277981404395349	0.5204445797390116	0.6051375273435371	0.8893559723824571	-5.390145481463368	
APOM	-0.14334828212053496	-0.697180850616701	0.41048428637563106	6.664139712534884	0.5203629911884693	0.6051939502254117	0.8893559723824571	-5.390181570882345	
HPTR	0.14294473826945908	-0.4144096737536611	0.7002991502925793	6.607944146744186	-0.515619258883456	0.608478668632376	0.8893559723824571	-5.3922702838879655	
HV374	-0.13404380471415955	-0.6575513556219413	0.38946374619362223	6.489287382767442	0.5147735169373837	0.6090651478506695	0.8893559723824571	-5.392640689119457	
SAMP	0.13542616611656985	-0.39595433196249763	0.6668066641956374	6.771551910069768	-0.5123766998958307	0.6107286266044089	0.8893559723824571	-5.393687149173096	
YBOX1	0.1083500201699799	-0.3225090866801737	0.5392091270201335	6.500215454534883	-0.5055756158130109	0.6154601034508617	0.8921348288553774	-5.3966302714351935	
COFA1	-0.11777775789158192	-0.5933905759731465	0.3578350601899827	6.415270864511628	0.4978541500755723	0.6208519343307053	0.8929910074550124	-5.3999245925427415	
IBP7	0.15087567178672537	-0.46430822363288304	0.7660595672063337	5.73337251927907	-0.4930678195911159	0.6242047901813639	0.8929910074550124	-5.401941502255185	
TSP2	0.14471246545820038	-0.44589426207232663	0.7353191929887274	6.15822921344186	-0.49260628985878907	0.6245285210365751	0.8929910074550124	-5.4021349681651305	
A2MG	0.12721020746107817	-0.4016295521898998	0.6560499671120561	6.578906877534884	-0.4836044200457676	0.6308575885833005	0.8972311605364871	-5.405872594712352	
FIBG	-0.13373761424955707	-0.7037887360653539	0.43631350756623966	6.514485226069767	0.471663388523561	0.6392963498459526	0.8972311605364871	-5.410725389295272	
S10AA	-0.09862994856661506	-0.5241332128925899	0.32687331575935974	6.613976780790698	0.46601329859555596	0.6433062211703124	0.8972311605364871	-5.412979735038829	
CO8B	-0.11573368561082097	-0.6189767905514855	0.3875094193298435	6.587268611069767	0.4623537137547134	0.6459091691451653	0.8972311605364871	-5.414425537373786	
ITIH1	-0.07928955810232655	-0.4275526574888976	0.26897354128424455	6.7409033846046515	0.45772110379563963	0.6492106204859702	0.8972311605364871	-5.416239574789846	
TTHY	0.11710221168444182	-0.39895856842349164	0.6331629917923752	6.844200240790697	-0.45620143063691193	0.6502951769352333	0.8972311605364871	-5.416830709444349	
TINAL	0.14886179578622288	-0.5106340930322104	0.8083576846046561	6.478834233953489	-0.4537990277196674	0.6520112764438535	0.8972311605364871	-5.41776124495412	
ITA1	0.10424350885905054	-0.360234731416472	0.5687217491345731	6.525852233906977	-0.45120722803449775	0.6538648003831693	0.8972311605364871	-5.418759685366423	
ANXA6	0.0847371703200392	-0.29475503263931985	0.4642293732793982	6.506541667697674	-0.44891436189223494	0.655506380333535	0.8972311605364871	-5.419638246574242	
HSP7C	-0.083742745632594	-0.4592262277925364	0.29174073652734844	6.546459538744186	0.44838260817611353	0.6558873357086346	0.8972311605364871	-5.419841366316367	
CATL1	0.12612649075742918	-0.44517764759389533	0.6974306291087538	6.688539879883721	-0.44384501072703864	0.6591418775552229	0.8977966952907346	-5.421564943134577	
DCD	0.08523187253832863	-0.32806539401072	0.4985291390873773	6.598174730953488	-0.4146024812411433	0.6802733877313534	0.9159656095924326	-5.432255734010704	
CLC11	-0.10806666127236238	-0.6337793460940532	0.4176460235493284	6.543780089162791	0.41327171057798645	0.6812413933621411	0.9159656095924326	-5.432725071777136	
HMCN1	0.0985212086819375	-0.38223572395758043	0.5792781413214555	6.309363230697675	-0.4119993923425154	0.6821673870741148	0.9159656095924326	-5.433172395121767	
GRP75	-0.10458985869133837	-0.627687880324977	0.41850816294230025	6.4155870466976745	0.4019748655040213	0.6894804156374295	0.9159656095924326	-5.436648971790567	
SAA4	-0.1239491365690123	-0.7476483497404431	0.49975007660241855	6.552360174209302	0.3995404086807785	0.6912609422333884	0.9159656095924326	-5.437480436708518	
OLFL1	0.09586294789205059	-0.3878851531626178	0.579611048946719	6.749050158395349	-0.39840419854093195	0.6920925538523726	0.9159656095924326	-5.437866782671045	
FIBA	-0.10279788316715054	-0.625617288081319	0.4200215217470179	6.489107809744186	0.39529823306058126	0.6943678153319806	0.9159656095924326	-5.438917333128747	
CO4A1	0.11265769815102433	-0.4679545742856499	0.6932699705876986	6.280496834837209	-0.3900920162032766	0.6981879763817329	0.9159656095924326	-5.440659960641938	
CBPB2	-0.08333991974549611	-0.5134264169682237	0.3467465774772314	6.78516819155814	0.3895737356791481	0.6985687085815704	0.9159656095924326	-5.440832184620616	
APOE	-0.09645475082186171	-0.6035535679684205	0.4106440663246971	6.486572794627907	0.38240487995170847	0.7038429823167451	0.9190676959177334	-5.4431910675945145	
CO1A2	0.09811020553018995	-0.4408146433390739	0.6370350543994538	6.1710741283953485	-0.3659977173209745	0.7159691402461017	0.9276658846513428	-5.448426024355035	
PRDX2	0.12138773087867821	-0.5462133176170434	0.7889887793743997	6.5913196840930235	-0.3655528573547217	0.7162989742244545	0.9276658846513428	-5.448564788688155	
FHR3	-0.14004043617795595	-0.9316016874383654	0.6515208150824535	6.4209123833488375	0.35568154209512054	0.7236318406349102	0.9333373944515575	-5.451600779992796	
IGHA2	-0.08563120599908425	-0.597847179012813	0.42658476701464454	6.595471394093023	0.33610219049562035	0.7382533591472362	0.9442192225726566	-5.457378090287787	
TIMP2	0.06874293186562236	-0.34450385389540455	0.48198971762664927	6.459156857790697	-0.33443441815905545	0.7395034373380625	0.9442192225726566	-5.457855172172908	
TRYB2	0.1516666522946453	-0.7656675800013191	1.0690008845906096	5.955329134116279	-0.332395319806855	0.7410328075886672	0.9442192225726566	-5.458435268013159	
PGS2	0.10498880020508457	-0.5431408597273988	0.753118460137568	6.226679108790698	-0.32566679213640254	0.7460868172445572	0.9468411014027311	-5.4603244065037115	
LUM	0.07219232260504793	-0.39638924095068123	0.5407738861607772	6.425296137023256	-0.30974065830131775	0.758094058160075	0.9582308895143349	-5.464642733959627	
SFRP4	-0.0901620407053501	-0.6892624009876036	0.5089383195769035	6.467810396906977	0.30256351155689565	0.7635250875852786	0.961250707876287	-5.466518366785663	
ANXA2	0.06145702334988159	-0.35975227124510994	0.4826663179448731	6.6389025530232555	-0.29333641193227	0.7705249769771838	0.9624751521442585	-5.468865398969529	
CMA1	0.13962030854071425	-0.8255766974456541	1.1048173145270825	6.1620555748372094	-0.2908205069711456	0.7724369775607581	0.9624751521442585	-5.469492793452759	
APOA2	-0.07677496176900105	-0.6104123599999846	0.4568624364619825	6.9028698943255815	0.28924492695268805	0.7736350906476002	0.9624751521442585	-5.469882957146289	
ITIH2	-0.06572693005722542	-0.5305750477174025	0.3991211876029517	6.891675080093023	0.2842658381043332	0.7774249677394501	0.9625233212375465	-5.471102060606987	
HS90A	-0.07024187140481399	-0.5724481767842131	0.43196443397458517	6.3394685612558135	0.28119417010904163	0.779765728597506	0.9625233212375465	-5.47184362573124	
CATZ	0.06081403358576276	-0.38241098222775605	0.5040390493992816	6.714295037860465	-0.2758493375269762	0.7838436535120241	0.9637921965361853	-5.473114846574276	
MSRE	0.0687670728879376	-0.44235780144188863	0.5798919472177638	6.630781080674419	-0.27048670396581836	0.7879413225898384	0.9642143245573569	-5.474365873473595	
SERPH	0.07615265137279298	-0.49997116495849564	0.6522764677040815	6.5154146554186045	-0.2657428568658806	0.7915712246297806	0.9642143245573569	-5.475452145850229	
LG3BP	-0.08219163767329873	-0.7094565283442892	0.5450732529976917	6.471279621069767	0.2634323183306351	0.7933408999522558	0.9642143245573569	-5.475974289113474	
HSP74	-0.05165259112173303	-0.4598028762204692	0.35649769397700315	6.492844326534883	0.2544277095029363	0.8002480597726791	0.9683087361737399	-5.477965810745409	
ICAL	-0.056308649542271334	-0.5099699319005301	0.3973526328159874	6.516524252651163	0.2495374860633974	0.8040060014736022	0.9683087361737399	-5.4790184372878326	
GELS	0.04973653851683269	-0.36607849460448016	0.46555157163814553	6.5274597112325585	-0.24047380210737798	0.8109833863089712	0.9683087361737399	-5.48091554518904	
APOH	0.041756477193739976	-0.31218721392550247	0.39570016831298244	6.647978778651162	-0.23718219083230974	0.8135211980808074	0.9683087361737399	-5.4815871849924855	
SFRP3	0.06335346799186	-0.4764594742134282	0.6031664101971482	6.061386462093023	-0.2359497385552928	0.8144719325020534	0.9683087361737399	-5.481836286467176	
ITB3	0.06448509574149273	-0.4868579181184799	0.6158281096014654	6.5367704868604655	-0.23514181868489387	0.8150953285513127	0.9683087361737399	-5.481998879743345	
CPXM2	0.04858102517152103	-0.4119817933498481	0.5091438436928901	6.076408021744186	-0.21206558789662183	0.8329505558869709	0.9766137001633507	-5.486408069798601	
HTRA1	0.04810596731023176	-0.408276199268018	0.5044881338884816	6.429241904162791	-0.2119154818189765	0.8330670028741061	0.9766137001633507	-5.486435264483442	
LAMA4	0.03977915037831228	-0.3447126803194594	0.4242709810760839	6.66006731227907	-0.20799877925987173	0.8361067699301263	0.9766137001633507	-5.487138060744846	
VINC	0.05130280679192108	-0.4510998582009192	0.5537054717847614	5.979782449651163	-0.2052965218366486	0.8382054773708574	0.9766137001633507	-5.487615315059355	
FHR2	-0.056017597795792885	-0.6109058485289676	0.4988706529373818	6.619987348255814	0.2029604194588711	0.8400207683913077	0.9766137001633507	-5.488022882010983	
TAGL2	-0.05373055449921121	-0.6054922455683571	0.49803113656993475	6.0130441000930235	0.19577722947644252	0.8456079945930081	0.9766137001633507	-5.489246928996797	
HDGR2	0.03998737446332002	-0.37517673968626514	0.45515148861290516	6.38715237644186	-0.1936401821524436	0.8472717926076035	0.9766137001633507	-5.4896025949894645	
FHR5	-0.060294107654979535	-0.7001063161657565	0.5795181008557974	6.405611256162791	0.18945878555904178	0.8505292434046096	0.9766137001633507	-5.4902872281300645	
FBN1	-0.049172168243693304	-0.5791190048284897	0.48077466834110305	6.4130576147441865	0.18654321384429967	0.8528021348746483	0.9766137001633507	-5.490755775580061	
PTN	0.05845027624015533	-0.5754750091369786	0.6923755616172892	5.983506930418605	-0.18537061596508153	0.8537166134007471	0.9766137001633507	-5.490942172678845	
HS90B	-0.042065922319860165	-0.5083701075631262	0.4242382629234059	6.3116261321860465	0.18136500907585404	0.8568420037890597	0.9766137001633507	-5.491570056238732	
CO1A1	0.048321395096833974	-0.5038479656477529	0.6004907558414209	6.1645695353720935	-0.17593796314993418	0.8610801642960424	0.9766137001633507	-5.492398905681968	
LV319	-0.049002535302823384	-0.6138161939553741	0.5158111233497273	6.6849477835581395	0.17442380632351834	0.8622633618530849	0.9766137001633507	-5.492625670679831	
CBPA3	0.08491194715776307	-0.9419539045628356	1.1117777988783617	6.414873265209303	-0.16624457735404108	0.8686602472434224	0.9803451361747195	-5.493816775569929	
ITB2	-0.0532437083216405	-0.7411680178856456	0.6346806012423646	6.5045872346744185	0.15560374273578806	0.8769955542218679	0.9848146198489456	-5.49528085710463	
MMP2	0.028047871550194507	-0.3540891792228725	0.4101849223232615	6.446456972116279	-0.1475615342766421	0.8833046750619369	0.9848146198489456	-5.496323231649835	
FHR1	-0.04145943760418084	-0.6184165694190026	0.535497694210641	6.642860456883721	0.14446819955507226	0.8857334570377343	0.9848146198489456	-5.496709456749972	
CO5	-0.027712331972413823	-0.4198077121325967	0.3643830481877691	6.814974533581395	0.14209334808030408	0.8875988630986757	0.9848146198489456	-5.497000427386942	
MFAP4	0.04118951655203507	-0.5447626796001389	0.627141712704209	6.007327123674418	-0.1413243211883485	0.8882030590409795	0.9848146198489456	-5.497093617094713	
PLMN	0.03291067366330098	-0.48223015994434787	0.5480515072709499	6.724454465023256	-0.12844085727697566	0.898334804342865	0.9901465715655345	-5.498579680610888	
HDGF	0.02474861631609711	-0.4106073777424066	0.46010461037460076	6.588035149674418	-0.11428751619559631	0.9094848723367417	0.9901465715655345	-5.500048723709639	
SFRP2	-0.02623706186225952	-0.5251126315855115	0.4726385078609925	6.614875017976744	0.10573417046254642	0.9162323114681732	0.9901465715655345	-5.500853517052487	
CATG	0.04049905449932117	-0.7306628458867662	0.8116609548854085	6.480328441534883	-0.10558244604390626	0.9163520593341438	0.9901465715655345	-5.500867228459118	
AFAM	-0.023171470166209445	-0.5075892476362441	0.46124630730382526	7.013890808093024	0.09616696643435757	0.9237869068995725	0.9901465715655345	-5.5016796056478965	
FBLN2	-0.022238866427372998	-0.5004732477190357	0.4559955148642897	6.179503562953489	0.09348980435903263	0.925902187577194	0.9901465715655345	-5.501896755038534	
HS71B	0.019472593916394717	-0.4120296426665561	0.45097483049934556	6.3231460623255815	-0.09072629081351172	0.9280862629645903	0.9901465715655345	-5.502114480937991	
HV349	0.02639084184573728	-0.5596940448676363	0.6124757285591108	6.919185923976745	-0.09052845769469456	0.9282426371739483	0.9901465715655345	-5.5021298169403785	
CD5L	-0.02336983925690855	-0.6090617104728959	0.5623220319590789	6.457707795511628	0.08021931119150957	0.9363951559432184	0.9901465715655345	-5.5028826712327925	
QSOX1	-0.01800148762932256	-0.4728703008866761	0.43686732562803093	6.494979088627907	0.07956363831561036	0.9369139070734029	0.9901465715655345	-5.502927479752784	
TENX	-0.01642662025885732	-0.43754291060182493	0.4046896700841103	6.442318753232558	0.0784221194562649	0.9378171125348553	0.9901465715655345	-5.50300461368455	
AMBP	-0.013968340695630679	-0.3749245081750813	0.3469878267838199	6.658563580697674	0.07780056523829756	0.9383089404701237	0.9901465715655345	-5.50304614436133	
ANXA5	-0.01510375995731703	-0.42095820243174376	0.39075068251710965	6.502197652139535	0.07481818535034682	0.9406691939715227	0.9901465715655345	-5.503240823600978	
KLKB1	-0.014172483665123161	-0.3971505219769298	0.3688055546466835	6.854489683069767	0.07439855399066944	0.9410013335877513	0.9901465715655345	-5.503267605229304	
CO8G	-0.01687029555287848	-0.4957125827418555	0.4619719916360985	6.48185485944186	0.07083087297785781	0.9438255864716387	0.9901465715655345	-5.503489218201708	
TSP1	0.018897811284910162	-0.649051910769599	0.6868475333394194	6.197642508604651	-0.05688007156816002	0.9548759943874207	0.9901465715655345	-5.504251286428127	
CO6A3	0.01278945670897029	-0.43939677020605233	0.46497568362399294	6.559336421604651	-0.0568626592311338	0.9548897927221208	0.9901465715655345	-5.504252133570949	
HSP72	-0.011667119562688063	-0.445683953434519	0.42234971430914287	6.316827915697674	0.054044247455759545	0.9571234123071013	0.9901465715655345	-5.504385836402827	
TIMP1	0.017810368289150853	-0.6665289602102659	0.7021496967885675	6.465842011813954	-0.05232314021152411	0.9584875789973697	0.9901465715655345	-5.50446414268233	
CD14	-0.0121042378442286	-0.5101355399387144	0.48592706425025717	6.708600522023255	0.04886222159595097	0.9612311128640542	0.9901465715655345	-5.5046139358595845	
CO8A	0.009618977530544913	-0.4137630349712557	0.43300099003234555	6.677329545627907	-0.045676088646369815	0.9637572385508479	0.9901465715655345	-5.504742778049426	
POSTN	0.01071658295046691	-0.49691204707623743	0.5183452129771713	6.259281579534884	-0.04244266265014499	0.9663212440665472	0.9901465715655345	-5.504864654752525	
HV372	0.011300517811129738	-0.5378338673831442	0.5604349030054037	6.736122708209303	-0.041372532441685414	0.9671699042471107	0.9901465715655345	-5.504903021128958	
LAMB1	-0.00878608638063912	-0.5182088737588573	0.500636700997579	6.435482309511628	0.034674443586378396	0.9724826142779897	0.9901465715655345	-5.505120906157826	
PON1	-0.01242365996141349	-0.7849779303506023	0.7601306104277753	6.381411029093023	0.03233054000346984	0.9743420336504847	0.9901465715655345	-5.505188086911971	
FBLN1	0.008159673131708584	-0.513676477075887	0.5299958233393043	6.484378747023256	-0.03143626926237242	0.9750514973542295	0.9901465715655345	-5.505212479779427	
APOC1	0.0073991749240971145	-0.519962879171531	0.5347612290197252	6.745924581093023	-0.02820764421424023	0.9776130706596418	0.9901465715655345	-5.505294852649508	
CO4A	0.004236702831851437	-0.4919670603537055	0.5004404660174084	6.869125008255814	-0.017165653798105574	0.9863753587783262	0.994076215140728	-5.50550916727054	
SOST	-0.005794230612240494	-0.7627129564368321	0.7511244952123511	5.83696755955814	0.015390010867789955	0.9877845935259132	0.994076215140728	-5.5055338952833335	
FA12	0.001349889819716377	-0.4586853643198438	0.4613851439592766	6.812417692395349	-0.005899288118964687	0.9953174380466776	0.9984771759452384	-5.50562032618076	
C1QBP	-0.0005428236004589323	-0.5749015479192094	0.5738159007182915	6.275756797581395	0.0019000625534125479	0.9984918166981119	0.9984918166981119	-5.505633668887586	
