	logFC	CI.L	CI.R	AveExpr	t	P.Value	adj.P.Val	B	
LG3BP	-0.7883713876390471	-1.329188515523922	-0.24755425975417233	6.199495471634147	-2.9339402476621226	0.005196356293820495	0.8267015011754505	-4.185587671184479	
MMP9	-1.1591374133909749	-1.9549876771047383	-0.36328714967721143	6.515829258073171	-2.931395436375254	0.005232287982123105	0.8267015011754505	-4.186293330788923	
FINC	-0.7140318639463442	-1.257400841956954	-0.17066288593573453	6.207113077853658	-2.6448046565789474	0.01113158754950059	0.8439650751346988	-4.264007312993963	
CLC11	-0.606009990876496	-1.1387494770313147	-0.07327050472167718	6.356696729	-2.2894741525460027	0.02666908414678331	0.8439650751346988	-4.354500961363905	
TENX	-0.5447743560129993	-1.0363460715381405	-0.053202640487858055	6.249499688048781	-2.2304917335371583	0.030611996671695393	0.8439650751346988	-4.368772422932621	
KVD15	-0.5817091897715705	-1.1112934485946517	-0.052124930948489245	6.8580369402439025	-2.2107605447088314	0.032041989347255176	0.8439650751346988	-4.373494093085149	
PRG4	-0.4797960970769208	-0.9219098563114718	-0.037682337842369795	6.633005989536585	-2.184205659301467	0.03405970599348875	0.8439650751346988	-4.379806180728908	
PROP	-0.5512423163626171	-1.0598334094055568	-0.04265122331967752	6.347444378878048	-2.181446905273683	0.03427562417773665	0.8439650751346988	-4.380459111353855	
FCN3	-0.5649124728017421	-1.0944501921975864	-0.035374753405897796	6.690631172926829	-2.14711403701284	0.03706548051115659	0.8439650751346988	-4.388539815499573	
TIMP1	-0.669181362110664	-1.3404573374982662	0.002094613276938162	6.253307738219513	-2.0063818037475993	0.05068979039174118	0.8439650751346988	-4.420759836856604	
LV321	-0.4502772260512648	-0.9204754897669352	0.01992103766440556	6.8654707649999995	-1.9273909215549498	0.06009271592725391	0.8439650751346988	-4.438176645516625	
CO4A1	-0.5487415101755249	-1.1260822730283282	0.028599252677278475	6.04163641	-1.9129624295279068	0.06196276475418275	0.8439650751346988	-4.4413038993079255	
DCD	-0.4476341312961431	-0.9442664125488858	0.048998149956599624	6.433813419121951	-1.8140911141605962	0.07616102736095176	0.8439650751346988	-4.462268635746438	
HS90B	0.44505275734130506	-0.04979590369475334	0.9399014183773635	6.488531110439024	1.810130744356485	0.07678269847807949	0.8439650751346988	-4.463091164828796	
A4	-0.528090479967421	-1.118924286894687	0.06274332695984486	5.89195909504878	-1.7989282807388511	0.07856435314218795	0.8439650751346988	-4.465410483273701	
APOC1	-0.4656165479079417	-1.0024446305928225	0.0712115347769392	6.587521294512195	-1.7456775555046526	0.08751494116606474	0.8439650751346988	-4.476285786224561	
ANXA5	0.4169574118195587	-0.06560042763166807	0.8995152512707855	6.651199628512195	1.739054413946047	0.08868542859336956	0.8439650751346988	-4.477620948169681	
PGBM	-0.3727506935478847	-0.8062481941067872	0.06074680701101781	5.9619596897317075	-1.7306239539128097	0.09019413451923733	0.8439650751346988	-4.479314797955531	
LECT2	-0.4694264872967414	-1.021389096445034	0.08253612185155124	6.173552710097561	-1.711704451894973	0.09365768018969156	0.8439650751346988	-4.483092951031241	
HV330	-0.3760987652315627	-0.8214995606791446	0.06930203021601922	6.880925745	-1.6995023422383866	0.09594940098461975	0.8439650751346988	-4.485512569774892	
FGL2	-0.411954978610213	-0.900398163297777	0.07648820607735096	6.457271354878049	-1.6974873627457114	0.09633226462894053	0.8439650751346988	-4.485910834254632	
KVD20	-0.4370339865353682	-0.9595350776665857	0.08546710459584939	6.692264068536585	-1.6834447137875355	0.09903567468786179	0.8439650751346988	-4.4886761451626125	
LAMC1	-0.3644184883345015	-0.8033940894977006	0.07455711282869759	6.255702578097561	-1.6708246281343193	0.10151828031180003	0.8439650751346988	-4.491145968897434	
KV401	-0.3189861399860474	-0.7039852578631647	0.06601297789106991	6.788987291487805	-1.6675655979990172	0.10216764168425334	0.8439650751346988	-4.491781408368423	
KLKB1	-0.34175114616177293	-0.7542501778622435	0.07074788553869754	6.758617713609756	-1.6674694832161938	0.10218684424614599	0.8439650751346988	-4.491800133832521	
TRFL	-0.7374644523785256	-1.6538613485889733	0.17893244383192186	6.245862573609756	-1.6196766814126993	0.11210894172982379	0.8439650751346988	-4.501005407772395	
APOD	-0.4509786959457014	-1.020583104835123	0.11862571294372026	6.471112290365854	-1.5935053740028668	0.11786653060696091	0.8439650751346988	-4.505955686526296	
ANXA6	0.3261780717998891	-0.0866102716628036	0.7389664152625819	6.590706374487805	1.590370034756241	0.11857208929959168	0.8439650751346988	-4.506544389453115	
LV861	-0.482315798323857	-1.0990438195344006	0.13441222288668658	6.666398496390244	-1.5740142308349565	0.12230833273657075	0.8439650751346988	-4.509600250885097	
HS90A	0.4092151290661971	-0.1269922720993763	0.9454225302317705	6.5160695827560975	1.5359947299460253	0.13136074694103272	0.8439650751346988	-4.516604567965143	
SMOC2	-0.3685142501538879	-0.8572484327894588	0.12021993248168306	6.042289551365854	-1.517582882726375	0.13593346516112903	0.8439650751346988	-4.519946274046763	
FIBB	-0.49048876694472826	-1.1466162567508265	0.16563872286136988	6.450666556634146	-1.504567512705815	0.13924184787033445	0.8439650751346988	-4.522288548050188	
LV319	-0.4042956874752055	-0.9465732848772949	0.13798190992688386	6.559400932292683	-1.500542476894071	0.14027783626701967	0.8439650751346988	-4.523009535658219	
SFRP4	-0.5027787388820522	-1.1777395189192794	0.17218204115517521	6.3050636845609755	-1.499233281179098	0.1406161216871929	0.8439650751346988	-4.52324370275421	
GRN	-0.39797459709254424	-0.9324074001487397	0.1364582059636512	6.806785181317073	-1.4987634481694474	0.1407376805206907	0.8439650751346988	-4.523327697493974	
PON1	-0.5522197805350331	-1.3044129952961916	0.19997343422612546	6.222897497878049	-1.4775881371420654	0.14630343955928587	0.8439650751346988	-4.527090695910015	
F13B	-0.45820928967147034	-1.0879085785149156	0.17148999917197494	6.572973970365854	-1.4645410027124568	0.14981846693896955	0.8439650751346988	-4.529387115250232	
C1QB	-0.4085193564436691	-0.9715844070514306	0.15454569416409236	6.41420417995122	-1.4602422692352597	0.15099105077894343	0.8439650751346988	-4.5301400167270645	
PA2GA	-0.4753534175810417	-1.1307659581957359	0.1800591230336524	5.9631127869512195	-1.4597306329443795	0.15113109164950447	0.8439650751346988	-4.530229504301956	
PLMN	-0.3828789933737413	-0.9164666894743104	0.1507087027268278	6.566047075097561	-1.4441974736298395	0.15543153580685046	0.8439650751346988	-4.532933845458019	
PEDF	-0.39251303379654284	-0.9410593324931988	0.1560332649001131	6.509181933390244	-1.4401629756027616	0.1565640609642009	0.8439650751346988	-4.5336322929441	
TIMP2	-0.3305639588706573	-0.7929557945628244	0.13182787682150976	6.307204391365854	-1.4388522224047662	0.15693339055733987	0.8439650751346988	-4.53385885632899	
BGH3	-0.34501999299747216	-0.8326837273412006	0.14264374134625624	6.646052618756097	-1.4239497057932364	0.1611805614869203	0.8439650751346988	-4.536422561377022	
HV102	-0.3652434470723511	-0.881840571233119	0.15135367708841674	6.907015461170731	-1.4229881938958449	0.16145763947188763	0.8439650751346988	-4.536587200623991	
SFRP2	-0.3312871568063542	-0.8008396595460691	0.1382653459333607	6.495725196048781	-1.4200096251744108	0.16231832865940804	0.8439650751346988	-4.537096624837749	
FBN1	-0.3748505296323901	-0.9074418223560188	0.15774076309123863	6.30282945997561	-1.4165598068181937	0.1633196541510102	0.8439650751346988	-4.537685521909912	
FIBG	-0.4992790609182844	-1.2091806749446423	0.21062255310807348	6.372694240560976	-1.4155200892611803	0.16362237818280245	0.8439650751346988	-4.537862768650993	
IGHG4	-0.33559462794595096	-0.815050892354928	0.14386163646302602	6.7580058767317075	-1.4087594783023716	0.16560146032879403	0.8439650751346988	-4.539012608600225	
C1R	-0.32099899856852	-0.7853884995124544	0.1433905023754144	6.793970314243903	-1.39120821403161	0.17082618410755296	0.8439650751346988	-4.541975956077515	
FCGBP	-0.4072617508244336	-1.0020184051904444	0.18749490354157705	5.814668845219512	-1.3781775221204577	0.17478700998525568	0.8439650751346988	-4.544155640642552	
IBP3	-0.39789054930737927	-0.9792343219908572	0.18345322337609865	6.4282734606097565	-1.3775312105657276	0.17498529146901534	0.8439650751346988	-4.544263296759082	
HV439	-0.33129867937714497	-0.8164663643002037	0.15386900554591376	6.725356909878049	-1.3743542391148948	0.1759624736578076	0.8439650751346988	-4.544791859224322	
SPRL1	-0.5183794783335246	-1.2806082087843027	0.2438492521172536	5.903497794902439	-1.3687790013597678	0.1776874718328895	0.8439650751346988	-4.545716912338837	
FIBA	-0.4162770320689109	-1.0353497796414344	0.20279571550361258	6.380880481463414	-1.3533546251126678	0.18252757023278351	0.8439650751346988	-4.548259401728465	
TAGL2	0.4454308411338589	-0.21857194865708995	1.1094336309248076	6.151269715609756	1.3501475352406718	0.1835465037684671	0.8439650751346988	-4.548784946369304	
ANX11	0.2808917950306467	-0.13998080474351854	0.701764394804812	6.504446060585366	1.3432574223623943	0.18575028952801212	0.8439650751346988	-4.549910408356693	
RARR2	-0.3615818339955211	-0.9034763915055235	0.1803127235144813	5.796053773756098	-1.3429587160031562	0.18584628502294656	0.8439650751346988	-4.5499590885822965	
HV309	-0.27574262266969046	-0.6916535982512587	0.1401683529118778	6.735925933829268	-1.3343641609094359	0.1886245731127267	0.8439650751346988	-4.551355757610254	
IGJ	-0.36339240523013383	-0.9133441366785076	0.1865593262182399	6.506013705	-1.3299095998273998	0.19007695281883738	0.8439650751346988	-4.55207661492543	
GANAB	0.3044155157483906	-0.15649562539993367	0.7653266568967149	6.65548942092683	1.3292921080315043	0.19027895143348877	0.8439650751346988	-4.552176376380237	
HPTR	0.38074677261881895	-0.19736668852823858	0.9588602337658765	6.643743968731707	1.3255435385419974	0.19150871721637228	0.8439650751346988	-4.552781134917254	
HGF	0.3475640361520537	-0.18381911750781327	0.8789471898119208	6.1305704957073175	1.3164303859172204	0.19452357397525435	0.8439650751346988	-4.554245216066187	
LV310	-0.346614412404591	-0.8778448712986879	0.18461604648950591	6.674764337463414	-1.3132109552953934	0.19559719537054518	0.8439650751346988	-4.55476035000911	
APOB	-0.37095057529269915	-0.9399889108316224	0.1980877602462241	6.481440675097561	-1.3120348528080426	0.195990520829341	0.8439650751346988	-4.554948263493857	
HMCN1	0.3194620288704543	-0.1707176799061232	0.8096417376470317	6.351671191243902	1.3117007419852205	0.1961023670383335	0.8439650751346988	-4.555001619967775	
CATD	0.5185051217198169	-0.27781937602168616	1.31482961946132	6.815616159780488	1.310490335414409	0.19650796453084446	0.8439650751346988	-4.555194819717962	
CFAH	-0.2762879658570703	-0.7013727107669623	0.14879677905282168	6.5935121167317075	-1.3081492528648564	0.19729424246042565	0.8439650751346988	-4.555568054863101	
HV551	-0.28730485015351737	-0.7321227691847163	0.15751306887768157	6.786485873243902	-1.2999646173427715	0.2000618341797536	0.8439650751346988	-4.5568683731825255	
CERU	-0.29603384385125137	-0.7545304264049354	0.16246273870243266	6.941505370804878	-1.2994994783686067	0.20021999334132978	0.8439650751346988	-4.55694205871217	
ICAL	-0.2719863552977936	-0.699738541641119	0.15576583104553182	6.478701452341464	-1.2797517366366584	0.20702198820709103	0.8439650751346988	-4.560049268727971	
KV240	-0.3364433618988021	-0.8666374235094464	0.19375069971184222	6.774119834097561	-1.2771677778514057	0.207924684837343	0.8439650751346988	-4.560452776610624	
ANXA4	0.27776906689194447	-0.16169956009404912	0.7172376938779381	6.706724982414634	1.2721163990055264	0.20969787395029524	0.8439650751346988	-4.561239538930184	
KVD11	-0.30991588713202123	-0.8043490204138306	0.18451724614978815	6.84402102795122	-1.2615577091123675	0.21344077341068896	0.8439650751346988	-4.562875277312584	
A1BG	-0.2451218570214931	-0.6391246098720669	0.14888089582908068	6.984380464097561	-1.252142135495437	0.21682025310958974	0.8439650751346988	-4.564323859222882	
OMD	0.3241369449064001	-0.19902477846552002	0.8472986682783202	6.078151515682927	1.2469912924593256	0.21868576187840696	0.8439650751346988	-4.565112287553844	
APOM	-0.3689664836535865	-0.9712492156682084	0.23331624836103543	6.600596632243902	-1.2329837524470795	0.2238191195958773	0.8439650751346988	-4.567241945671893	
C1QC	-0.2962321752018516	-0.7808357390297693	0.18837138862606612	6.490875353097561	-1.2303154337673625	0.2248069922812934	0.8439650751346988	-4.567645227011847	
COFA1	-0.27992608348111	-0.7403105465071232	0.1804583795449033	6.375562511512195	-1.2237524022172386	0.22725045665134402	0.8439650751346988	-4.56863386653405	
IGLC2	-0.2566495219271847	-0.6792592206732049	0.16596017681883546	6.650815226365854	-1.222283215567385	0.22780011435207337	0.8439650751346988	-4.568854542423993	
IGHG2	-0.2809684097107144	-0.7454921680398434	0.1835553486184146	6.759568650365853	-1.2173638760809542	0.2296476774949729	0.8439650751346988	-4.569591737029583	
HV307	-0.27429625194628093	-0.7300538460195125	0.18146134212695064	6.8625779525365855	-1.2113141979930235	0.2319348270550082	0.8439650751346988	-4.570494718046278	
SPON1	-0.3675340700988638	-0.9798293342198148	0.24476119402208724	6.26582424807317	-1.2081129839828184	0.23315181851028283	0.8439650751346988	-4.570970924631962	
FST	-0.33216938625543596	-0.8887125696684346	0.22437379715756273	6.313394581170732	-1.2012449761895991	0.23577856485111842	0.8439650751346988	-4.571988831122154	
ITIH1	-0.22949439284651127	-0.6158523559168543	0.15686357022383177	6.676861455048781	-1.1955095768893564	0.2379886478931174	0.8439650751346988	-4.572834931697647	
C1QA	-0.2836240693236866	-0.7638563476414995	0.1966082089941263	6.4765317148536585	-1.188673510604887	0.24064254918177738	0.8439650751346988	-4.5738387094991	
KNG1	-0.25674739246421463	-0.6924271117339289	0.17893232680549964	6.679348013707317	-1.1860678819081967	0.24165975454211408	0.8439650751346988	-4.574219962186256	
CO1A2	-0.3278712155937258	-0.8849055219579437	0.22916309077049213	6.044454166219512	-1.184655829603372	0.2422123063659563	0.8439650751346988	-4.574426261303427	
S10A9	-0.5672136200186089	-1.5423567972542922	0.4079295572170746	5.812338658268293	-1.1707094185402094	0.24771903709041143	0.8439650751346988	-4.576452059436433	
ANXA7	0.24634304046105152	-0.1784535594663573	0.6711396403884603	6.459882805536585	1.1671592426603037	0.2491351644877934	0.8439650751346988	-4.576964327930723	
HV169	-0.3123474144092728	-0.8517590886769292	0.22706425985838352	6.7301065427073175	-1.1654359805097216	0.24982465861492445	0.8439650751346988	-4.577212483422605	
HRG	-0.2392770999995774	-0.6643246643176626	0.18577046431850777	7.073063075048781	-1.133011851811483	0.2630552050218555	0.8439650751346988	-4.581820449281386	
PERM	-0.5035037077711391	-1.404029512730931	0.3970220971886528	6.273246101121951	-1.125323424025478	0.2662644358088017	0.8439650751346988	-4.5828959727545975	
A2MG	-0.3008043317175457	-0.8397546559533632	0.23814599251827173	6.452245989926829	-1.123326997524178	0.2671022979217902	0.8439650751346988	-4.583174172460573	
VTNC	-0.3507093039660444	-0.981552317610373	0.2801337096782842	6.472050479073171	-1.1189143349484463	0.26896084670290815	0.8439650751346988	-4.583787493540567	
HV315	-0.25045267624099576	-0.7019682509338695	0.20106289845187797	6.665649455390244	-1.1164101836123221	0.27001962752732955	0.8439650751346988	-4.584134580996465	
HS71B	0.23755843109681482	-0.19184648570905558	0.6669633479026852	6.389776947097561	1.1134591376174678	0.271271145158714	0.8439650751346988	-4.584542710208821	
IGLC7	-0.39527226451133407	-1.1156736375902006	0.32512910856753247	6.495164684536586	-1.104314203637477	0.27517548794458113	0.8439650751346988	-4.585801260691113	
IGHM	-0.2786075463952094	-0.7867085944501029	0.22949350165968402	6.44908328507317	-1.1036049329608122	0.27547995149344073	0.8439650751346988	-4.585898480700317	
SRPX2	0.24306432764372093	-0.20280218227436164	0.6889308375618035	6.394394248170732	1.0972035940340774	0.2782385495260307	0.8439650751346988	-4.586773359763251	
LAMA4	-0.23764485663030974	-0.674179701750459	0.1988899884898396	6.5570112212439025	-1.0956714660688573	0.27890167620327366	0.8439650751346988	-4.586982074798346	
HSP72	-0.2681760846347882	-0.7631348023753085	0.2267826331057321	6.199301195292683	-1.090490574229761	0.2811522603415152	0.8439650751346988	-4.587685888727105	
IGHG3	-0.28680483841774046	-0.8211404598151013	0.24753078297962033	6.800169958731708	-1.0802970608025946	0.28561742059770945	0.8439650751346988	-4.589061829425049	
PDIA1	0.222578498322255	-0.19224113958076502	0.637398136225275	6.65948343597561	1.0799278671559824	0.28578006584842053	0.8439650751346988	-4.589111443935289	
FA12	-0.24347867986099492	-0.697435681164234	0.2104783214422442	6.735123294195122	-1.079486133486928	0.28597475294348357	0.8439650751346988	-4.589170786592427	
ITA1	0.25202420816823984	-0.21954815384022547	0.7235965701767051	6.5706551380243905	1.075634598445757	0.2876761774322346	0.8439650751346988	-4.5896872690746005	
IGLL5	-0.25404032827171724	-0.7303964067013808	0.2223157501579464	6.676706635585366	-1.0733510911908881	0.288688245909752	0.8439650751346988	-4.5899926905824415	
ITB2	-0.43558292395048703	-1.2537039007953197	0.3825380528943456	6.417193468853658	-1.0715789303702759	0.28947538770346243	0.8439650751346988	-4.590229312429415	
CXCL7	-0.2790811337183339	-0.8062305565208947	0.24806828908422696	6.358633728731707	-1.0655346852155383	0.2921712854215124	0.8439650751346988	-4.591033675365606	
APOH	-0.21030065696299755	-0.6084782377431257	0.18787692381713056	6.539578375829269	-1.063003449798406	0.2933054441276666	0.8439650751346988	-4.591369299969431	
ANGI	-0.296124346957712	-0.8573625519063348	0.26511385799091075	6.143481467536585	-1.0619345168788248	0.29378531096461036	0.8439650751346988	-4.5915108149494595	
FCG3A	-0.2690267365167262	-0.7872809526239541	0.24922747959050168	6.794522520609756	-1.0447766254921171	0.3015623017074763	0.8585016877438063	-4.593764562387493	
CO5A1	-0.23154246169825485	-0.6879517721543456	0.22486684875783583	6.190905406926829	-1.0210499756346463	0.3125480090982568	0.8744753192804849	-4.596825820289207	
KV320	-0.2603218396532153	-0.7782224734706474	0.2575787941642168	6.740268414731707	-1.0116610053372936	0.3169695015749015	0.8744753192804849	-4.59801939590027	
A2AP	-0.25963358600397524	-0.777102479234797	0.25783530722684656	6.714684683731707	-1.009828147620654	0.317837557969362	0.8744753192804849	-4.59825121699532	
CO6A2	-0.24563458126001378	-0.7356168302640474	0.24434766774401986	6.337923772390244	-1.0089740800701932	0.31824260037106256	0.8744753192804849	-4.598359108088024	
TENA	-0.3344766951754891	-1.0147432707269477	0.3457898803759695	6.522065031780488	-0.9895951973828182	0.32752689839420834	0.8755347202822846	-4.600784581199359	
ITIH2	-0.2469777812069567	-0.7540698203663898	0.26011425795247645	6.848979773365854	-0.9802614871701587	0.33206278399919764	0.8755347202822846	-4.601937318134969	
SAA4	-0.2692597826539769	-0.82255414485669	0.28403457954873623	6.499452940073171	-0.9794586230737635	0.33245489928687866	0.8755347202822846	-4.602036002786382	
TETN	-0.27449065144079926	-0.8422875940537597	0.29330629117216117	6.480067894853659	-0.9729832331928132	0.33562873780394686	0.8755347202822846	-4.602829198370229	
APOE	-0.28574304884358404	-0.8867010685847362	0.3152149708975681	6.41751046297561	-0.9569789550219587	0.34355920146032404	0.8755347202822846	-4.6047687309299095	
HV372	-0.27105891963748885	-0.8470261571618615	0.3049083178868838	6.639541290902439	-0.9471892726951664	0.3484706454839198	0.8755347202822846	-4.6059404242646105	
AMBP	-0.17318214894132353	-0.5445838835056875	0.19821958562304046	6.601526098219512	-0.9384908544229968	0.35287307957232494	0.8755347202822846	-4.606972119037414	
HV349	-0.2710582802197855	-0.8528537793356314	0.31073721889606043	6.824796311609756	-0.9376983883586372	0.3532759601473675	0.8755347202822846	-4.607065671425289	
FHR2	-0.28038496616395825	-0.88383761119539	0.32306767886747345	6.5308952254878045	-0.935152365241411	0.35457236068781484	0.8755347202822846	-4.607365737680555	
CRIP2	0.3542327551752664	-0.41207999175772725	1.1205455021082602	5.699892895390244	0.9303653244699338	0.35701824640975643	0.8755347202822846	-4.607927867467121	
S10A4	0.24624104024798169	-0.28764203537617095	0.7801241158721343	6.324023936195122	0.9282931198430502	0.3580804123877841	0.8755347202822846	-4.608170368093943	
CO5A2	-0.30149142229778036	-0.9575865573739809	0.3546037127784202	6.002958838146341	-0.9248663771500221	0.35984138479927574	0.8755347202822846	-4.608570278928744	
CAPG	0.34691886137303246	-0.41869417793260905	1.112531900678674	6.615181854634146	0.9119886619368068	0.3665092371766834	0.8755347202822846	-4.610060813890732	
PGS2	-0.2888763964215114	-0.9291097459045772	0.35135695306155434	6.075227908243902	-0.9081228708775031	0.3685263094577921	0.8755347202822846	-4.6105044535940705	
CO1A1	-0.25707815550568247	-0.8311726667676523	0.3170163557562874	6.066892305463415	-0.9012652549030733	0.3721219558245691	0.8755347202822846	-4.611287102950777	
CLUS	-0.20437086820004907	-0.6628552785643688	0.2541135421642706	6.409838244243902	-0.8971504202966628	0.3742902280981987	0.8755347202822846	-4.611754059297475	
KV315	-0.2696986341116165	-0.8753122194525964	0.3359149512293635	6.662884928463415	-0.8963012173955368	0.37473870995412384	0.8755347202822846	-4.611850178955996	
APOA4	-0.23166081455962648	-0.7550225738312906	0.29170094471203756	6.501457150048781	-0.8908845771934226	0.3776074184779443	0.8755347202822846	-4.612461272638455	
CYTC	-0.17162344421972905	-0.5595773512936479	0.21633046285418986	6.4134191053170735	-0.8903634662164331	0.37788413939893506	0.8755347202822846	-4.612519880327374	
AACT	-0.2062329703030982	-0.6755482312652277	0.2630822906590312	6.823072930146341	-0.8844316350592408	0.38104315460778526	0.8755347202822846	-4.613184749514968	
SERPH	0.27649312845814356	-0.35931786029981705	0.9123041172161042	6.589104162463415	0.8752400072816232	0.3859711527897357	0.8755347202822846	-4.614206758225163	
PRDX1	0.21715249289783897	-0.28392911120215947	0.7182340969978375	6.741574312536585	0.8722223451819865	0.3875977684942049	0.8755347202822846	-4.614540103885352	
CO2	-0.22091615592465294	-0.7393416203741168	0.29750930852481083	6.8044654599268295	-0.8576537688082222	0.3955112529367727	0.8755347202822846	-4.616134193208321	
CD44	-0.20996237321007216	-0.7047767678798117	0.28485202145966737	6.669432828658537	-0.8540238434799744	0.397498573670358	0.8755347202822846	-4.616527446660834	
TRYB2	0.4252355256608193	-0.5775058817470982	1.4279769330687369	6.139332244243902	0.8535155520303453	0.39777734985381263	0.8755347202822846	-4.61658238782074	
HSP74	0.17895114822340702	-0.24618766408614995	0.6040899605329639	6.585145123341463	0.8471778309623363	0.40126353035317286	0.8755347202822846	-4.617264843482149	
PRDX2	0.2989023427445108	-0.41217218776777254	1.009976873256794	6.690565090829268	0.8460285986676873	0.4018977101480844	0.8755347202822846	-4.617388081127118	
CO3A1	-0.268927298574579	-0.9090759358619723	0.3712213387128144	5.882331793487805	-0.8455219999796851	0.402177463141168	0.8755347202822846	-4.617442356026417	
CO4A2	-0.24109008973742252	-0.8174479851339218	0.33526780565907677	6.34119073197561	-0.8418950575560527	0.40418384753652326	0.8755347202822846	-4.617830036203369	
F13A	0.2368597434082223	-0.3424067520540051	0.8161262388704498	6.732983375585365	0.8229694103236949	0.4147533068011101	0.8755347202822846	-4.619827443626488	
IPSP	-0.20291225431075374	-0.7034103089741222	0.2975858003526146	6.621621932463414	-0.8159747693261602	0.41870196346402666	0.8755347202822846	-4.620554787187624	
CBPB2	-0.19740170826588524	-0.686791004104078	0.29198758757230747	6.7637078122439025	-0.8118340990020654	0.4210502092514218	0.8755347202822846	-4.620982588518228	
IBP7	-0.28734164442960897	-1.0013571172944244	0.4266738284352065	5.5016223273414635	-0.8099566918651405	0.422117544353633	0.8755347202822846	-4.621175877159753	
CO6A1	-0.1846024079188105	-0.6455404806800171	0.27633566484239613	6.310847399829268	-0.8060567666211467	0.424339940615581	0.8755347202822846	-4.621576038818985	
FBLN3	0.1831834273100884	-0.27525636578436163	0.6416232204045385	5.8634329411219515	0.8042197246799702	0.4253892333133469	0.8755347202822846	-4.6217638987578615	
CO3	-0.17695696686471554	-0.6198472701709631	0.26593333644153205	6.862367674756097	-0.8041597685901974	0.4254235057401392	0.8755347202822846	-4.621770023150324	
FETUA	-0.36184700211469645	-1.2810416363095305	0.5573476320801375	5.891919714243903	-0.7922976112661899	0.4322369146890126	0.8755347202822846	-4.6229731947190205	
PCOC1	-0.1742082274674318	-0.6202597744542918	0.2718433195194282	6.395317104878049	-0.7860577613465426	0.43584702161418076	0.8755347202822846	-4.62359928305151	
OSTP	-0.44598357484241236	-1.5951337552952554	0.7031666056104307	5.321262092146341	-0.781111304189871	0.4387215460750802	0.8755347202822846	-4.624092252207963	
MFGM	-0.212115704969405	-0.7599568754514978	0.3357254655126878	5.987940280146342	-0.7792718823717425	0.4397933489845399	0.8755347202822846	-4.624274815968344	
SAP	0.2579015879357224	-0.4085484678957806	0.9243516437672253	6.576762245146342	0.7788561538184483	0.4400358024832369	0.8755347202822846	-4.624316020554366	
CATL1	0.23419216381115404	-0.37688910192016056	0.8452734295424686	6.745372194	0.7713371306270683	0.44443455872813686	0.8755347202822846	-4.62505764973189	
IGHA2	-0.2076888901778415	-0.7533229997557416	0.3379452194000585	6.573252948658537	-0.7660949542712993	0.4475165951142841	0.8755347202822846	-4.625570651105788	
FHR5	0.24869522075977962	-0.4067650647641687	0.9041555062837279	6.469711868682927	0.763645689644152	0.44896088360259767	0.8755347202822846	-4.625809194365505	
HDGR3	-0.16123317717698876	-0.5889753929398612	0.2665090385858837	6.276940532634146	-0.7586529404207573	0.45191346515960384	0.8755347202822846	-4.626293201696051	
CMA1	0.3826977296728407	-0.6357897017436998	1.401185161089381	6.3433258276585365	0.7562598774865159	0.45333267040417136	0.8755347202822846	-4.626524116479303	
S10A8	-0.3757554522769293	-1.3831748061314064	0.6316639015775478	5.770320156414634	-0.750699020487016	0.45664054797512965	0.8755347202822846	-4.6270580135722374	
PGCA	0.2235190685271806	-0.3915011460061618	0.838539283060523	5.875152633878049	0.731469187677567	0.4681868087561366	0.8755347202822846	-4.628875237288398	
RNAS1	-0.21433647639844025	-0.8078597061783657	0.3791867533814852	5.915358853121951	-0.7268239233035573	0.4710008313567994	0.8755347202822846	-4.62930745016198	
LUM	-0.18018880077710028	-0.6837379790695999	0.32336037751539926	6.300724540146342	-0.7202060270873603	0.47502643772620745	0.8755347202822846	-4.629918648662796	
HSPB1	0.1622898732657146	-0.29249931112979655	0.6170790576612257	6.092386956804878	0.7182111470700112	0.47624372037394325	0.8755347202822846	-4.630101835737875	
SFRP3	-0.21528563840125764	-0.8188220805493733	0.388250803746858	5.900322901243903	-0.7179305083855146	0.4764151086030388	0.8755347202822846	-4.630127567320849	
CD5L	-0.18569394561731326	-0.7095270066575899	0.3381391154229635	6.368237614292683	-0.7134699521515978	0.47914388561552934	0.8755347202822846	-4.63053525818783	
IC1	-0.15464184102034423	-0.5936727558687719	0.2843890738280834	6.780384322146341	-0.7089290238025113	0.4819308593249598	0.8755347202822846	-4.630947791257128	
FA10	-0.279783779036091	-1.0757447162912859	0.5161771582191039	6.063850315097561	-0.7074595692644315	0.48283467658502155	0.8755347202822846	-4.63108074655881	
S10AC	-0.39378243067762786	-1.5164682347379104	0.7289033733826547	5.663726287341463	-0.7059418884544518	0.48376915378748864	0.8755347202822846	-4.631217787358152	
ANXA1	0.1381867925105677	-0.2571929154942288	0.5335665005153643	6.56561030195122	0.7034334370668208	0.48531589450093193	0.8755347202822846	-4.631443671503578	
SULF1	-0.1950621606622079	-0.7618050782594037	0.3716807569349878	6.153886974365854	-0.692720080456478	0.49195289818220855	0.8755347202822846	-4.632399705375376	
ECM1	-0.22145621883337285	-0.8675695838370687	0.424657146170323	7.339439038926829	-0.6898425905888015	0.49374405708985625	0.8755347202822846	-4.632654082581159	
FBLN1	0.17744537343206343	-0.34077723392920845	0.6956679807933354	6.508454010317073	0.6891585895440485	0.4941703587885151	0.8755347202822846	-4.632714400154661	
HDGR2	-0.1560320710746765	-0.6144374812566646	0.30237333910731157	6.314561635170731	-0.685070058329388	0.4967227593487562	0.8755347202822846	-4.633073740494007	
CO5	-0.1451595748112814	-0.5716772848104719	0.28135813518790903	6.770529681170732	-0.6849824851543256	0.4967775090770029	0.8755347202822846	-4.633081414780357	
FMOD	-0.16843109546891658	-0.6644816616348105	0.3276194706969773	5.829410356146341	-0.6833877219728817	0.4977751172372499	0.8755347202822846	-4.633221003254955	
B2MG	-0.1804640774830686	-0.7143988495929395	0.35347069462680236	6.210223669804878	-0.6802576102563851	0.499736364415883	0.8755347202822846	-4.6334940690207285	
GELS	0.13738887390487195	-0.2747280044810563	0.5495057522908001	6.546747628317073	0.6709683126061557	0.5055816562089371	0.8755347202822846	-4.634297342627492	
HDGF	-0.1616424022307502	-0.6501798636172064	0.32689505915570594	6.550426612829268	-0.6659295287708674	0.5087677979174381	0.8755347202822846	-4.634728608209817	
MMP2	-0.12798163864542936	-0.5181015245987192	0.2621382473078605	6.3553746807073175	-0.6602682682380856	0.5123604719384833	0.8755347202822846	-4.635209410507821	
ITIH4	-0.16260479109100115	-0.6642332075375681	0.33902362535556585	6.93818129402439	-0.6524121724599408	0.517368549392014	0.8755347202822846	-4.635870052741009	
A1AG1	-0.23736911530960572	-0.971545679938955	0.49680744931974363	6.6564184893170735	-0.6507205795987202	0.5184503149572284	0.8755347202822846	-4.636011304627616	
LAMB1	-0.18628895973464285	-0.7642032401162059	0.3916253206469201	6.374917564829269	-0.6487756472378038	0.5196955804565891	0.8755347202822846	-4.636173273129887	
APOA1	-0.16685951433753377	-0.6860507095534967	0.35233168087842914	6.556087526951219	-0.6468364792358946	0.5209387400320264	0.8755347202822846	-4.636334295219844	
CPXM2	-0.15926240668268127	-0.65724534886874	0.3387205355033774	5.937366768560976	-0.643679467067715	0.5229660120857528	0.8755347202822846	-4.636595446481448	
VINC	0.16690734489435632	-0.35654553146285717	0.6903602212515698	6.000711542073171	0.6417541801393122	0.5242043835524888	0.8755347202822846	-4.6367541018515155	
COMP	-0.17644661581143906	-0.7315827346478395	0.3786895030249614	6.382985592853658	-0.6397122932436202	0.5255194477333072	0.8755347202822846	-4.636921863628212	
IGKC	-0.21951939882955326	-0.9123092028299535	0.47327040517084695	6.646791836048781	-0.6377379559338276	0.5267926623303467	0.8755347202822846	-4.637083583834153	
ANT3	-0.12323872169841392	-0.5155583076678393	0.26908086427101147	6.615156853121952	-0.6322342845978535	0.5303504481836769	0.8755347202822846	-4.637531842488494	
PROZ	-0.2433734891210028	-1.0245592321542187	0.5378122539122131	6.459726217878049	-0.6270321483319924	0.5337248589905672	0.8755347202822846	-4.637952084550091	
PLF4	0.264757289213854	-0.5902726514479616	1.1197872298756697	6.021436104146342	0.6232143593335838	0.536208410039499	0.8755347202822846	-4.638258356065218	
FBLN5	0.15755517263924534	-0.36458982411832364	0.6797001693968143	5.661148063731707	0.6073127420746739	0.5466169687554627	0.8755347202822846	-4.639514513522895	
C1QBP	0.17477898988858062	-0.40461556667468523	0.7541735464518465	6.331865344951219	0.6071355492109413	0.5467335318722758	0.8755347202822846	-4.639528333573325	
CFAB	-0.14675786030033938	-0.6338311497431662	0.34031542914248747	6.829799239292683	-0.606426128957379	0.5472003384326107	0.8755347202822846	-4.639583625179985	
LEG1	0.16123820641558587	-0.3747234744725161	0.6971998873036878	6.381889006756097	0.6054873388528444	0.5478183859062477	0.8755347202822846	-4.639656697239308	
PROC	-0.2491082802927321	-1.0843040930277525	0.5860875324422884	6.271911421292683	-0.6003032622486824	0.5512377002269837	0.8755347202822846	-4.640058228242656	
TINAL	-0.1858569169782829	-0.8091876436912964	0.4374738097347306	6.3177094491707315	-0.600110245221817	0.5513652194182742	0.8755347202822846	-4.640073113587758	
MFAP4	-0.1975865580507687	-0.8724173679258942	0.47724425182435687	5.847875433585366	-0.589295794393861	0.5585337615370733	0.8819245740668334	-4.640899687015295	
APOC2	-0.22446127881107475	-0.9982719022963853	0.5493493446742359	6.428877888195122	-0.583818151183796	0.562182475811385	0.8819245740668334	-4.641312781427969	
CO6A3	-0.1385324436636853	-0.6251054113603115	0.34804052403294083	6.5181304424634146	-0.573026050360383	0.5694058179831964	0.8819245740668334	-4.642115681584735	
THIO	0.13917668501156233	-0.3524999078562389	0.6308532778793636	6.4733602499756095	0.5697151949836453	0.571630969348724	0.8819245740668334	-4.642359076217902	
OLFL1	-0.13937951399477733	-0.6328139305001086	0.3540549025105539	6.607368965707317	-0.5685129427117586	0.5724400317476337	0.8819245740668334	-4.642447118816079	
CO8B	0.14369402078631327	-0.3668336096888289	0.6542216512614554	6.6759334427804875	0.5664874510030937	0.5738043665883272	0.8819245740668334	-4.642595038671415	
A1AG2	-0.1598972799859992	-0.7296654685488928	0.40987090857689434	6.8486073956585365	-0.5648247597373665	0.5749255134739484	0.8819245740668334	-4.6427160791492605	
COEA1	0.19211618154588156	-0.4979890757579321	0.8822214388496952	5.94532224095122	0.5602984981599813	0.5779829648333921	0.8823314825475936	-4.64304382505091	
MSRE	0.14545497394538953	-0.3825911556826551	0.6735011035734342	6.687434577780488	0.5544055398672636	0.5819754076071803	0.8841549461724468	-4.643466680995787	
SOST	0.228234048447971	-0.6141043039795044	1.0705724008754465	5.877622560707317	0.5453366765854576	0.5881453775529537	0.8877130256243865	-4.644108907072426	
FBLN2	-0.1294040204308645	-0.609300998559214	0.3504929576974851	6.108531642292683	-0.5427134721628217	0.5899358714592442	0.8877130256243865	-4.64429274598301	
CFAI	-0.12282453854732464	-0.5841847555935608	0.33853567849891153	6.9700211486097565	-0.5358162081253204	0.5946560000469114	0.8905748626294977	-4.6447719885584835	
MIME	0.1811556072023308	-0.5083298299618612	0.8706410443665228	5.776615614317073	0.5288074091883354	0.5994706339059555	0.8930394852407456	-4.645252846190664	
PEPD	-0.12761696348498625	-0.616665738420019	0.36143181145004655	6.6607263955609755	-0.5252028567047625	0.6019538302413886	0.8930394852407456	-4.645497736472375	
DERM	-0.18771252912100572	-0.9454216222692522	0.5699965640272409	6.159065308756097	-0.4986107184604291	0.620419429137699	0.9109032351434483	-4.647253722600471	
MUC18	-0.11434999671263459	-0.5782863862397098	0.34958639281444065	6.222731548634147	-0.4960763994983729	0.6221924895783364	0.9109032351434483	-4.647416410447001	
GAS6	-0.19144578579546206	-0.9691803357867348	0.5862887641958106	6.111326820512195	-0.4954333830076579	0.62264271769299	0.9109032351434483	-4.647457558957173	
HSP7C	0.09554094195736008	-0.2996160784343566	0.49069796234907676	6.614421013707317	0.486620796099965	0.6288277563386203	0.9157123087696037	-4.648016228813634	
POSTN	-0.13430505360147632	-0.7039141827213917	0.435304075518439	6.22920418397561	-0.4745546809411727	0.6373400045492628	0.9175936989416895	-4.648765197930687	
CO4A	-0.12678947371145824	-0.665054512556315	0.41147556513339856	6.82479328807317	-0.4740868122967081	0.6376710776370667	0.9175936989416895	-4.64879386777265	
PGS1	-0.1482614970995065	-0.7810475813870538	0.4845245871880407	6.0652284005365855	-0.47156580952167765	0.6394562726846903	0.9175936989416895	-4.648947870698022	
LTBP4	-0.1053956286124683	-0.5630575333477961	0.3522662761228595	6.167204921585366	-0.4634988734250282	0.6451831685177019	0.9175936989416895	-4.649435243470994	
TSP2	-0.13927834413481055	-0.7508860789605949	0.4723293906909738	5.993286247878049	-0.45833336543609454	0.6488617525908629	0.9175936989416895	-4.649742983322961	
PXDC2	-0.0810947027470783	-0.4408347782557171	0.2786453727615605	6.30902579904878	-0.45370598990340133	0.6521646416801943	0.9175936989416895	-4.650015784253657	
HTRA1	-0.10495686780032167	-0.5740290076545367	0.3641152720538933	6.336130503829268	-0.4503416043935567	0.6545704804845944	0.9175936989416895	-4.650212418072844	
LAMA5	-0.16642046761186205	-0.9145004479748987	0.5816595127511747	6.011113607146341	-0.44774377191302767	0.6564307047047566	0.9175936989416895	-4.6503632651985	
HV374	-0.11082659113884226	-0.6094324622217747	0.38777927994409017	6.514166142390244	-0.4473602942140599	0.656705487526132	0.9175936989416895	-4.650385459698837	
BCAM	-0.12766657243186738	-0.7111659569381638	0.45583281207442894	6.234033865487805	-0.44035977848335106	0.6617301371608201	0.9175936989416895	-4.6507873386758085	
S10AD	0.13365918889287218	-0.477869026039603	0.7451874038253474	6.392956944756097	0.4398991977838376	0.6620612764515987	0.9175936989416895	-4.650813560532384	
PTN	-0.14823520301446994	-0.8401897839930296	0.5437193779640898	5.800073274902439	-0.4311661042308086	0.6683528790137473	0.9222686016084898	-4.651305641209993	
COCA1	-0.1265019770026714	-0.7516376541720429	0.49863370016670006	6.042497857414634	-0.4072807424575415	0.6856828576670815	0.9419815781956691	-4.652601826701823	
SLPI	-0.10476494459978625	-0.6276146618704292	0.41808477267085675	6.2111118266097565	-0.4032830401157665	0.6886004574784795	0.9419815781956691	-4.65281165375918	
LV147	-0.07103858263870728	-0.43141144483747806	0.2893342795600635	6.677342961341464	-0.3967464567929111	0.6933812881191392	0.9444331338174482	-4.653150337960677	
CADH1	-0.0982072271781231	-0.6017203473310511	0.40530589297480485	6.4558676155121955	-0.39255770484617564	0.6964515807832722	0.9445437747961976	-4.653364499782139	
DEF1	-0.19685238246458325	-1.2612194832745898	0.8675147183454234	5.90987450197561	-0.37223746447782624	0.7114181908309611	0.955647418494444	-4.654371552866412	
NPC2	0.09572200477449956	-0.42534735347242114	0.6167913630214202	6.658341514390244	0.3697320501599686	0.7132716462275404	0.955647418494444	-4.654492055540126	
CATS	0.10344705174792679	-0.46220648200883774	0.6691005855046913	7.02527628397561	0.36807681417905236	0.7144971171740729	0.955647418494444	-4.654571225766388	
ZA2G	-0.08807981853304996	-0.5736899773173528	0.3975303402512529	7.025978664317073	-0.3650560042994784	0.716735563870833	0.955647418494444	-4.6547148058853605	
PRELP	-0.09639107461787062	-0.635058395116479	0.4422762458807377	6.031587649121951	-0.36015300384916304	0.7203740784392603	0.9558923399901578	-4.654945355300548	
TSP1	-0.13205956154926202	-0.8772797445022491	0.6131606214037251	6.101416211658536	-0.35666138421038796	0.7229692065115434	0.9558923399901578	-4.655107657992171	
LRP1	-0.06932537206418028	-0.4695606742032843	0.33090993007492375	6.442018558634146	-0.3486162805359249	0.7289611831566865	0.9586421033263522	-4.6554756646158975	
FRIH	-0.137193661558844	-0.9366221468977414	0.6622348237800535	6.393763492609756	-0.3454023406461568	0.7313597319915865	0.9586421033263522	-4.655620355818168	
SRP14	0.07766418750937254	-0.3798316864795178	0.5351600614982629	6.414581508390244	0.34166812921276535	0.7341499652056241	0.9586421033263522	-4.655786802655622	
ADIPO	-0.07239706984527804	-0.5047275729247025	0.35993343323414645	6.396231693756097	-0.3370357417518137	0.7376163639285034	0.9592048189358316	-4.655990793509025	
CO6	-0.0678601775341971	-0.4832671934918472	0.347546838423453	6.8069491682195125	-0.3287850126817867	0.7438039827665288	0.9628806886657476	-4.656347286495059	
A1AT	-0.07491780598821265	-0.5504801084837417	0.40064449650731637	6.979355002073171	-0.3170651266024348	0.7526226491706254	0.9628806886657476	-4.656838614133819	
QSOX1	0.0674861616720314	-0.36556657764238987	0.5005389009864527	6.554656484634147	0.3136496347062358	0.7551989945389395	0.9628806886657476	-4.656978472257316	
APOC3	-0.13102418436326166	-0.9734885640993381	0.7114401953728148	6.324150664292683	-0.3130190474670477	0.7556749625269328	0.9628806886657476	-4.657004129323994	
HPT	-0.08723071962864448	-0.6726626902672661	0.49820125100997714	6.586366557658536	-0.29989130063686986	0.7656052956655415	0.9628806886657476	-4.6575266279202365	
FHR1	-0.09480418262744543	-0.738871098379246	0.5492627331243553	6.600051237658537	-0.2962561368553808	0.7683622025302103	0.9628806886657476	-4.657667383415865	
CSPG2	0.06819855565331227	-0.4020265294156011	0.5384236407222256	6.054697652170732	0.29190412453954817	0.7716667482642118	0.9628806886657476	-4.657833653844183	
CTHR1	-0.06770152135728946	-0.54132910589	0.4059260631754212	6.180233857048781	-0.2876949827256698	0.7748668860708438	0.9628806886657476	-4.657992141123086	
IGHD	-0.07196542434207912	-0.5906167506525456	0.4466859019683874	6.548257057121951	-0.2792667596428186	0.7812865520510492	0.9628806886657476	-4.658302615911002	
PLTP	-0.09120119091121137	-0.7575136730058037	0.575111291183381	6.462066454048781	-0.27548211497788677	0.7841743112390348	0.9628806886657476	-4.658439048630833	
CD14	-0.07186624755844612	-0.6085766804920705	0.4648441853751783	6.74272324295122	-0.26949814474133044	0.7887464538368361	0.9628806886657476	-4.658650989298848	
APOA	-0.10765913963805988	-0.9548572558891941	0.7395389766130744	6.236611787048781	-0.25576244297312706	0.7992696405603206	0.9628806886657476	-4.6591199774115335	
CO7	-0.051622736532862305	-0.46866811420890503	0.3654226411431804	6.69895064502439	-0.2491314518787704	0.8043634102762031	0.9628806886657476	-4.6593376519158225	
S10AA	-0.05763288948121133	-0.5319821033153086	0.4167163243528859	6.64850156004878	-0.24453614245207403	0.8078984712826524	0.9628806886657476	-4.659485164050178	
FBLN4	0.05122322350088464	-0.3708066701475613	0.4732531171493306	6.171295160219512	0.24428372798036194	0.8080927658144925	0.9628806886657476	-4.659493187524999	
TRFE	-0.059792896320977236	-0.5644300676391383	0.44484427499718376	6.9759440440243905	-0.2384740908202213	0.8125680538629079	0.9628806886657476	-4.659675578546661	
MMP12	-0.10280657645732429	-0.9715440096675508	0.7659308567529023	6.180041103658537	-0.23817885869939545	0.8127956477608956	0.9628806886657476	-4.6596847305656475	
YBOX1	0.05063592374008003	-0.3815186811767157	0.4827905286568758	6.467060136658536	0.23582532423739308	0.8146105655658955	0.9628806886657476	-4.659757285140405	
APOA2	0.06000608430783036	-0.45962874262423914	0.5796409112398999	6.956265712829269	0.23241699694840462	0.8172407023295633	0.9628806886657476	-4.659861085260806	
LTBP1	-0.05676827085302315	-0.5487121909065878	0.4351756492005416	6.027040055243902	-0.2322527776164394	0.8173674809882516	0.9628806886657476	-4.659866048546863	
HEP2	-0.060757372447156774	-0.5900479077082819	0.46853316281396834	6.863444553804878	-0.23103389713597247	0.8183086206336118	0.9628806886657476	-4.6599027782288704	
VTDB	-0.0424271968365308	-0.43627741716414314	0.35142302349108157	6.8805535823902435	-0.2168123887345676	0.829309172535049	0.9628806886657476	-4.660317103893651	
ITB1	0.0411877977729948	-0.35829828328994323	0.44067387883593284	6.373377363487805	0.20750939669152263	0.8365240711723976	0.9628806886657476	-4.660573951711552	
MANF	0.04766977261121798	-0.4155017348058303	0.5108412800282662	6.813330817097561	0.2071438735093815	0.8368078457519756	0.9628806886657476	-4.660583814369321	
CO9	0.05242463978053715	-0.4577563896204305	0.5626056691815048	6.696765616756098	0.20681498244326296	0.8370631996684696	0.9628806886657476	-4.660592673798227	
IBP6	-0.06495585306906086	-0.7043939729382742	0.5744822668001526	6.556438687170732	-0.2044516481654978	0.8388986329815536	0.9628806886657476	-4.660655922970106	
S10AB	0.04451425014947441	-0.4065180230323196	0.4955465233312684	6.898712589341463	0.1986379807086978	0.8434175267575029	0.9628806886657476	-4.660808429058068	
OLFL3	-0.06288628437460665	-0.7055941688493171	0.5798216001001039	6.531473795512195	-0.19693057808283743	0.8447456895087655	0.9628806886657476	-4.660852385206004	
VWF	-0.07374113393849584	-0.8324493914778234	0.6849671236008318	6.5535936709756095	-0.19561666430524552	0.8457680738537575	0.9628806886657476	-4.660885953648302	
IBP5	-0.05586752400017472	-0.6309969170274817	0.5192618690271323	6.096273690487805	-0.19550807915553223	0.8458525783009616	0.9628806886657476	-4.660888717807334	
AFAM	-0.04407202424432284	-0.4984342925923707	0.41029024410372505	7.037979480658537	-0.1952232720041592	0.8460742330619594	0.9628806886657476	-4.660895960629161	
IGF2	-0.06400275295012987	-0.7479558173473995	0.6199503114471396	6.015348286926829	-0.1883402762787734	0.8514347959830975	0.9628806886657476	-4.661067798022382	
CAD13	0.04169850675964394	-0.4075022365411908	0.49089925006047863	6.251447180390244	0.1868318374200083	0.8526105439994107	0.9628806886657476	-4.661104635450762	
CATB	0.050608209386244135	-0.4960221406378793	0.5972385594103675	6.720973794268293	0.18633656216439176	0.85299665867594	0.9628806886657476	-4.661116666101963	
SDF1	0.0455524552377837	-0.45726225191335057	0.548367162388918	6.2924969013414636	0.18233694164177958	0.8561160724598629	0.9628806886657476	-4.66121265322021	
SPP24	0.08447081593662786	-0.8510939892481094	1.020035621121365	6.1948407065121955	0.18172039057827039	0.8565971454639908	0.9628806886657476	-4.661227265097441	
C1S	-0.044200124655075355	-0.5416558050202376	0.4532555557100869	6.6342863597804875	-0.17882982352608118	0.858853283595738	0.9628806886657476	-4.661295111547224	
CO8A	0.04108740655753963	-0.42531769985582407	0.5074925129709034	6.679661487097561	0.17730308040347112	0.8600454151334218	0.9628806886657476	-4.661330508864029	
CD9	0.04710437824120705	-0.49500965155556365	0.5892184080379778	6.309991036926829	0.17488053650712812	0.8619376926869483	0.9628806886657476	-4.661386053913761	
COIA1	-0.037502307083098894	-0.4703404640355659	0.39533584986936815	6.267869017853658	-0.17438265867381209	0.8623266926974892	0.9628806886657476	-4.6613973750287725	
HEMO	-0.04117764776111069	-0.5703267232177031	0.4879714276954817	6.879066600390244	-0.15662256813591477	0.8762247714141513	0.9749543231227882	-4.661780152926913	
RNAS4	-0.041387867132615226	-0.6026289394481461	0.5198532051829157	6.093125772731708	-0.14842069081461118	0.8826567212798947	0.9759501182296096	-4.661943088249234	
TTHY	-0.03576524306955026	-0.5340062476783579	0.4624757615392574	6.810907249585366	-0.1444749532410851	0.8857538636132011	0.9759501182296096	-4.6620183568475015	
ITB3	-0.04288256403243551	-0.643616608973385	0.557851480908514	6.509199938780488	-0.14367107716543498	0.8863850757338543	0.9759501182296096	-4.662033443283924	
CO8G	0.030569665213641437	-0.45603851987650684	0.5171778503037897	6.5136330242439024	0.12643931109591214	0.8999328774020483	0.9874263515939142	-4.662336622192361	
GRP75	-0.03379959024262065	-0.6003246620038547	0.5327254815186133	6.4512484191707316	-0.12007791794879166	0.904942115733848	0.9887370298134462	-4.6624387824940055	
MIF	0.035353886430850565	-0.5769052314351607	0.6476130042968619	6.782554636585366	0.11621782655395016	0.907983638925085	0.9887370298134462	-4.662498205957708	
SODE	0.038586585022831035	-0.6586147477714641	0.7357879178171263	5.6737079735853655	0.11139071304739036	0.9117890742952034	0.9887370298134462	-4.6625697870349425	
LBP	-0.0390043630097356	-0.7608098177405499	0.6828010917210786	6.47765633	-0.10875866753847396	0.9138649231010592	0.9887370298134462	-4.662607539715527	
TARSH	0.026298513130748317	-0.4780188630656677	0.5306158893271643	6.227556456634146	0.10495378640067637	0.9168668363095419	0.9887370298134462	-4.662660520710485	
LEG3	0.02902292302430122	-0.5486993129085095	0.6067451589571119	6.704031956487805	0.10110972163867167	0.9199009074846619	0.9887370298134462	-4.662712133234013	
CFAD	0.019181709145448828	-0.5285496267835268	0.5669130450744244	6.239384575292683	0.07048400313297495	0.9441126626458021	0.9958139027936386	-4.663054588784316	
THRB	0.025501521300453585	-0.7218157906798348	0.772818833280742	6.221878272292683	0.06868025426566302	0.945540543777733	0.9958139027936386	-4.663070948236277	
FHR3	-0.020639426213220114	-0.6882341860164524	0.6469553335900121	6.450386056634146	-0.062223659405244595	0.9506531521575785	0.9958139027936386	-4.663126032910671	
LYSC	-0.019260970953900017	-0.665848043386748	0.627326101478948	6.129652855365854	-0.05995453061278098	0.9524504550675652	0.9958139027936386	-4.663144102044331	
MGP	0.03017210571267325	-1.113143793116372	1.1734880045417182	5.562177860609756	0.05311414881582551	0.9578699716735397	0.9958139027936386	-4.663194512010463	
ALBU	-0.01185624793121512	-0.5200102639397155	0.4962977680772853	6.979605708073171	-0.04695942369286761	0.9627479811893269	0.9958139027936386	-4.663234657248308	
FA9	-0.012214648294757336	-0.5458720258538797	0.521442729264365	6.511792329463415	-0.04606693276850942	0.9634554608249168	0.9958139027936386	-4.6632400688016125	
CCL18	-0.01255265981604998	-0.5632078240379215	0.5381025044058214	6.3158026716585365	-0.04588036782595837	0.963603355063982	0.9958139027936386	-4.663241186905161	
CO4B	-0.011198089969988367	-0.5081689690869526	0.4857727891469759	6.937355875170732	-0.04535068585274361	0.9640232529450152	0.9958139027936386	-4.663244336621635	
CD59	0.010877830608511102	-0.4831850300226762	0.5049406912396984	6.461179176853658	0.044312977381205425	0.9648459113938644	0.9958139027936386	-4.663250401284495	
CATG	0.017018016792306506	-0.8569077136429099	0.8909437472275229	6.579876064560976	0.03919270781719989	0.9689056278542155	0.9958139027936386	-4.663278270726536	
CBPA3	0.021868443620733737	-1.1125465124719116	1.156283399713379	6.439518972365853	0.03879866477300909	0.9692180892820067	0.9958139027936386	-4.663280273877431	
PROS	-0.007226394655723142	-0.5283137258087653	0.513860936497319	6.450455435146341	-0.027911424996953805	0.9778530205235815	0.9958139027936386	-4.663327615093848	
CYTB	-0.0055307162645641126	-0.6201971181458237	0.6091356856166954	6.719530043536586	-0.0181097623927943	0.9856292775945514	0.9958139027936386	-4.663357018526219	
AEBP1	-0.004372017696977123	-0.49041933630900136	0.48167530091504707	6.004818271756098	-0.018103986112337173	0.9856338607610762	0.9958139027936386	-4.66335703216157	
LTBP2	0.003713753029567672	-0.4623467675192624	0.46977427357839774	5.981161569902439	0.016037680281584553	0.9872733930470818	0.9958139027936386	-4.66336163074819	
ITGBL	-0.0033622165467034762	-0.4687474671840626	0.46202303409065565	6.374918074365854	-0.014540653122449853	0.9884612602168551	0.9958139027936386	-4.663364614684649	
FRIL	0.007268732727502637	-1.0076696944536985	1.022207159908704	6.42463636507317	0.014414177054492319	0.9885616182074106	0.9958139027936386	-4.663364853397551	
S10A6	-0.002624381814767864	-0.5030293447638639	0.4977805811343281	6.585007853365854	-0.010555438010419053	0.9916235862586185	0.9958139027936386	-4.663371134048408	
CATZ	0.0025571002055367956	-0.5450690486711864	0.55018324908226	6.717402236609756	0.009397977869580026	0.9925420754249592	0.9958139027936386	-4.663372639517156	
SAMP	0.0021305009637785067	-0.5990742302980524	0.6033352322256095	6.7094509432926825	0.007132309710011577	0.9943399986877012	0.9958139027936386	-4.663375080842672	
ANXA2	-0.0011531372713842185	-0.4411307623980767	0.43882448785530825	6.615408367829268	-0.0052749854553982125	0.9958139027936386	0.9958139027936386	-4.663376582996315	
