	logFC	CI.L	CI.R	AveExpr	t	P.Value	adj.P.Val	B	
S10A6	0.3450143539388171	0.10336862514916681	0.5866600827284674	6.525967452154762	-2.8378846258400636	0.00565156412054825	0.8574195535327207	-3.692196785858083	
CRLF1	0.49323216454088237	0.14439560931369982	0.842068719768065	6.659649643202381	-2.810386789956172	0.006112893804082602	0.8574195535327207	-3.7113334797212354	
ANXA6	0.3079846241552508	0.08019168718802139	0.5357775611224802	6.664696078821429	-2.6873576934231638	0.008629331436092227	0.8574195535327207	-3.7953096137536955	
CO1A2	0.4432813576089191	0.07952522760014752	0.8070374876176907	6.564708171261905	-2.422176805673395	0.017504988070965868	0.8574195535327207	-3.9667175150059633	
ANXA1	0.23662985480604914	0.035237492881900895	0.43802221673019737	6.638043987714286	-2.335410543446049	0.02182523232845345	0.8574195535327207	-4.019802176692679	
CO5A1	0.40379511865019513	0.058412196474364186	0.749178040826026	6.547746118142857	-2.323790113097145	0.02247034129614453	0.8574195535327207	-4.026795110472412	
CO1A1	0.460773598614981	0.06111044782857511	0.8604367494013869	6.477129552011905	-2.291554411273771	0.02434899642578675	0.8574195535327207	-4.046047848700773	
MGP	0.6317254446621323	0.05766273406903932	1.2057881552552252	5.991356399297619	-2.187286775044035	0.03140660474161791	0.8574195535327207	-4.106830218096446	
YBOX1	0.25360689180687557	0.013510731719218544	0.49370305189453256	6.523013313369048	-2.0994838182765734	0.03867370165754913	0.8574195535327207	-4.156210094489127	
ANXA2	0.20702550044632625	0.009478636508099186	0.40457236438455335	6.394300539547619	-2.083005411097806	0.04018876205128411	0.8574195535327207	-4.165290098756061	
FHR3	-0.6032937953517832	-1.1820202949888134	-0.024567295714752913	6.0545542552619045	2.0720116094866743	0.04122780256515225	0.8574195535327207	-4.171314687508264	
S10A9	0.5075506865283363	0.020430654359386347	0.9946707186972863	5.220921409952381	-2.0710001218642966	0.04132455247453966	0.8574195535327207	-4.171867640675639	
CO5A2	0.3608079804622489	0.009748383058045373	0.7118675778664524	6.566422574095238	-2.042828833218057	0.044098853501846454	0.8574195535327207	-4.18717704694555	
CO8A1	0.3654448406954371	0.006961473701337151	0.723928207689537	6.560638269357143	-2.026233631949511	0.04580686711951707	0.8574195535327207	-4.196112915806484	
F13B	-0.5807590034554337	-1.1508425580796353	-0.010675448831232281	6.030860240190476	2.02485595211648	0.045951176142520145	0.8574195535327207	-4.196851977962841	
CO2A1	0.43519115713246914	0.00176055444442208	0.8686217598205161	6.532576129297619	-1.9957088582435119	0.04909681403227974	0.8574195535327207	-4.212388324790115	
CO3A1	0.4808887069439262	-0.0027249266690776985	0.9645023405569302	6.400876091952381	-1.9764359160986578	0.05127629761638234	0.8574195535327207	-4.222556385778652	
PODN	0.2633737926469408	-0.002268796319710331	0.5290163816135919	6.606748400035714	-1.9706593041481997	0.05194538753065146	0.8574195535327207	-4.225587662674083	
ANXA5	0.18122589463368793	-0.00378122678974252	0.3662330160571184	6.622133198952381	-1.9470114300762602	0.054762443373906955	0.8574195535327207	-4.237917897551159	
CO5A3	0.38611754786666974	-0.013325106511213491	0.7855602022445529	6.375899093285715	-1.9213292526266956	0.05796759585368644	0.8574195535327207	-4.251164386846463	
MFGM	0.3419708036732586	-0.012238536872527017	0.6961801442190443	6.711765344142857	-1.918959081457639	0.058271231793485874	0.8574195535327207	-4.252379273881146	
CO4A1	0.35990905571017756	-0.01975601628582707	0.7395741277061822	6.476898514976191	-1.8842079137062102	0.06287962718718917	0.878114462830278	-4.270043374341718	
LEG3	0.24739311704614517	-0.018094155163398268	0.5128803892556886	6.25759500625	-1.8521689607418814	0.06739625063539513	0.878114462830278	-4.28608130390135	
FBN1	0.22926104391790617	-0.018533924453422806	0.4770560122892351	6.676237141380953	-1.8389692897363619	0.06933449327533175	0.878114462830278	-4.292619237980829	
KVD11	-0.4148024244005987	-0.87692079204265	0.04731594324145261	6.14577307072619	1.7841228279490786	0.0778935123629603	0.878114462830278	-4.319347567750553	
COGA1	0.38706029289019245	-0.06558184729551975	0.8397024330759046	6.539491031297619	-1.699653261508184	0.09277249778881176	0.878114462830278	-4.35911644959002	
S10A8	0.4218579728000894	-0.08322583214096801	0.9269417777411468	5.311952588845238	-1.6601201178335134	0.10049412424155954	0.878114462830278	-4.3771400814964005	
KV315	-0.29151133809443	-0.6406205422377287	0.05759786604886874	6.164944203619048	1.6597047869212491	0.10057793274922835	0.878114462830278	-4.377327425557215	
CO8A2	0.3081478920215555	-0.06104459603348672	0.6773403800765978	6.494446408547619	-1.658987217921383	0.10072286259214476	0.878114462830278	-4.377651001928258	
ITIH4	-0.24648278577581517	-0.5421085294076051	0.04914295785597478	6.334030413214285	1.6572233273710826	0.10107984120826674	0.878114462830278	-4.378445868536074	
CFAH	-0.2333498872652877	-0.5149952091344832	0.048295434603907755	6.377065605964286	1.6468033736887988	0.10320961478243557	0.878114462830278	-4.383125998722328	
HPTR	-0.4224738374940962	-0.935578887979106	0.09063121299091353	5.935730697559523	1.6365535661134387	0.10533987993130586	0.878114462830278	-4.387703901473081	
S10A4	0.22189121977779114	-0.04909567238992918	0.49287811194551145	6.677965350821428	-1.6275282212419664	0.10724491833864294	0.878114462830278	-4.391713686518414	
CO4A2	0.25725822770470363	-0.06240477585498927	0.5769212312643965	6.563304529571429	-1.599608091190801	0.11331450264442196	0.878114462830278	-4.403991767136194	
COLA1	0.2491190326738214	-0.061019584809016036	0.5592576501566588	6.7284740955833335	-1.5965692368542173	0.11399141785923156	0.878114462830278	-4.405316576998321	
OSTP	0.5223129952184697	-0.13591675701141137	1.1805427474483507	5.499475073	-1.5772117986011724	0.11837969432325397	0.878114462830278	-4.41370219660684	
SOST	0.5399291256154911	-0.1410941206421953	1.2209523718731776	6.180389895452381	-1.5758377990869705	0.11869623054664442	0.878114462830278	-4.4142938981879585	
PRDX1	0.18369171860581265	-0.0503128920037291	0.4176963292153544	6.55338544075	-1.5602775424086721	0.12232823481027742	0.878114462830278	-4.4209622182683495	
KV320	-0.23117663921848303	-0.5270932929676106	0.06474001453064454	6.271178834273809	1.5527846640175036	0.12410843150488446	0.878114462830278	-4.424151889753998	
PLMN	-0.32694002634722397	-0.7494532539728012	0.09557320127835323	6.041475358642857	1.538028835870664	0.127674273598886	0.878114462830278	-4.430392606344808	
F13A	-0.2827254721259551	-0.6485189820312782	0.083068037779368	6.189478194595238	1.5362632331604245	0.12810632001747307	0.878114462830278	-4.431135710826784	
CAD13	0.2712308035102963	-0.07992753644810552	0.6223891434686981	6.569651242273809	-1.5352274176366416	0.12836032380574308	0.878114462830278	-4.431571302371476	
IGHG2	-0.24092117126813295	-0.5544753041865537	0.07263296165028776	6.319566849595238	1.5272113076806388	0.13033953233648748	0.878114462830278	-4.434933281863926	
LEG1	0.2471391112607021	-0.07456861936772563	0.5688468418891298	6.449810887297619	-1.5269213868158917	0.13041156383654773	0.878114462830278	-4.435054575468631	
SAP	0.2228526864572145	-0.07155285406659417	0.5172582269810232	6.178871480392857	-1.5045568058424195	0.13606339975144446	0.878114462830278	-4.444347953094937	
PROP	-0.2194320310411924	-0.518363484309844	0.0794994222274592	6.538787508071429	1.4590329640841655	0.14816064578020455	0.878114462830278	-4.462877528565917	
PRDX2	0.1840831710276396	-0.06742116985478497	0.4355875119100642	6.439920578321429	-1.4548067127217197	0.14932483982173897	0.878114462830278	-4.464571270080409	
GANAB	-0.12407311635546207	-0.29583778559764634	0.04769155288672221	6.508238438369047	1.4357556955470456	0.15466112063840143	0.878114462830278	-4.472150230432156	
ECM2	0.2208931000956388	-0.0850377508137021	0.5268239510049797	6.587486314083334	-1.4351442994402301	0.1548347853403206	0.878114462830278	-4.472391937018936	
LAMA5	0.21758004291095714	-0.08563451948043169	0.520794605302346	6.628550545880953	-1.4262829726316795	0.15736875864488592	0.878114462830278	-4.475884490939647	
ANXA4	0.21862744847321186	-0.08653552763998279	0.5237904245864065	6.456628818261905	-1.4239985242161575	0.1580271723238203	0.878114462830278	-4.47678164009459	
HMCN1	0.2270262191227608	-0.09170568659403758	0.5457581248395592	6.6942725939642855	-1.4157519605249225	0.1604216301881702	0.878114462830278	-4.4800092015509945	
HV169	-0.2819072681543406	-0.6790193415768001	0.11520480526811894	6.180630490797619	1.4110093009635487	0.16181128118109217	0.878114462830278	-4.4818575641491	
IBP5	0.295630862517439	-0.12246028681933852	0.7137220118542165	6.341285120940476	-1.4054502953407764	0.16345187788501978	0.878114462830278	-4.48401679412502	
IGHG4	-0.2459742396305153	-0.5961376852166929	0.10418920595566222	6.219321309011905	1.3962253354134122	0.16620249273223592	0.878114462830278	-4.487582578674299	
FETUA	0.47444119956326253	-0.20103616780180295	1.149918566928328	5.6098792305	-1.3960735140412799	0.1662480558688778	0.878114462830278	-4.487641081659345	
FIBB	-0.4563407921014669	-1.1076244214290598	0.1949428372261261	5.768629510226191	1.3926943850441262	0.16726464175014563	0.878114462830278	-4.488941675739504	
FIBG	-0.46366373314983894	-1.1289304946646115	0.20160302836493355	5.725287813511905	1.385300518316901	0.16950559578737945	0.878114462830278	-4.491777332899279	
C1QB	-0.24555752372361628	-0.6003440976135084	0.10922905016627588	6.372250411630953	1.3756969145634135	0.17245038637639143	0.878114462830278	-4.495439590147651	
CFAB	-0.1733370250678148	-0.425931278127796	0.07925722799216645	6.413525112011905	1.3639692134387733	0.17609909897328074	0.878114462830278	-4.499879824727919	
HPT	-0.29204502160975765	-0.7193040602600248	0.1352140170405095	6.121392631416667	1.3586113644005762	0.17778538975688482	0.878114462830278	-4.5018966265271265	
SCUB3	0.2667752832846854	-0.12423549609282997	0.6577860626622007	6.605149757797619	-1.3561057399295124	0.1785781767985956	0.878114462830278	-4.502837264713593	
SAA1	-0.46142433353479917	-1.138446770234275	0.21559810316467665	5.467877207892857	1.3546719136185585	0.17903304581976542	0.878114462830278	-4.503374813005403	
FBLN5	0.18521762934002822	-0.09287804038661795	0.4633132990666744	6.591276174023809	-1.323807354176371	0.18903826039162924	0.8785937003886398	-4.514817815047029	
TIMP3	0.2529201705721125	-0.12862075912678128	0.6344611002710063	6.14296416702381	-1.3175861682364323	0.19110479904436684	0.8785937003886398	-4.517094565018379	
FIBA	-0.39131814233185364	-0.9825036566407941	0.19986737197708687	5.952231863571429	1.3156576451260944	0.19174883317062696	0.8785937003886398	-4.517798310497877	
S10AB	0.1303565921669023	-0.06775229966097213	0.3284654839947767	6.531975227726191	-1.3078734523735265	0.19436489130662596	0.8785937003886398	-4.520629096087077	
OMD	0.21868450704061637	-0.11887915832189178	0.5562481724031245	6.60922028047619	-1.2876535120711468	0.20128462658188487	0.8785937003886398	-4.5279089046286005	
A2MG	-0.2471470157209348	-0.6312738531791918	0.13697982173732223	6.148896370976191	1.278843541979505	0.20435614913827985	0.8785937003886398	-4.531047580069537	
SODE	0.25647597263617494	-0.14349242367440063	0.6564443689467505	6.647075053130952	-1.27455242435718	0.20586471430882128	0.8785937003886398	-4.532569043053164	
COBA1	0.3778989615640488	-0.21190818365704212	0.9677061067851397	5.925363934297619	-1.2735100120138751	0.20623241938422818	0.8785937003886398	-4.532937918582465	
LV310	-0.2180379205264584	-0.5591562473666073	0.12308040631369047	6.075218201535714	1.2704678318087521	0.20730830549794932	0.8785937003886398	-4.534012829208312	
EDIL3	0.19665087953644858	-0.11118252712652352	0.5044842861994207	6.516085516833333	-1.2697459587961488	0.2075642075351803	0.8785937003886398	-4.534267538953866	
IGHG1	-0.1926512252023589	-0.4962311506122	0.11092870020748224	6.292261696345238	1.2613494438163317	0.21055789120431953	0.8792214646234423	-4.537220240084652	
CO6A3	0.21188223069280313	-0.12726913404555854	0.5510335954311648	6.333108534833333	-1.2417599887578783	0.21766561145265512	0.8919718074094974	-4.544037514575299	
ITB2	0.1667289322057421	-0.10910711828026698	0.44256498269175115	6.244739121333334	-1.201424924841101	0.23284996600376934	0.8919718074094974	-4.557758047662716	
A1AG1	0.22821265461138154	-0.15428707102726638	0.6107123802500295	5.7737155052023805	-1.1858924098993688	0.23889663854556997	0.8919718074094974	-4.562927647198695	
C1QC	-0.16720110750399766	-0.44886722388828526	0.11446500888028996	6.340176495190476	1.1798892346950154	0.24126356603510682	0.8919718074094974	-4.5649086151889735	
KV240	-0.1744060603973237	-0.47010509340214923	0.12129297260750183	6.317928460035715	1.1723259067465315	0.2442694785662182	0.8919718074094974	-4.567390873927975	
THIO	0.12052957997081964	-0.08458641860360427	0.32564557854524356	6.471830870154762	-1.1679676179513545	0.2460137060003366	0.8919718074094974	-4.56881438809189	
A2AP	-0.3168590258454675	-0.8604743062756881	0.22675625458475318	5.829131985309524	1.1585402363409911	0.24981697389637653	0.8919718074094974	-4.571876400847295	
LTBP2	0.1592581686346528	-0.1142629347820519	0.4327792720513575	6.623072912630953	-1.1573043143649255	0.25031866115843604	0.8919718074094974	-4.572276084826145	
LOXL1	0.16729109779477142	-0.1202759203768558	0.45485811596639864	6.649756670452381	-1.1562998027042304	0.2507269409593144	0.8919718074094974	-4.5726006353058235	
FHR1	-0.261452348119046	-0.7125222919623913	0.18961759572429931	5.9773740765714285	1.1520872000111586	0.25244428612315417	0.8919718074094974	-4.573958787144403	
PGBM	0.1835523141474428	-0.13521636955685304	0.5023209978517387	6.804056941261905	-1.144513473833914	0.2555527980053259	0.8919718074094974	-4.576388746714826	
CD59	0.14854586965965544	-0.10979338852934584	0.4068851278486567	6.524258745892857	-1.142896406282189	0.25621998838261	0.8919718074094974	-4.5769055977376505	
THRB	0.3074544949405814	-0.23212373062592917	0.847032720507092	6.040256650869048	-1.1325649723909148	0.26051171839556636	0.8919718074094974	-4.5801913775779175	
KNG1	0.23937086168138655	-0.18674617722115983	0.6654879005839329	6.19561768847619	-1.1165523175837964	0.267262998308711	0.8919718074094974	-4.585227958771715	
VINC	0.18604300882652627	-0.14563894350927373	0.5177249611623262	6.628812151821428	-1.1148802143840095	0.2679749879022644	0.8919718074094974	-4.5857499648091515	
TR11B	0.1825562182696508	-0.15262977069274558	0.5177422072320472	6.341559929678572	-1.082548764522861	0.2820029498020469	0.8919718074094974	-4.595696813511546	
APOC1	0.16223736144964734	-0.13572457916066405	0.46019930205995874	6.3702253065238095	-1.0822479579420918	0.2821358003762258	0.8919718074094974	-4.595788046876955	
ECM1	-0.13486385156980982	-0.3830806420195417	0.11335293887992204	6.673125943154762	1.079943655610587	0.28315492274436593	0.8919718074094974	-4.596486129382921	
IGKC	-0.17458147996455192	-0.4959744377948078	0.14681147786570398	6.164260040654762	1.079688582640447	0.2832678894931947	0.8919718074094974	-4.59656331578709	
IGHG3	-0.2117685020020178	-0.6026347473666259	0.17909774336259032	6.249288096702381	1.0768863996302394	0.28451096563490935	0.8919718074094974	-4.597410125001808	
PRELP	0.18986993196674035	-0.16113165743369884	0.5408715213671795	6.773177454380952	-1.0751865089332415	0.2852668813023153	0.8919718074094974	-4.597922801742668	
ANX11	0.13260482094780576	-0.11288626037561555	0.3780959022712271	6.450388930523809	-1.0736439698764295	0.28595401971145096	0.8919718074094974	-4.598387352870343	
APOC2	0.2330995149326422	-0.2153845359012055	0.6815835657664899	6.257848429511904	-1.033073119316889	0.3044356630782583	0.8919718074094974	-4.6103766034705025	
SPP24	0.2152675718821384	-0.1990111626330044	0.6295463063972813	6.2329893367619045	-1.0328153071029709	0.3045556309965766	0.8919718074094974	-4.610451376810945	
CO6A1	0.18967604478856503	-0.17628232972529995	0.5556344193024301	6.354267605464286	-1.030190379013728	0.30577890775709043	0.8919718074094974	-4.611211667202863	
C1R	-0.16542635308060602	-0.4850421630581817	0.1541894568969697	6.218621879345238	1.028757789032007	0.3064479237805624	0.8919718074094974	-4.611625823701956	
LAMB2	0.1371427355433091	-0.13054705953078075	0.404832530617399	6.662591900761905	-1.0183045571434806	0.3113594118075459	0.8919718074094974	-4.614631084243092	
MIME	0.2232135868205782	-0.21634772116476622	0.6627748948059227	6.7673474130595235	-1.0093408812471585	0.3156128665669245	0.8919718074094974	-4.61718464724464	
CERU	-0.2065001465681941	-0.6139586957257092	0.20095840258932096	5.957832141107143	1.0073343054891197	0.3165703231882449	0.8919718074094974	-4.617753309299383	
C1QA	-0.17397124683706175	-0.5175177828713214	0.16957528919719797	6.237425800845238	1.0065343409214595	0.3169525738745173	0.8919718074094974	-4.617979715669229	
B2MG	0.1652921628342414	-0.1658627604800578	0.4964470861485406	5.918165752666667	-0.9921052341830621	0.32390016262755583	0.8919718074094974	-4.622033773605112	
HV307	0.14102125098683282	-0.14213359270181058	0.42417609467547623	6.28816342402381	-0.9899135351706424	0.3249642262425083	0.8919718074094974	-4.622644639075224	
CTHR1	0.12318405661523266	-0.12452521925449603	0.37089333248496137	6.619920887154762	-0.988436847193176	0.3256824574714816	0.8919718074094974	-4.623055485680819	
CD14	0.17543691892115545	-0.17876116391363892	0.5296350017559498	5.96499115977381	-0.9844903873031581	0.32760708562882024	0.8919718074094974	-4.624150581153767	
PROC	0.3139301705198695	-0.3207817558752185	0.9486420969149575	5.933372656357143	-0.9830895771338802	0.32829204165054415	0.8919718074094974	-4.6245382756800195	
ITB1	0.13674556059928622	-0.14201327534929553	0.41550439654786797	6.772869271238095	-0.9750374310921737	0.33224762395151264	0.8919718074094974	-4.626756518906498	
APOB	-0.23126110902264044	-0.7041066459794612	0.2415844279341803	6.071978642904762	0.9721202824274793	0.3336883590976365	0.8919718074094974	-4.627555814555445	
POSTN	0.18823596718071325	-0.20083283515994835	0.5773047695213749	6.269778451095238	-0.9616408338256474	0.338897765678733	0.8919718074094974	-4.630408141002797	
TINAL	0.1869882857320372	-0.1996638607760813	0.5736404322401557	6.7510524641071425	-0.9612374202536287	0.33909936112855177	0.8919718074094974	-4.630517347795292	
HPLN1	0.2601036812082245	-0.27787040949842606	0.7980777719148751	6.349368459726191	-0.9609965602856647	0.3392197619488989	0.8919718074094974	-4.630582529167058	
AACT	-0.13262147166310043	-0.40736151510414864	0.14211857177794782	6.331217882035714	0.9594637584269441	0.3399866309131797	0.8919718074094974	-4.6309969661009704	
CO6A2	0.16837471365556864	-0.18517735169361557	0.5219267790047528	6.4137580339880955	-0.9465862380124654	0.3464739239615372	0.8919718074094974	-4.634453576555348	
NID1	0.12399073200483786	-0.1371140541103798	0.3850955181200555	6.687205531952381	-0.9438676164612809	0.3478536670248247	0.8919718074094974	-4.635177553746553	
BGH3	0.13587038761974224	-0.15679861786188581	0.4285393931013703	6.301083859809524	-0.9227515369159557	0.3586911823990061	0.8919718074094974	-4.640732354057208	
FMOD	0.19804027609910727	-0.2290684115381216	0.6251489637363361	6.617639815535714	-0.9216198337773098	0.35927804836796784	0.8919718074094974	-4.641026631359058	
HTRA1	0.15631781297757344	-0.18124222759944172	0.4938778535545886	6.617548191535715	-0.9204371403434027	0.3598920118687947	0.8919718074094974	-4.641333794609797	
IGHA1	-0.20459764665573937	-0.6479065363368164	0.2387112430253377	6.045106298690476	0.9173411771555138	0.361502369609102	0.8919718074094974	-4.642136056899176	
HEMO	-0.12126789029529138	-0.38784710131302136	0.14531132072243858	6.335180788690476	0.9041827942238285	0.36839783538039517	0.8919718074094974	-4.6455166352239985	
SDF1	0.14040356199193557	-0.16963535905218893	0.45044248303606005	6.529576126654762	-0.9001162529671367	0.3705455869137293	0.8919718074094974	-4.646551826091838	
AGRIN	0.09502641367467239	-0.11824331311468271	0.3082961404640275	6.702086525797619	-0.8856289838637402	0.37826116981649105	0.8919718074094974	-4.650203012629786	
FRIL	0.20761986351586253	-0.2586408834715126	0.6738806105032377	5.498582915904762	-0.8850682074256802	0.3785618362185029	0.8919718074094974	-4.650343189490899	
PGCA	0.24163616775124355	-0.3015840044362059	0.784856339938693	6.483089192083333	-0.8841434729069946	0.3790579695295837	0.8919718074094974	-4.650574156700637	
COEA1	0.15974073334100894	-0.20294691481978736	0.5224283815018053	6.6189959747976195	-0.8754263270189293	0.3837548237407775	0.8919718074094974	-4.652739897617453	
PON1	-0.2986998381855392	-0.9775147448143513	0.380115068443273	5.375256802190476	0.8746218266548017	0.3841901132245997	0.8919718074094974	-4.652938723623897	
EMIL1	0.07826230737677665	-0.10072993373660068	0.257254548490154	6.630609010809524	-0.8690707569545802	0.38720198981333975	0.8919718074094974	-4.654305793552644	
HRG	-0.12770057778238836	-0.41980403196438154	0.16440287639960482	6.212329035083333	0.8689461517757894	0.3872697652677427	0.8919718074094974	-4.654336383331229	
CO8B	-0.17661528975533328	-0.582151266248844	0.22892068673817736	6.10499155075	0.8656365884448934	0.38907260122686727	0.8919718074094974	-4.655147302029605	
FHR5	-0.17606758721478763	-0.5825125083139979	0.2303773338844227	6.356362598178571	0.8610223135520336	0.3915948161348539	0.8919718074094974	-4.656272891334124	
MEGF6	0.18936930257197812	-0.24821170009353247	0.6269503052374887	6.614321159678571	-0.860176978896049	0.39205797744665316	0.8919718074094974	-4.656478466135503	
MFAP4	0.16119446688708633	-0.21369406824009146	0.5360830020142642	6.7608386795	-0.8546428544302649	0.3950984837795176	0.8919718074094974	-4.657819451557852	
RARR2	-0.10359141681049815	-0.344724790270407	0.1375419566494107	6.471883698964286	0.8538923948748864	0.39551190801009306	0.8919718074094974	-4.658000649694168	
DERM	0.12218911265265803	-0.16340849215405234	0.4077867174593684	6.716746489940476	-0.8503831469931679	0.3974486611794238	0.8919718074094974	-4.65884590376	
LTBP4	-0.09204746317672913	-0.30822032219307277	0.12412539583961452	6.676769964678572	0.8463448426403722	0.39968458582441524	0.8919718074094974	-4.659814403066584	
PRG4	0.12838780087430468	-0.17670248835151808	0.43347809010012744	6.53014111727381	-0.8364347548898785	0.40520412184478916	0.8919718074094974	-4.662172127040572	
KLKB1	-0.19666899868133925	-0.6694724550881472	0.2761344577254687	5.8679879410952385	0.8267838000064651	0.410623639902311	0.8919718074094974	-4.66444223856647	
COCA1	0.13555681647884155	-0.19117467267848648	0.46228830563616957	6.569727065059523	-0.8246450632944939	0.4118305563788828	0.8919718074094974	-4.664941845184957	
MSRE	0.13828378007696518	-0.19624695012439541	0.4728145102783258	6.246896353464286	-0.8216217338817607	0.4135403072553626	0.8919718074094974	-4.6656459428728345	
SULF1	0.10428368794342259	-0.1498489007218337	0.35841627660867886	6.595956969202381	-0.8156291066681997	0.4169418628146563	0.8919718074094974	-4.667034113035435	
LYOX	-0.1272711976281195	-0.44011931717800995	0.18557692192177094	6.689907062964286	0.8085991427944195	0.4209535573425801	0.8919718074094974	-4.668649962163769	
ALBU	0.12475275372788297	-0.18344568360574787	0.4329511910615138	6.337197499738095	-0.8045562317442935	0.4232710738332468	0.8919718074094974	-4.669573059438076	
LTBP1	0.10569590339983446	-0.16011954758255204	0.371511354382221	6.651450458702381	-0.7903412113263509	0.4314796460651886	0.8919718074094974	-4.672782887145813	
PEDF	-0.15905840845102773	-0.5610962568843235	0.2429794399822681	5.872596838690476	0.7863690045587739	0.4337901028318836	0.8919718074094974	-4.6736698562554775	
DEF1	-0.15783448891290836	-0.5591165971560716	0.243447619330255	5.9299977715952386	0.7817876515825697	0.4364638872712264	0.8919718074094974	-4.674687428554143	
IBP3	0.13514097148818613	-0.2092523199913389	0.4795342629677112	6.440152442880953	-0.7799541048900894	0.43753668915503074	0.8919718074094974	-4.67509305484475	
PCYOX	-0.09749098519925146	-0.34768082347685225	0.1526988530783493	6.552378269380952	0.7745179502400887	0.4407264234601118	0.8919718074094974	-4.676290202847804	
COIA1	0.1595023713803564	-0.2516949543924452	0.5706996971531579	6.7489697690714285	-0.7709985429711423	0.4427986934848115	0.8919718074094974	-4.677060885349621	
SAA4	-0.17468431817572014	-0.6303256034629794	0.28095696711153906	6.159874896142857	0.7620220624808385	0.4481097449135196	0.8919718074094974	-4.679011036450033	
FA9	0.11197499025182135	-0.183552989344286	0.40750296984792866	6.3719262857261905	-0.7531112293152128	0.45341818347348073	0.8919718074094974	-4.680924849721166	
LAMC1	0.08374119991995364	-0.13761907187147415	0.30510147171138147	6.669488277595238	-0.7519278919704759	0.45412583714185284	0.8919718074094974	-4.681177344223351	
FA12	-0.15708236670426845	-0.5735114554604273	0.25934672205189035	5.9227894550833335	0.749761389937184	0.4554230784396658	0.8919718074094974	-4.681638615291661	
APOA1	-0.19077091325427503	-0.6975624529834743	0.3160206264749243	5.985205972964286	0.7482030894300888	0.4563574561754684	0.8919718074094974	-4.681969589070023	
PROS	-0.13899145027768298	-0.508656031608431	0.230673131053065	6.311180028428572	0.7473377834600986	0.45687677829198237	0.8919718074094974	-4.682153084105935	
AEBP1	0.11209819155463231	-0.18928793494250123	0.41348431805176583	6.536688116535714	-0.7392852546170294	0.46172575348411293	0.8919718074094974	-4.68385072587104	
HV439	0.10029464836879833	-0.17312277961994177	0.3737120763575384	6.509881469178572	-0.7291019522119662	0.46789946784496395	0.8919718074094974	-4.685971805463514	
APMAP	-0.12178772809772663	-0.4541519166565587	0.2105764604611054	6.371550807297619	0.7283263124723692	0.46837160554235024	0.8919718074094974	-4.686132183012364	
LG3BP	-0.1543764186530983	-0.5764569954538599	0.26770415814766324	6.514033498142857	0.7269797083199091	0.4691919305351716	0.8919718074094974	-4.686410220777277	
IC1	-0.10961663259829944	-0.4112448179906986	0.1920115527940997	6.208113219404762	0.7223392763352366	0.47202497503656715	0.8919718074094974	-4.687364485687773	
CATD	-0.15237268688479236	-0.572535295810413	0.2677899220408283	5.992953474226191	0.7208193214758931	0.472955008207543	0.8919718074094974	-4.687675750021704	
CLC11	0.11824768685326362	-0.2081157537403476	0.4446111274468748	6.574215879642857	-0.720158093038207	0.47335992209453515	0.8919718074094974	-4.687810959372711	
ITIH1	-0.09466716638292663	-0.35656510089939075	0.16723076813353746	6.757527855607143	0.7184623245881644	0.47439923941352324	0.8919718074094974	-4.688157157946235	
SERPH	0.08862160110495905	-0.157958730569691	0.3352019327796091	6.494795301547619	-0.7143611936367036	0.476918039902803	0.8919718074094974	-4.688991116214044	
ALS	-0.15573527262039688	-0.5912939043214362	0.2798233590806425	6.101590540392857	0.710684849646392	0.47918226546917986	0.8919718074094974	-4.689734718026751	
A1AT	-0.1155112826143856	-0.4453551687215816	0.21433260349281041	6.253868108952381	0.6960695926369416	0.4882424327385624	0.9033946809354239	-4.6926536921035495	
THSD4	0.12694607093652116	-0.2469374568413205	0.5008295987143628	6.751601347333334	-0.674869228695451	0.5015501468228178	0.9208100615499819	-4.696782062546158	
CRAC1	0.09236712465054006	-0.18266950561143377	0.36740375491251387	6.43221264125	-0.6675189213608443	0.5062092333565794	0.9208100615499819	-4.698184124003286	
C1S	-0.13047685470550802	-0.5193439467122345	0.2583902373012184	6.278939631226191	0.6669126899525674	0.5065945322443266	0.9208100615499819	-4.698299088507997	
FGL2	0.1058513166362575	-0.21238597635000755	0.4240886096225226	6.66016341497619	-0.6611224233796462	0.5102825072963715	0.9220894430092327	-4.699391970873962	
COMP	-0.13237277209162615	-0.5386904073629298	0.2739448631796776	6.397215857976191	0.6475446000631746	0.5189862948889372	0.9236708443097874	-4.701917970702915	
APOL1	-0.12147057109826534	-0.49715931456139095	0.25421817236486033	6.321208266547619	0.6426575073476651	0.5221380515860552	0.9236708443097874	-4.702814542615042	
PCOC1	-0.09021172244232703	-0.3694479094136548	0.18902446452900076	6.349660857833333	0.6421374079820891	0.522474059577678	0.9236708443097874	-4.702909565173087	
PGS1	0.10898136645574621	-0.22887466781268193	0.4468374007241743	6.798038329678572	-0.6411464819231808	0.5231145558388763	0.9236708443097874	-4.703090398661628	
HSPB1	0.11495359341782108	-0.244277600508091	0.47418478734373315	6.570322263642857	-0.6360411361342256	0.5264209403300218	0.9242276736475952	-4.704017715209031	
ANGL4	-0.08977511309607697	-0.3773441211856622	0.19779389499350822	6.430958715571428	0.620512559284738	0.5365440780984528	0.9283608230165827	-4.70679341216028	
IGLL5	-0.10328114620881179	-0.4362829848779819	0.2297206924603583	6.158730734440476	0.6164688152387474	0.5391964691767992	0.9283608230165827	-4.707505134952597	
CADH1	0.09442935047097817	-0.2102504526977072	0.39910915363966354	6.585882839357143	-0.6160274018531082	0.5394864071642833	0.9283608230165827	-4.7075825488337255	
CYTB	0.09572266851215541	-0.21622406745061276	0.4076694044749236	6.104900589190477	-0.6099174319301978	0.5435078219003389	0.9283608230165827	-4.708648487147993	
CYTC	-0.07178401167910546	-0.3086898523350694	0.1651218289768585	6.454579330321429	0.6022664239029323	0.5485648189054251	0.9283608230165827	-4.7099685081853435	
LAMB1	0.06583641252344108	-0.1526649740666539	0.28433779911353607	6.624054654821428	-0.5988921976223132	0.5508025286118992	0.9283608230165827	-4.710545440957705	
HS71B	0.07292712329728315	-0.17032898645643718	0.3161832330510035	6.51149701572619	-0.5958844058242342	0.5528010717735148	0.9283608230165827	-4.711057025951377	
CO8G	0.08861323566978066	-0.20697246007705564	0.384198931416617	6.305730758321428	-0.5958704875193908	0.5528103282687742	0.9283608230165827	-4.711059387364819	
ITIH3	-0.07288899178994003	-0.3202511985961716	0.17447321501629154	6.559690892916667	0.5856866041314664	0.5596038673967434	0.9318869405176762	-4.712772627988831	
FCGBP	0.11323453788728481	-0.27341155782143123	0.4998806335960009	6.282512718797619	-0.5821058684245282	0.5620022843694319	0.9318869405176762	-4.7133680946688585	
CCN2	0.07779162487567502	-0.19083460188673562	0.3464178516380857	6.525231400130952	-0.5756004512168352	0.5663725737849681	0.9318869405176762	-4.714440707886249	
GELS	0.09291429155405069	-0.22911596839263454	0.4149445515007359	6.637519339464285	-0.5734856191275373	0.56779686614563	0.9318869405176762	-4.714786838978945	
FHR2	-0.12349784839705764	-0.55431828863238	0.3073225918382647	6.115481114011905	0.5697702716708851	0.5703032852400787	0.9318869405176762	-4.715391878281878	
HEP2	0.07977285406180586	-0.2024162414459571	0.3619619495695688	6.2564737578214284	-0.5618903808335297	0.5756368424538798	0.9318869405176762	-4.716662257542799	
HPLN3	0.13302963806410426	-0.3380247408073709	0.6040840169355794	6.670377983154762	-0.5613245783609229	0.5760207302229001	0.9318869405176762	-4.716752802763817	
SFRP2	0.10109246219694136	-0.2635552649594375	0.4657401893533202	6.390589079773809	-0.5510385186991891	0.5830209963861545	0.9330401003833174	-4.718383168563277	
APOC4	-0.10037508805041429	-0.46473859825690866	0.2639884221560801	6.547113280261905	0.5475550094206902	0.5854008459756651	0.9330401003833174	-4.7189285605208	
AMPN	-0.07370661173527779	-0.34154290644186647	0.19412968297131092	6.377008915607143	0.5469828549424685	0.5857921665837009	0.9330401003833174	-4.719017812499378	
TRFE	0.06255045930015678	-0.1695176425944378	0.2946185611947513	6.285795989297619	-0.5357371308700386	0.5935085417948092	0.9404827662286975	-4.720753342307272	
ITIH2	-0.09821747389615797	-0.47085714042079146	0.2744221926284755	6.118564280047619	0.5238854926309152	0.6016915370921541	0.9430532341154673	-4.722543799219633	
TSP1	0.10357602253325919	-0.2951891180689993	0.5023411631355177	6.354789216369047	-0.5162721977869291	0.6069753188608367	0.9430532341154673	-4.723673058504694	
A1BG	-0.05816487436899655	-0.2834765882371931	0.1671468394992	6.460224180761905	0.5131138270655358	0.6091734637141746	0.9430532341154673	-4.724136730624108	
FRIH	0.09494465278185035	-0.2732529229775954	0.46314222854129616	5.988037572440476	-0.5125382485254246	0.6095744393698197	0.9430532341154673	-4.7242209264762	
PXDC2	0.06810799319171325	-0.1985819332579502	0.3347979196413767	6.527427353809524	-0.5076076597872424	0.6130142027277314	0.9430532341154673	-4.724938342628444	
TETN	-0.07875460975522057	-0.38774589591841113	0.23023667640796996	6.287204267916667	0.5066014708316118	0.6137172278891772	0.9430532341154673	-4.725083902954602	
FBLN2	0.06987020590917473	-0.20851329235483892	0.34825370417318835	6.693143632988095	-0.4988675207793782	0.6191329748919902	0.9430532341154673	-4.726193189206866	
CFAD	-0.06717394340922223	-0.3364222655036387	0.20207437868519423	6.31137493102381	0.4958890667302832	0.6212243012890855	0.9430532341154673	-4.726615884344152	
ELNE	0.10892106718614199	-0.33265265367076846	0.5504947880430524	6.000590136130953	-0.49028133828380305	0.625170227124521	0.9430532341154673	-4.727404916669254	
ITAM	0.06829842419198526	-0.20897338476908708	0.34557023315305757	6.523446096833333	-0.48960028549348295	0.6256502038630123	0.9430532341154673	-4.727500138550721	
HV118	-0.08049601805375481	-0.4104899303357952	0.24949789422828553	6.125938066654762	0.48484750367683666	0.6290042460521699	0.9435063690782548	-4.7281610016302125	
CEMIP	-0.11054266467182154	-0.5809683308084872	0.3598830014648441	5.971753571619048	0.46706316212249777	0.6416234491641656	0.954844361727384	-4.730577192664971	
SMOC2	0.06864032432439125	-0.22720408671646436	0.3644847353652469	6.478813670880952	-0.4611610850064987	0.6458350010350077	0.954844361727384	-4.731359272252362	
CO9	0.08379612433231624	-0.2782757051177315	0.445867953782364	6.245956459619047	-0.4600085361137663	0.6466587820277916	0.954844361727384	-4.731510844647578	
CD97	-0.05207173628890029	-0.27862558450759894	0.17448211192979834	6.610144540142857	0.45684335289320793	0.6489233526302609	0.954844361727384	-4.731925164887581	
TIMP1	-0.087264725991876	-0.4775019363240073	0.30297248434025525	5.874327669702381	0.4444743931075207	0.6578044237178138	0.9633249617478884	-4.7335170412735215	
SAMP	0.08119833996917702	-0.2886620524109171	0.45105873234927113	6.496556513940476	-0.4363610911946643	0.6636567817825919	0.9673110640133061	-4.734537672799533	
GRP75	0.04293480292870057	-0.15517106836453082	0.24104067422193193	6.635288702035714	-0.4307733438959823	0.6676995859309145	0.9686346105758338	-4.735229744446664	
TENX	0.05807882607311291	-0.22114532850764126	0.3373029806538671	6.618878650488095	-0.41342957356640747	0.680310188079208	0.970979719276332	-4.7373214552850555	
VWA1	-0.0573028592250496	-0.3331058545615838	0.21850013611148458	6.5999532344642855	0.41296572556446576	0.6806487224659958	0.970979719276332	-4.7373762248298	
APOA2	-0.07869673237771453	-0.4620414198523493	0.3046479550969203	6.331982738595238	0.40804113383700696	0.6842469072467448	0.970979719276332	-4.73795393707098	
TAGL2	-0.05022311633106668	-0.2952983182813643	0.19485208561923098	6.516704661238095	0.40732492152287203	0.6847708227577467	0.970979719276332	-4.738037383695476	
CO3	-0.05606080303135245	-0.32985838577268456	0.21773677970997965	6.356720763916667	0.4069737514412177	0.6850277631140465	0.970979719276332	-4.7380782456675545	
HS90A	-0.05622445299838028	-0.3405987155672961	0.22814980957053552	6.279987610369048	0.39298108352240446	0.6952956583571555	0.976460309007783	-4.7396779260977695	
PDIA1	0.038990700092901065	-0.1623196514215362	0.24030105160733833	6.304960379619048	-0.3849741959787776	0.7011969812557305	0.976460309007783	-4.74056827493513	
CO5	0.06333986108930607	-0.27129426540432533	0.39797398758293745	6.293924421845238	-0.37622146680958796	0.7076690481885615	0.976460309007783	-4.741520713194623	
PLIN2	0.06600714649757868	-0.2977006372415413	0.4297149302366986	6.365471150357143	-0.3607240161827181	0.7191809987016806	0.976460309007783	-4.743153652718057	
ASPN	0.0939729001645278	-0.42617421496201874	0.6141200152910744	6.478925496392857	-0.35909811932622343	0.7203925813329564	0.976460309007783	-4.743321010761639	
CO8A	0.057512481493557796	-0.2644220438843228	0.3794470068714384	6.217992266404762	-0.3550841170643085	0.7233867819420139	0.976460309007783	-4.743730962137812	
CRIP2	-0.06175984190682875	-0.4101631453541757	0.2866434615405182	6.571724567535714	0.3523389096618137	0.7254370254836302	0.976460309007783	-4.744008690760938	
HV330	0.06195862891257059	-0.29319867430084057	0.41711593212598175	6.308579062880952	-0.34675101710942996	0.7296164899772466	0.976460309007783	-4.744567382729968	
S10AC	0.08377348794678423	-0.4039462887609011	0.5714932646544696	5.554080675702381	-0.34140739684393323	0.7336209115057297	0.976460309007783	-4.745093336815626	
S10AA	0.03987044120680292	-0.193338694729275	0.27307957714288084	6.461208649	-0.3398147112250333	0.7348158774974602	0.976460309007783	-4.745248526557795	
PLOD1	0.05045610455491747	-0.24938943046581155	0.3503016395756465	6.39306799575	-0.3344666546592167	0.7388332027451079	0.976460309007783	-4.745764350461008	
ANGI	0.04852583590987606	-0.24345179806866354	0.3405034698884157	6.40047349952381	-0.33033921694162793	0.7419386028469226	0.976460309007783	-4.746156875069988	
AMBP	-0.051962019984385176	-0.3663356496767305	0.2624116097079602	6.4252009291666665	0.32853119307617307	0.7433002741709034	0.976460309007783	-4.746327291920353	
CBPB2	-0.08748366178043515	-0.6231536808989029	0.44818635733803264	6.097144261928571	0.32461329833572483	0.7462537451745372	0.976460309007783	-4.746693380743159	
TTHY	0.050234103224510156	-0.26086407096435726	0.3613322774133776	6.288579143071429	-0.32095037394179204	0.7490184444300907	0.976460309007783	-4.747031688976633	
QSOX1	-0.05202383156698756	-0.3765223321775776	0.2724746690436025	6.2985130636785716	0.3186591072736354	0.7507495175157144	0.976460309007783	-4.747241366784805	
MUC18	0.05017063678709302	-0.26303434730144226	0.36337562087562836	6.745469523416666	-0.3183886983766822	0.7509538983647841	0.976460309007783	-4.747266013665053	
APOE	0.06083540258878868	-0.3340899048461147	0.45576071002369206	6.334479078916667	-0.3061809146920757	0.7601991144077331	0.976460309007783	-4.748357001816941	
SBSPO	0.0554223530273261	-0.3077388659116611	0.41858357196631335	6.563663114071429	-0.3033347667444332	0.762359638162922	0.976460309007783	-4.74860524927587	
OLFL3	0.03776378385961807	-0.21123140788468409	0.2867589756039202	6.625036246285714	-0.3014541293417365	0.7637882740749384	0.976460309007783	-4.748768015257012	
CO6	0.05390337644895102	-0.30645336922806354	0.41426012212596564	6.290635515392857	-0.29731718221155634	0.7669338018351337	0.976460309007783	-4.749122511146401	
CO4B	-0.05671287899787439	-0.4451218206466495	0.3316960626509008	6.159358224595238	0.290221224298314	0.7723382956130884	0.976460309007783	-4.749719197379635	
IPSP	-0.0453341975413408	-0.3633619813149018	0.2726935862322203	6.507705195702381	0.2833332638820854	0.7775951432528019	0.976460309007783	-4.750284653413823	
CPXM2	0.04390724188364581	-0.2661709018080575	0.35398538557534914	6.47427534427381	-0.281450287170833	0.7790340351643895	0.976460309007783	-4.75043687701476	
HS90B	0.043725882379706676	-0.26539080726332676	0.35284257202274016	6.168313749678571	-0.28115953927032666	0.7792562813487001	0.976460309007783	-4.750460291475581	
CD5L	-0.06976046878925951	-0.5701028435953202	0.4305819060168012	5.893751866357142	0.27712697388184493	0.7823406390027481	0.976460309007783	-4.7507825535243	
ITIH5	0.04379966074685048	-0.2707390472928171	0.3583383687865181	6.8839871771666665	-0.27677913178985053	0.7826068542968746	0.976460309007783	-4.750810133848608	
TENA	0.061165472341454453	-0.3832302002072799	0.5055611448901888	6.1990314325357145	-0.27357298384623085	0.7850618433914158	0.976460309007783	-4.751062722403061	
ITAV	0.02683465918240766	-0.16901127343964445	0.22268059180445976	6.596305769833333	-0.272344257253901	0.7860032736496086	0.976460309007783	-4.751158746884902	
EMIL2	0.039980079319468585	-0.25809665395085657	0.3380568125897937	6.373507060369048	-0.2665951645772656	0.7904123436647864	0.976460309007783	-4.751602309891415	
MMP7	0.10440597515257544	-0.6991024544193921	0.907914404724543	4.829272781154762	-0.25826860179784333	0.7968101985834395	0.976460309007783	-4.752228001624493	
APOA4	-0.050478873558945064	-0.439699541031229	0.3387417939133389	6.207574645654762	0.25778073435811233	0.7971854955529833	0.976460309007783	-4.752264047944126	
CD109	0.045642387871016925	-0.30761507067997196	0.3988998464220058	6.250930390559524	-0.2568110531143098	0.7979315742370444	0.976460309007783	-4.7523354914791245	
APOC3	0.044864869521387504	-0.309004464880296	0.398734203923071	6.398442180678572	-0.2519997874547339	0.801636156300932	0.976460309007783	-4.752686000671528	
SFRP3	-0.04021136110777022	-0.36669075748133795	0.28626803526579747	6.41928099377381	0.2448103019377006	0.8071803629029982	0.976460309007783	-4.753197444260127	
GDN	-0.04442753399000731	-0.41393397549599165	0.325078907515977	6.354574768880952	0.23898293401587825	0.8116814224446058	0.976460309007783	-4.753601153919568	
SLPI	0.0504060489778491	-0.3704382217712364	0.47125031972693465	6.480635924071429	-0.23806630562915904	0.8123900071533645	0.976460309007783	-4.753663773099774	
ANT3	-0.029119780750772716	-0.27644080590755754	0.21820124440601213	6.433276484607143	0.2340258101613278	0.8155153021875492	0.976460309007783	-4.753936936360599	
MFAP5	0.0372839501745909	-0.2841049814644088	0.35867288181359064	6.012709118595238	-0.23058321891614755	0.8181804824524617	0.976460309007783	-4.754165996253598	
TRYB2	0.04470796967204079	-0.34616495743548786	0.4355808967795694	6.02011756175	-0.22734533711276322	0.8206891340726443	0.976460309007783	-4.754378344107694	
PA2GA	0.049630080015962835	-0.38661357362721793	0.48587373365914366	6.214455269154762	-0.226127066104789	0.8216335130461455	0.976460309007783	-4.7544574652691285	
ITA1	-0.029404026190320048	-0.29808736178237216	0.23927930940173206	6.682093417773809	0.21752178792374705	0.828311563618537	0.976460309007783	-4.755004255683459	
TARSH	-0.042241331202189605	-0.43684098634425794	0.35235832393987876	6.679830663333333	0.21277352543465383	0.8320018568735519	0.976460309007783	-4.755296902006217	
VTNC	0.031223160382288492	-0.2769233097863536	0.3393696305509306	6.476900294273809	-0.20139855825904238	0.8408575326529661	0.976460309007783	-4.755971743323377	
TRFL	0.044247822559269	-0.39721138143361856	0.4857070265521566	5.579462055261905	-0.19922233346862248	0.8425541484189951	0.976460309007783	-4.756096634560755	
LUM	0.03780825037278619	-0.346842425247942	0.42245892599351437	6.588504961523809	-0.19536950461923425	0.845559687858057	0.976460309007783	-4.756314421931343	
OAF	-0.027743145419169356	-0.3110750490880309	0.25558875824969224	6.4609082861904765	0.19462423267139062	0.8461413298464415	0.976460309007783	-4.7563560594698355	
TSP2	-0.03393750814841134	-0.389543516366908	0.3216685000700853	6.395794301666666	0.18969136241029602	0.8499932881040504	0.976460309007783	-4.756627646930179	
NID2	0.024109119293185183	-0.2285521775354671	0.2767704161218375	6.597639477321429	-0.1896615605291955	0.8500165708394596	0.976460309007783	-4.756629266565734	
APOH	-0.024221887665859265	-0.28403444627303176	0.23559067094131325	6.299551090285714	0.185303891755059	0.853422423564872	0.976460309007783	-4.756863356485854	
APOA	0.061478186822825034	-0.6092940382606803	0.7322504119063303	5.757703666178571	-0.18217243933287228	0.8558716155332523	0.976460309007783	-4.757028219930144	
ITA8	0.028978977091798745	-0.328523020572212	0.3864809747558095	6.619372898416667	-0.16111696533126246	0.8723751890399379	0.976460309007783	-4.758063864001687	
CATZ	-0.031413652985009616	-0.4327248572143281	0.3698975512443088	5.983039069940476	0.15558719513046332	0.8767191963838146	0.976460309007783	-4.758314812413063	
MARCO	-0.03355584743123856	-0.4669126465787286	0.39980095171625146	6.138582904392857	0.15390732534654747	0.8780396021641295	0.976460309007783	-4.758389313381594	
CATG	0.026999258243263234	-0.32667732216919465	0.3806758386557211	6.129114869059523	-0.1517337616541459	0.8797485714639344	0.976460309007783	-4.75848451021882	
CO4A	0.021155975403379216	-0.2601136246304548	0.3024255754372132	6.356334723023809	-0.1495019827357316	0.881503905698893	0.976460309007783	-4.758580849148853	
CATB	0.025996564725774923	-0.3347256402268301	0.38671876967838	6.10956730397619	-0.14324510175671978	0.8864281856371488	0.976460309007783	-4.7588433346699	
IBP7	-0.030418097337004443	-0.49574578902586963	0.4349095943518607	6.419822268583333	0.1299301206458611	0.8969219420901001	0.976460309007783	-4.759364601618782	
MMP2	-0.015016092295021153	-0.24996504396868086	0.21993285937863855	6.616940188880952	0.1270340406047121	0.8992068875445265	0.976460309007783	-4.759471256376386	
TIMP2	0.014649771135014698	-0.2179737328229331	0.24727327509296249	6.444949203869047	-0.12517394551129082	0.9006749125971845	0.976460309007783	-4.759538491514262	
ZPI	0.02359674092264805	-0.3599499574732605	0.4071434393185566	6.460447126559524	-0.12228423479334749	0.9029562152176762	0.976460309007783	-4.7596409772869235	
LYSC	0.02163509200843099	-0.33433687167586296	0.37760705569272496	6.276708963190476	-0.12080353605950603	0.9041254804867846	0.976460309007783	-4.759692564470931	
CSPG2	0.02493682285002144	-0.4242384852384775	0.47411213093852034	6.701817741428571	-0.11034735821891568	0.9123882981952844	0.976460309007783	-4.760038976091128	
RNAS4	0.018614893329262396	-0.317055948559495	0.3542857352180198	6.422344997535714	-0.11022589369107613	0.9124843419185015	0.976460309007783	-4.7600428161395785	
FCN3	0.02058905730008061	-0.36325390552472536	0.40443202012488655	6.127172910511905	-0.10661530999478545	0.9153398693096665	0.976460309007783	-4.76015503273526	
FBLN3	-0.016523780276998724	-0.3344570429437668	0.30140948238976933	6.659911676309524	0.10330233521644396	0.9179610038007213	0.976460309007783	-4.7602547134809265	
COFA1	0.01612939594244212	-0.29853771991043226	0.3307965117953165	6.547667227821429	-0.10188340200775926	0.9190839039411605	0.976460309007783	-4.7602964443621	
VWF	0.01413925741450589	-0.26341939557565536	0.29169791040466714	6.59798256172619	-0.10125314570265957	0.9195827222112762	0.976460309007783	-4.760314795183013	
HSP7C	-0.009178656227790507	-0.20129875455432086	0.18294144209873983	6.495932039607143	0.09496050132594074	0.9245647876226725	0.976460309007783	-4.760491772852871	
MMP12	0.028337292807990376	-0.5768731910732823	0.633547776689263	5.760052509892857	-0.09306547746399395	0.9260657309907802	0.976460309007783	-4.760542846331352	
HORN	0.015178173718007244	-0.30945638349553684	0.3398127309315513	6.140283388214286	-0.09293118292419236	0.9261721084755776	0.976460309007783	-4.760546426702371	
CO7	-0.015449133591595705	-0.35287146121341223	0.3219731940302208	6.263647656773809	0.09100536718456369	0.9276977337371135	0.976460309007783	-4.760597201584751	
MXRA5	-0.012232713555029496	-0.28466727966929817	0.2602018525592392	6.394004588809524	0.08924775317486873	0.9290903463074962	0.976460309007783	-4.760642614076528	
IGJ	-0.022862456883751704	-0.5334834862491279	0.4877585724816245	5.769891963416667	0.08899403481921346	0.9292913936508475	0.976460309007783	-4.760649096419508	
PPT1	0.010682126472388599	-0.24076773464046836	0.26213198758524553	6.377390321154762	-0.08443898614159379	0.9329015993797907	0.976460309007783	-4.760762336190006	
CCL18	0.016642860564889346	-0.38576498475535453	0.4190507058851332	6.302955038678571	-0.08220499933428918	0.9346727136709837	0.976460309007783	-4.7608157003160025	
APOD	-0.01760392856977068	-0.45271648002069925	0.4175086228811579	6.097584383428572	0.08041640996932395	0.9360909525414646	0.976460309007783	-4.760857394008731	
CLUS	-0.009624247675057122	-0.24909458322619926	0.22984608787608501	6.647146670785714	0.07988252108370572	0.9365143330420349	0.976460309007783	-4.760869661764384	
LAMA4	-0.009361382032364546	-0.24998264790308816	0.23125988383835905	6.622611078607143	0.07732904670125766	0.9385395203084516	0.976460309007783	-4.76092720598383	
PERM	-0.008826753752123644	-0.35087432039853433	0.333220812894287	6.180471773071429	0.05129218503603097	0.9592103921715687	0.9910830377787311	-4.761407274341983	
PGS2	0.014944233550441869	-0.576813330347048	0.6067017974479316	6.153942171940476	-0.05019570091526531	0.9600816118406921	0.9910830377787311	-4.761423227004331	
LRP1	0.004779964843232251	-0.21405600411507517	0.22361593380153968	6.529649487547619	-0.043415288438181786	0.9654700760916077	0.9910830377787311	-4.761514218911795	
FA10	-0.008765481652555038	-0.4301091143325144	0.41257815102740436	6.31611422122619	0.04135005050996121	0.9671116724714888	0.9910830377787311	-4.761539315326806	
CD44	-0.005462458538805486	-0.2807620915328851	0.2698371744552741	6.360815138880953	0.03943839349126022	0.9686313184763002	0.9910830377787311	-4.761561455648394	
PLTP	-0.006469712035251743	-0.5079980014795384	0.49505857740903497	5.822393821345238	0.025640483498727887	0.9796028733282973	0.9950938147109428	-4.761690186480393	
GRN	0.0036765231232765132	-0.336294618824743	0.34364766507129596	6.192418834880953	-0.021494727434363984	0.98290027874526	0.9950938147109428	-4.761718200995296	
FINC	-0.0018267830522198279	-0.22309184284140746	0.21943827673696778	6.638681817964286	0.016410084941339272	0.9869448451390066	0.9950938147109428	-4.761745831597208	
CATF	-0.0023483182515316257	-0.28818342481072423	0.28348678830766094	6.608515292380952	0.016329695252303173	0.9870087939397101	0.9950938147109428	-4.761746208919548	
ICAM1	0.0020956736388514727	-0.2899550579029126	0.2941464051806156	6.374658687130952	-0.014262709829655995	0.9886530780461471	0.9950938147109428	-4.761755274335321	
VTDB	0.0006060238156930189	-0.30741565856820874	0.3086277061995948	6.219735319059524	-0.003910615322147894	0.9968887501229177	0.9985704278936993	-4.761782245543124	
FBLN1	-0.00020692109353058187	-0.2290965273415422	0.22868268515448106	6.618945980904762	0.0017968647436742667	0.9985704278936993	0.9985704278936993	-4.761783975107656	
