	logFC	CI.L	CI.R	AveExpr	t	P.Value	adj.P.Val	B	
FETUA	-1.1457501949364866	-2.213666627268388	-0.0778337626045853	6.578772513689655	-2.1817406074128174	0.03625983593521184	0.9959991703299887	-4.44660328152284	
ITA1	0.5482282828317366	0.0011097668793245141	1.0953467987841488	6.6302339936896555	2.0376541270161734	0.049562991427437704	0.9959991703299887	-4.469003286460717	
MEGF6	0.7414774164299194	-0.030477142717068473	1.5134319755769072	6.227553763413793	1.953244616003111	0.059203238336168765	0.9959991703299887	-4.481717061579652	
COMP	-0.644056607753254	-1.3381543269550844	0.05004111144857637	6.6392874663103445	-1.8869216491676042	0.06788121997570905	0.9959991703299887	-4.491476704519826	
SBSPO	0.6371384714815448	-0.07017973759305152	1.344456680556141	6.173775362862069	1.83176364363615	0.07591052987317616	0.9959991703299887	-4.499430783185146	
APOA1	-0.9956580527331935	-2.145258556424783	0.15394245095839554	5.994881564103448	-1.7612204094507073	0.08734730626443292	0.9959991703299887	-4.50937784670852	
SOST	0.7846008334857255	-0.13431968114187187	1.703521348113323	5.752009891724138	1.7362859955582721	0.09172333844102534	0.9959991703299887	-4.512830985156057	
CO3A1	-0.781065334242572	-1.7015077922796291	0.1393771237944852	6.397883539103448	-1.7256040996838493	0.0936536147417717	0.9959991703299887	-4.51430002927957	
KNG1	-0.6470374430097083	-1.4213680727566438	0.12729318673722712	6.837238705965517	-1.6992348984081882	0.09856485852148768	0.9959991703299887	-4.517899727277556	
CO3	-0.44628323894576366	-0.9854727638401775	0.09290628594865019	6.9102262582068965	-1.6831374156445378	0.10166735769062257	0.9959991703299887	-4.52007826852637	
CO2A1	-0.7172767242637248	-1.5843105163411573	0.14975706781370757	6.541668630862069	-1.6822911425634663	0.10183268586158803	0.9959991703299887	-4.520192397037964	
SAA1	-0.713794094694363	-1.5777054248801001	0.15011723549137423	5.433375377827586	-1.68017386572411	0.10224729788310087	0.9959991703299887	-4.5204777569949215	
APOB	-0.6941828144893839	-1.5365999152392562	0.1482342862604884	5.760890670862069	-1.6757033115724613	0.10312734936701942	0.9959991703299887	-4.521079455457228	
FCGBP	-0.493156135454727	-1.10280583081191	0.11649355990245597	6.177494592586207	-1.644956901874644	0.10935184472571126	0.9959991703299887	-4.525186941957699	
CO4B	-0.5327662871438252	-1.2487917473189774	0.18325917303132688	6.650835143068965	-1.5130689343612462	0.1396606081170691	0.9959991703299887	-4.542176133196081	
HORN	-0.39727094720099604	-0.9337409057676627	0.13919901136567064	6.253076063827586	-1.5058851235673822	0.14148908213134936	0.9959991703299887	-4.543071161372262	
APOC2	-0.539103587571964	-1.2756441507962792	0.1974369756523514	6.766432215	-1.4884217124512669	0.14601420567490098	0.9959991703299887	-4.545233444776686	
APOC1	-0.4162277617859437	-0.9937009366876157	0.16124541311572838	6.579259409965517	-1.4657154746187626	0.15207014419259546	0.9959991703299887	-4.548016074945804	
HS71B	0.34976203699647535	-0.13793149400763988	0.8374555680005906	6.291399902793104	1.4583981978123786	0.1540637734420427	0.9959991703299887	-4.54890580127508	
ITIH2	-0.591940439395765	-1.4215593712337125	0.2376784924421823	6.308185781827587	-1.4509411598461766	0.1561167865653416	0.9959991703299887	-4.549808987284212	
OSTP	-0.7993356101245204	-1.9198407220204439	0.32116950177140313	6.455342655206897	-1.450660424516345	0.1561944981866479	0.9959991703299887	-4.549842919681365	
CRIP2	0.5205547729552105	-0.2181729075762463	1.2592824534866671	6.32522429937931	1.4329548430718728	0.16115791194772064	0.9959991703299887	-4.551972697829602	
APOA2	-0.5576202968958509	-1.3656467169553193	0.25040612316361743	6.541626033068965	-1.4033417844689007	0.16973666384814903	0.9959991703299887	-4.555489147206507	
PRDX2	0.41275917025539105	-0.1969412391649515	1.0224595796757336	6.468519521931034	1.3766726624941075	0.1777651649944979	0.9959991703299887	-4.558606467949575	
CO4A2	-0.47500774287102476	-1.182924546089608	0.23290906034755865	6.276146365586206	-1.3644854604268546	0.1815310555181006	0.9959991703299887	-4.560015199683594	
PGS2	-0.5497855533896786	-1.386485513879053	0.28691440709969573	6.000286716310344	-1.3362078524830991	0.19050704169891117	0.9959991703299887	-4.563245191754037	
COEA1	0.3395287189457618	-0.18050885356487462	0.8595662914563982	6.457525296620689	1.3276764038307183	0.19328117637997067	0.9959991703299887	-4.564208998662122	
APOL1	-0.4549095994756336	-1.1712173182492374	0.2613981192979702	6.585607449137931	-1.2914449984603869	0.20540872662603368	0.9959991703299887	-4.568246221807166	
A1AT	-0.393030402189648	-1.0123844881152766	0.22632368373598044	6.7167226806206894	-1.2904393064978446	0.2057534269943979	0.9959991703299887	-4.568356985198782	
CAD13	0.3794714376465564	-0.2189884907053759	0.9779313659984887	6.403575586172414	1.2894201737618871	0.2061031821703191	0.9959991703299887	-4.5684691568606155	
TSP1	-0.4201338491787752	-1.0853791420433596	0.24511144368580912	6.517518666931035	-1.2842699093698267	0.20787760368364008	0.9959991703299887	-4.5690349142055915	
PON1	-0.7485146865923302	-1.9464863307058844	0.44945695752122394	5.489191292448276	-1.2705864861912421	0.21264818457942725	0.9959991703299887	-4.570529004510679	
S10AC	-0.6868130074181609	-1.786072718271164	0.41244670343484224	5.850106352206897	-1.2705408855628377	0.21266421982309341	0.9959991703299887	-4.570533961619437	
FA10	-0.5133662721208039	-1.3355115900802255	0.3087790458386177	6.5816058277586205	-1.269782065671972	0.21293118921136042	0.9959991703299887	-4.570616429161179	
IBP5	-0.45780738322715214	-1.199363289481344	0.2837485230270396	6.762962431275862	-1.2554208539330474	0.2180315684551303	0.9959991703299887	-4.5721695160770714	
PROC	-0.7827817928777387	-2.0526989756909257	0.48713538993544825	6.5311692569655175	-1.2534752420572022	0.21872955541812947	0.9959991703299887	-4.572378799744522	
ITAM	0.3476205152115881	-0.22720014896980922	0.9224411793929854	6.624332002068965	1.2297688015635742	0.22736937276302066	0.9959991703299887	-4.574907162409575	
HS90A	0.314097983596196	-0.2086771532244195	0.8368731204168115	6.462334199379311	1.2218015404539964	0.2303294314178334	0.9959991703299887	-4.575747857500915	
TIMP1	-0.5138461735174609	-1.370859309222897	0.34316696218797527	6.401441393724138	-1.2192593440644484	0.23127993005648967	0.9959991703299887	-4.576015145141654	
COGA1	-0.4539801472861368	-1.2118513456631572	0.30389105109088366	6.359237525310345	-1.218125130552198	0.2317049381657336	0.9959991703299887	-4.576134246503739	
TSP2	-0.4081065925948661	-1.096050959005917	0.27983777381618485	6.30945832137931	-1.2063427993139157	0.23615429702776053	0.9959991703299887	-4.5773659846843096	
TTHY	-0.4106144249272919	-1.1041664175671666	0.2829375677125829	6.63626967	-1.2039421589946688	0.23706854785150044	0.9959991703299887	-4.577615717198033	
CBPB2	-0.4949257243511254	-1.3372750499753938	0.34742360127314303	6.7113410172758625	-1.1948083229136015	0.24057094171643933	0.9959991703299887	-4.5785620584382976	
PRG4	-0.3700734287385763	-1.0094697506882682	0.2693228932111157	7.025267488413793	-1.1769776460279342	0.24751766620706553	0.9959991703299887	-4.580391918899404	
YBOX1	0.3257562371378659	-0.23958796170432833	0.8911004359800601	6.527851305344828	1.1717372700506181	0.24958693905621254	0.9959991703299887	-4.580925276440201	
LOXL1	0.33294747199090413	-0.24913383021136382	0.9150287741931721	6.6233199141034484	1.1631681910131262	0.2529977962935931	0.9959991703299887	-4.581793066770926	
HEP2	-0.377206811959512	-1.0446336888871461	0.290220064968122	6.714074912827586	-1.1492811400426328	0.25859728925519865	0.9959991703299887	-4.583187879884281	
ECM1	-0.2671084678607257	-0.7428633269964687	0.20864639127501738	6.813666541275862	-1.1417075365567382	0.26168867573895344	0.9959991703299887	-4.5839425380209375	
ECM2	-0.3847579689495525	-1.0718426470264295	0.3023267091273246	6.414086123206896	-1.1387484633532219	0.2629037336173564	0.9959991703299887	-4.584236228753687	
CO5A1	-0.396054264547729	-1.108938735496934	0.316830206401476	6.311371009275862	-1.1297594530184778	0.26661976372124996	0.9959991703299887	-4.585124385494455	
CO7	-0.392317090654002	-1.1146115784883732	0.3299773971803691	6.6866767591379315	-1.104519459326291	0.27725536842154797	0.9959991703299887	-4.587585791426026	
APOA4	-0.46787250432267796	-1.3321531351645446	0.3964081265191887	6.318779037034483	-1.1008374297025507	0.2788318201775815	0.9959991703299887	-4.587940846199243	
APOC3	-0.3785903456854757	-1.0805011783168679	0.32332048694591636	6.771172924310345	-1.0968267515670396	0.28055622309010114	0.9959991703299887	-4.5883264233743	
FA9	-0.33840393022009163	-0.9678670023644761	0.29105914192429283	6.673007898344828	-1.0932401815099626	0.28210468044692294	0.9959991703299887	-4.5886701939701675	
THRB	-0.4737224382276756	-1.3606655886624803	0.41322071220712914	6.806806323448276	-1.086122013569044	0.2851957825022611	0.9959991703299887	-4.589349569523561	
APMAP	-0.37718290249723435	-1.0838720003789017	0.329506195384433	6.386666517172414	-1.0853605973495661	0.28552784380835033	0.9959991703299887	-4.589422012561841	
A2MG	-0.37841261863982545	-1.0948490788001222	0.33802384152047127	6.312522322172414	-1.0740843160181255	0.29047754160143224	0.9959991703299887	-4.590489685628993	
GRN	0.4208824302734923	-0.37732414448936397	1.2190890050363485	6.749580883413793	1.0722497166286842	0.29128851027828495	0.9959991703299887	-4.590662471541248	
PGCA	0.46719151062767267	-0.43858065474489166	1.372963676000237	5.858009583068966	1.0488814779851001	0.3017575283008034	0.9959991703299887	-4.592840713469493	
CO9	-0.40315127696148634	-1.188584605327002	0.3822820514040294	6.614557476	-1.043780450073884	0.3040772060015117	0.9959991703299887	-4.59331060032361	
PEDF	-0.4512515913010684	-1.3415039985580175	0.4390008159558807	6.466166414413793	-1.030756385845211	0.31005590938555394	0.9959991703299887	-4.5945011777469125	
OAF	-0.28374370813132477	-0.84474202003294	0.27725460377029043	6.519092922655172	-1.0285256573369663	0.3110880132252909	0.9959991703299887	-4.594703774687107	
HSPB1	0.28108607498245075	-0.27586567273466134	0.8380378226995628	6.160961393620689	1.0262949795105962	0.31212246028929225	0.9959991703299887	-4.594905979539363	
APOD	-0.3777550706444038	-1.1304585675736172	0.3749484262848097	5.9838200675862065	-1.0205559363944412	0.31479474608325686	0.9959991703299887	-4.595424425060611	
PLMN	-0.4662509489624995	-1.3956802147005807	0.46317831677558163	6.603555793586207	-1.0201260308195752	0.3149955552603088	0.9959991703299887	-4.595463157766843	
CO4A	-0.295138760721486	-0.885533879520306	0.29525635807733414	6.773725072896552	-1.016562150085841	0.316663634492578	0.9959991703299887	-4.595783692527192	
PCYOX	-0.2764114795208734	-0.8330583110365246	0.2802353519947778	6.551529036103449	-1.0097800322059651	0.31985472262336034	0.9959991703299887	-4.5963909299750165	
TENX	-0.24046630989331902	-0.7403318537163088	0.25939923392967085	6.299743158137931	-0.9782536607636625	0.33497622416625394	0.9959991703299887	-4.599166164210392	
CO1A1	-0.422084413362441	-1.3017068574383996	0.4575380307135177	6.475955727896552	-0.9757834708143133	0.3361810710871471	0.9959991703299887	-4.599380295071822	
THSD4	0.36850653034418	-0.400116663941681	1.1371297246300411	6.523017938068966	0.9749495586257122	0.33658847312408124	0.9959991703299887	-4.599452474289541	
C1S	-0.28096425887005777	-0.8676241883473117	0.3056956706071962	6.499655999862069	-0.9739016373273323	0.33710089834005375	0.9959991703299887	-4.599543098796457	
CO4A1	-0.3763294662670431	-1.176421277731576	0.4237623451974897	6.199818864068965	-0.9564864967141384	0.3456934793099229	0.9959991703299887	-4.601036376879045	
CRLF1	-0.2622336528776606	-0.8205931231984052	0.296125817443084	6.618097096206896	-0.9550475226884757	0.34640993751061633	0.9959991703299887	-4.6011586816492125	
TAGL2	0.2791058319449422	-0.31996520221814806	0.8781768661080325	6.540557743586207	0.9474166965419173	0.35022579625489125	0.9959991703299887	-4.601804492308316	
CO1A2	-0.3786512314763974	-1.194652436765725	0.4373499738129302	6.541122089241379	-0.9436240859649764	0.3521326545288258	0.9959991703299887	-4.602123733207085	
FA12	-0.3772455906306243	-1.2110472510568022	0.4565560697955537	6.566941478655172	-0.9200509137678193	0.36413855537289264	0.9959991703299887	-4.60408206353322	
ITA8	0.29729681464375807	-0.3599431058976493	0.9545367351851655	6.119674943206896	0.9198494772680029	0.36424228804837844	0.9959991703299887	-4.60409860470774	
SAMP	0.35990360536667343	-0.4370658177530794	1.1568730284864261	6.601196751	0.9183219862334134	0.3650295202508377	0.9959991703299887	-4.604223929514272	
F13A	0.24785595334932278	-0.3060571229699154	0.8017690296685609	6.74101948162069	0.9099304142003568	0.36937413080538306	0.9959991703299887	-4.604909057420702	
PROS	-0.3463908939613127	-1.1254917674047913	0.4327099794821659	6.63555528562069	-0.9041140530274331	0.37240510532395577	0.9959991703299887	-4.605380582875503	
ITIH3	-0.23845339285081182	-0.7750648173137029	0.2981580316120793	6.578292535827586	-0.9036370642700762	0.3726543827885723	0.9959991703299887	-4.605419129905571	
PRDX1	0.23032165708093388	-0.30365382620574244	0.7642971403676102	6.364383354827586	0.8771298750317863	0.38667681300315915	0.9959991703299887	-4.607532121511951	
CO5A2	-0.30339475740534505	-1.0173374070871073	0.4105478922764172	6.406000413172413	-0.8641620488518794	0.39365793837112695	0.9959991703299887	-4.6085448949262995	
RARR2	0.2575275512573645	-0.3485170920112033	0.8635721945259323	6.759078226068966	0.864110984168103	0.39368558545862997	0.9959991703299887	-4.608548855715193	
PROP	0.24284418935656787	-0.3323699541813892	0.818058332894525	6.3675846274482755	0.8585164175018813	0.39672199699035604	0.9959991703299887	-4.608981493661847	
ITB1	0.2242099838159916	-0.3182302164243543	0.7666501840563376	6.506099169206896	0.8405305908000293	0.4065833802735057	0.9959991703299887	-4.610354874416001	
CYTC	-0.22344999706152113	-0.7706433517184111	0.3237433575953689	6.723962770310345	-0.8304050528867849	0.41220178451903344	0.9959991703299887	-4.611116269418508	
LEG1	0.27141209728872095	-0.40009376844812106	0.942917963025563	6.291795272137931	0.8219205417716069	0.41694649511772974	0.9959991703299887	-4.611747707689592	
AMBP	-0.26140489693571267	-0.9122465110332495	0.38943671716182415	6.5402038276896555	-0.8167494484923274	0.4198547220044325	0.9959991703299887	-4.612129613233093	
A1AG1	-0.33921675641508225	-1.1860791149201442	0.5076456020899796	6.288160620448276	-0.8145446804179237	0.4210984660327063	0.9959991703299887	-4.612291765922351	
QSOX1	-0.2998753218437967	-1.0609416786784305	0.461191034990837	6.537279772965517	-0.8012511155383047	0.4286453538252032	0.9959991703299887	-4.613260851610722	
SULF1	-0.24272668521420873	-0.8601060727469607	0.3746527023185433	6.540355430551724	-0.7994951688576624	0.4296483374707283	0.9959991703299887	-4.613387752249862	
HTRA1	0.25115539244138646	-0.4025840691193912	0.9048948540021642	6.224101762551724	0.7812467981803914	0.44015577667444616	0.9959991703299887	-4.614691221388056	
SAA4	-0.3153472924346439	-1.1372171534947433	0.5065225686254555	6.106175012862069	-0.7802548846818491	0.4407313061516036	0.9959991703299887	-4.614761270441793	
CD97	0.18653912921690216	-0.29972229733706157	0.6728005557708658	6.514408595965517	0.780100523942214	0.4408209100954318	0.9959991703299887	-4.614772163961238	
CD14	-0.3394721706416181	-1.2313709455730126	0.5524266042897765	6.329244561586207	-0.7739966024113878	0.44437288041622724	0.9959991703299887	-4.615201318306169	
C1QA	-0.2555164742252359	-0.9323150110190161	0.42128206256854445	6.555803930862069	-0.767732524130746	0.4480357430817409	0.9959991703299887	-4.6156384628719875	
FHR2	-0.2724335780055333	-0.9997270511724852	0.4548598951614185	6.754346403862069	-0.7617305756531986	0.45156209353754917	0.9959991703299887	-4.616054201940005	
FINC	-0.18002483808221398	-0.6623963059562663	0.3023466297918383	6.381157084	-0.7589291983701806	0.45321360126312726	0.9959991703299887	-4.616247201880826	
IPSP	-0.2743563069471057	-1.0181907065475477	0.46947809265333634	6.742094939758621	-0.7500481316983869	0.45847279445276246	0.9959991703299887	-4.616854660740384	
IGHA1	-0.2338232453014437	-0.8738426853399983	0.4061961947371109	6.24166946837931	-0.7429249825664302	0.46271672122369434	0.9959991703299887	-4.617337037533768	
VTNC	-0.22868731345914017	-0.8566497942315661	0.3992751673132857	6.6266977121724135	-0.7405575610747377	0.4641322718676085	0.9959991703299887	-4.61749640259318	
ZPI	-0.25095224050712056	-0.9414570255184092	0.4395525445041681	6.726200269931034	-0.7390517152751618	0.4650339710360132	0.9959991703299887	-4.617597521581737	
CO5A3	-0.28069113762534664	-1.0551915950262112	0.49380931977551784	6.415042606413793	-0.7369829938142871	0.46627437853959786	0.9959991703299887	-4.617736123184899	
EMIL2	-0.2618496503129683	-0.9865330404056094	0.46283373977967285	6.333552285517241	-0.7347746004593518	0.46760065007388085	0.9959991703299887	-4.61788368003056	
CO8A	-0.24200966036672242	-0.9158139253560353	0.43179460462259045	6.650251968551724	-0.7303808719920272	0.47024583485436644	0.9959991703299887	-4.618176015757357	
PERM	-0.21978287789085107	-0.83524169972629	0.39567594394458794	6.226107706482758	-0.726181697790539	0.4727819464006615	0.9959991703299887	-4.618453866368099	
AGRIN	-0.18114610913820667	-0.694423099803295	0.3321308815268816	6.336123782655172	-0.7176747365029846	0.47794381626478055	0.9959991703299887	-4.619012132909203	
MMP2	0.22392272639652425	-0.41417861327615657	0.862024066069205	6.41875564862069	0.7136067694555368	0.4804235276664425	0.9959991703299887	-4.6192769017501965	
LEG3	0.2772865430471809	-0.5142177412307599	1.0687908273251217	6.338767403	0.7124033742039204	0.48115848408757755	0.9959991703299887	-4.619354954361942	
MUC18	-0.17744388269309716	-0.6980398256378746	0.3431520602516802	6.412119033862069	-0.6931236168728535	0.4930201730356477	0.9959991703299887	-4.62058848416438	
FBLN3	0.17329855359924423	-0.3358633753088069	0.6824604825072953	6.396542519310345	0.692132845229888	0.49363413186091987	0.9959991703299887	-4.620651010189669	
CTHR1	0.20024827357147418	-0.398728971926455	0.7992255190694033	6.67234398662069	0.6798434231946394	0.5012850639145984	0.9959991703299887	-4.621419535623858	
OMD	0.20117316259263934	-0.40297984967953054	0.8053261748648093	6.63741151737931	0.6771323185557118	0.5029816964417744	0.9959991703299887	-4.621587319379105	
HSP7C	0.14335397792510626	-0.2889638992323521	0.5756718550825646	6.397107083241379	0.6743059598589568	0.5047538280483401	0.9959991703299887	-4.621761558965675	
SAP	0.3496114597572447	-0.7069404923215915	1.406163411836081	6.551060978413793	0.6728918176407306	0.5056417873523178	0.9959991703299887	-4.621848478595542	
FBN1	-0.18736586191041893	-0.7610682550858445	0.38633653126500667	6.577861840896552	-0.6641317577797274	0.5111614552964272	0.9959991703299887	-4.622383050718977	
CD109	-0.26579456725205103	-1.087767844595323	0.5561787100912208	6.345203110068965	-0.6575652368273449	0.5153204667994885	0.9959991703299887	-4.622779399141516	
FBLN5	-0.14084460211263547	-0.5776801608192589	0.2959909565939879	6.485825061758621	-0.6556509104055587	0.5165363855475735	0.9959991703299887	-4.6228942407348335	
CPXM2	-0.2400415619051221	-0.9857519892175481	0.5056688654073038	6.453106645862069	-0.654585939470669	0.5172134933077169	0.9959991703299887	-4.62295799106804	
MXRA5	-0.1767078344559115	-0.7264393902782402	0.37302372136641715	6.6251377426551725	-0.6536655271217975	0.5177990776562997	0.9959991703299887	-4.623013008511951	
PXDC2	-0.22001184079938657	-0.9155182294217301	0.475494547822957	6.412783382241379	-0.6432730773914472	0.5244357601468308	0.9959991703299887	-4.623629098306494	
PLOD1	-0.21893284288197945	-0.9150812743492812	0.4772155885853223	6.464426604517241	-0.6395279237873451	0.5268385609509356	0.9959991703299887	-4.623848813276579	
CFAH	-0.1444116115219946	-0.6047593139233955	0.3159360908794064	6.538818887310345	-0.6379205295184405	0.5278716257997798	0.9959991703299887	-4.6239427381426506	
APOE	-0.22205148531863295	-0.9309335544316881	0.48683058379442223	6.309032151758621	-0.6369863643283111	0.5284725050315773	0.9959991703299887	-4.623997220602316	
MGP	-0.3840852317181105	-1.6238367883113862	0.8556663248751653	6.261222618034482	-0.6300041216297207	0.5329751696627181	0.9959991703299887	-4.624402025648888	
ANXA6	0.12997439870269056	-0.2895828967902417	0.5495316941956228	6.542488196689655	0.6299658162562359	0.5329999276344811	0.9959991703299887	-4.624404234704081	
TR11B	-0.223274708351458	-0.9458862623458851	0.4993368456429691	6.392046583862069	-0.6283260617232551	0.534060322638749	0.9959991703299887	-4.624498678364276	
HV118	-0.2117063971887292	-0.8996285702163529	0.4762157758388945	6.614040770689655	-0.6258137744529988	0.535687124030006	0.9959991703299887	-4.624642920379005	
LUM	-0.21577768953079404	-0.9185716573833872	0.48701627832179917	6.449966828931035	-0.624351209830236	0.5366353906112382	0.9959991703299887	-4.624726638597901	
LAMC1	-0.15585707161291493	-0.6635304414372228	0.35181629821139293	6.333658997517241	-0.6242989053632326	0.5366693190117502	0.9959991703299887	-4.624729629074129	
MFAP4	-0.18124892089889236	-0.7751636647747342	0.41266582297694954	6.222560255724138	-0.6205857045337716	0.5390808443731083	0.9959991703299887	-4.624941316883513	
CO8G	-0.2274554419267159	-0.9764770767563737	0.5215661929029418	6.630587746689655	-0.6175219710436438	0.5410748414616214	0.9959991703299887	-4.625115069336321	
TINAL	0.22669514041817132	-0.5280870070155236	0.9814772878518662	6.2663741706551725	0.6107606313047308	0.5454889755047958	0.9959991703299887	-4.625495609965663	
CO8A2	0.2153506827433813	-0.5049370205871017	0.9356383860738643	6.571887131862069	0.6079819650282936	0.5473084263651928	0.9959991703299887	-4.625650835015089	
CO8B	-0.22463232903710253	-0.9774385518091915	0.5281738937349865	6.685506924965517	-0.6067915215967811	0.5480888796196869	0.9959991703299887	-4.625717129408036	
VINC	0.1609014453185742	-0.3820495203546801	0.7038524109918285	6.2841386528965515	0.6026286565774561	0.5508225615304447	0.9959991703299887	-4.625947975118908	
PCOC1	-0.18985799925767774	-0.8322993274127027	0.4525833288973472	6.822430246068966	-0.6009604244534061	0.5519200261113151	0.9959991703299887	-4.626040056839991	
VWA1	-0.1704991804749729	-0.7502995737082795	0.40930121275833364	6.653047622172414	-0.5979904311602027	0.5538766431211775	0.9959991703299887	-4.626203386071093	
A2AP	-0.2755155979746445	-1.2235079113757208	0.672476715426432	6.326337314344828	-0.5910059038658956	0.5584919644907732	0.9959991703299887	-4.626584425813702	
LV310	-0.18814984202297366	-0.840998113880585	0.4646984298346376	6.535517611275862	-0.586059949733358	0.5617719898660676	0.9959991703299887	-4.62685165078489	
ANXA4	0.17750695374494865	-0.4418085133439358	0.796822420833833	6.687705470068965	0.5828460920487529	0.5639085410710469	0.9959991703299887	-4.627024135282893	
ANXA1	0.1429724457349462	-0.3577576524583751	0.6437025439282674	6.578871035172414	0.5806294953395837	0.5653845005737619	0.9959991703299887	-4.627142566338363	
SMOC2	0.15408784504992695	-0.38843187747476976	0.6966075675746237	6.381317461551724	0.5775682282440436	0.5674260842972499	0.9959991703299887	-4.627305413728119	
COLA1	-0.20459599570124395	-0.9338688780022185	0.5246768865997306	6.571699416068966	-0.5705024437845729	0.5721523578158672	0.9959991703299887	-4.627678122056652	
KLKB1	-0.2816031333951295	-1.2889905209206851	0.7257842541304262	6.120106633655173	-0.5684488837751069	0.5735296345116482	0.9959991703299887	-4.6277856152730195	
B2MG	-0.20929292165025087	-0.9600844358855147	0.5414985925850129	6.315516555206897	-0.5668728138597251	0.5745877825011021	0.9959991703299887	-4.627867861056114	
LYOX	0.1720859467727934	-0.44979515251469027	0.7939670460602771	6.209444832517241	0.5627150002964274	0.577383897087993	0.9959991703299887	-4.628083776616529	
IGHG3	0.16549670665354596	-0.4400873768540451	0.7710807901611371	6.491935629482759	0.5557319272059719	0.5820950081151381	0.9959991703299887	-4.628442958664418	
CATB	-0.1633184149001286	-0.7650110655587361	0.43837423575847895	6.294498262862069	-0.5519641784597025	0.5846446837204247	0.9959991703299887	-4.628634959238778	
HV307	0.17143534121115805	-0.46152218028384	0.8043928627061561	6.434583510862069	0.5507775571472417	0.5854488059199457	0.9959991703299887	-4.628695167116443	
IBP7	0.1684959346509182	-0.4539711215582898	0.7909629908601261	6.011359668275862	0.5504571278850076	0.5856660390852566	0.9959991703299887	-4.628711403894008	
TARSH	-0.18217996291899177	-0.8558718477900192	0.49151192195203575	6.385735617965517	-0.5499076200142672	0.5860386658081326	0.9959991703299887	-4.628739227290753	
CSPG2	0.20661702228544646	-0.5616298892095145	0.9748639337804074	6.072882097827586	0.5469098178227267	0.5880735271444367	0.9959991703299887	-4.628890543253875	
ELNE	0.20364874746918368	-0.5590818972658675	0.966379392204235	6.022721543517242	0.542951443367776	0.5907656294365301	0.9959991703299887	-4.629089120279072	
OLFL3	-0.14252158443939927	-0.6908429387979629	0.4057997699191644	6.69498550962069	-0.5285619869363707	0.6006015419960228	0.9959991703299887	-4.629799230279834	
PLTP	-0.30030933302834467	-1.4577186494278576	0.8570999833711683	5.769183799413793	-0.527633425133356	0.6012389106198721	0.9959991703299887	-4.629844420082029	
PLIN2	-0.15262504551165101	-0.7637278293840499	0.4584777383607479	6.4886147831379315	-0.5078810264444378	0.6148719783916186	0.9959991703299887	-4.630787449320698	
KVD11	0.1537306977278861	-0.4638851809285888	0.771346576384361	6.520744030068966	0.5061655572157738	0.6160626792173804	0.9959991703299887	-4.630867702665386	
FBLN2	-0.14297099596510907	-0.7248770532736263	0.4389350613434081	6.431414733413793	-0.49962655039295234	0.6206110525684337	0.9959991703299887	-4.631171192894076	
DEF1	-0.17241210193078804	-0.8771899881925879	0.5323657843310118	6.307170645310345	-0.49746888472196116	0.6221152180217784	0.9959991703299887	-4.63127049376365	
COFA1	-0.12003314387338145	-0.6124103832711624	0.3723440955243995	6.413566526275862	-0.4957396507168691	0.6233219049282108	0.9959991703299887	-4.631349775659362	
TIMP2	-0.11827444837488506	-0.604455175546749	0.36790627879697885	6.551726862413793	-0.4947019664280725	0.6240465256199306	0.9959991703299887	-4.6313972225487925	
POSTN	-0.1708038193153661	-0.8789034079526918	0.5372957693219595	6.2169942764482755	-0.4905165667826922	0.6269730689932936	0.9959991703299887	-4.631587613618685	
S10AA	-0.16458167487327885	-0.8500202461016548	0.5208568963550972	6.542706770275863	-0.48827375622374897	0.628543835446735	0.9959991703299887	-4.631688990086222	
C1QB	-0.1726892427235827	-0.8974896906589506	0.5521112052117852	6.544466515241379	-0.4845038989574049	0.6311880411190669	0.9959991703299887	-4.63185837144147	
APOA	-0.2364253763924184	-1.2302817362452039	0.7574309834603672	5.6470606159655174	-0.4837499267422207	0.6317174769964685	0.9959991703299887	-4.631892094413448	
TETN	-0.17729780491907854	-0.9254937306401941	0.5708981208020371	6.507180967	-0.48187951453399674	0.6330317243326682	0.9959991703299887	-4.631975531734139	
LTBP4	-0.1568513639801799	-0.8236969608904297	0.50999423293007	6.393825949206897	-0.47831440028934585	0.6355401101522538	0.9959991703299887	-4.6321336963571	
CD5L	0.19832286259143886	-0.6545590925353909	1.0512048177182687	6.00983624162069	0.4728618759463431	0.6393849247614646	0.9959991703299887	-4.632373381798236	
IBP3	-0.18203644187216406	-0.9750406751987027	0.6109677914543746	6.7937350424827585	-0.4668026111523745	0.6436694879130488	0.9959991703299887	-4.632636596324526	
APOC4	-0.14877938451914735	-0.7970672098889289	0.4995084408506342	6.92944901237931	-0.4666866055624295	0.6437516381025055	0.9959991703299887	-4.632641603315798	
GRP75	0.1190416262216676	-0.40747672211437425	0.6455599745577094	6.743027460551724	0.45976487087712425	0.6486615203582997	0.9959991703299887	-4.632938159248225	
GELS	0.10825690097378132	-0.3793972874897809	0.5959110894373436	6.369827234689655	0.45143380361353325	0.6545923269823145	0.9959991703299887	-4.633289359924899	
FIBG	-0.25630092458232767	-1.4384255437021487	0.9258236945374935	5.760694371896552	-0.44089721453493524	0.6621259451263068	0.9959991703299887	-4.63372454820438	
HV169	-0.16096930599680825	-0.9159117227477968	0.5939731107541802	6.467555384137931	-0.4335904308047001	0.6673713988389084	0.9959991703299887	-4.634020435177924	
FMOD	-0.1462532636165877	-0.8352496559009699	0.5427431286677944	5.896295236793104	-0.43165727279610316	0.6687620512737222	0.9959991703299887	-4.634097908676705	
MFAP5	0.15614847492492598	-0.5795845125200646	0.8918814623699166	5.932493661344828	0.43158661045344215	0.6688129060690171	0.9959991703299887	-4.63410073413101	
FCN3	-0.1415323841832519	-0.8092010491373619	0.5261362807708582	6.3423141629655175	-0.4310674918497841	0.6691865578569033	0.9959991703299887	-4.634121477357497	
FHR5	0.17077767053193568	-0.6451049868113871	0.9866603278752585	6.710899731586207	0.4256511665181622	0.673090220060197	0.9959991703299887	-4.634336447806764	
IC1	-0.12041078532031559	-0.6963703996518996	0.4555488290112685	6.50429368424138	-0.4251320050089689	0.6734648771724621	0.9959991703299887	-4.634356913189482	
DERM	0.15879449676218546	-0.6182640008695288	0.9358529943938998	6.695067647482759	0.4155585072336475	0.6803887673018016	0.9959991703299887	-4.6347299142293625	
PRELP	-0.1266240743023335	-0.7804208603456367	0.5271727117409698	6.2907672584827585	-0.3938437395657228	0.6961976386846486	0.9959991703299887	-4.635545067206742	
CO8A1	0.11135643692876264	-0.4768019263094625	0.6995148001669877	6.569635011413793	0.38500954271224835	0.7026693444639645	0.9959991703299887	-4.63586440048146	
FRIL	0.15450510426250422	-0.6626417736803792	0.9716519822053876	6.240231553310345	0.38449717212538276	0.7030453918823509	0.9959991703299887	-4.635882702874796	
MSRE	0.13382762774058646	-0.5801211136059836	0.8477763690871565	6.5891118924137935	0.3811791977355109	0.7054824091806621	0.9959991703299887	-4.636000644144305	
SODE	0.1375664616018387	-0.5990728684355549	0.8742057916392323	6.403516117827587	0.3797590291805371	0.7065264759696552	0.9959991703299887	-4.636050818469611	
RNAS4	0.13033078829176747	-0.5750851119848779	0.8357466885684128	6.520026292931035	0.3757095391610553	0.7095067091693025	0.9959991703299887	-4.636192874643419	
KV315	0.1339128962053187	-0.593637767694718	0.8614635601053555	6.680212499103448	0.3742911908243216	0.710551649140176	0.9959991703299887	-4.636242276002412	
LAMB2	-0.09593274721167463	-0.6202150127178175	0.4283495182944682	6.270334779206896	-0.3720935641520849	0.712171830299885	0.9959991703299887	-4.636318456601849	
IGKC	0.09875515308050226	-0.44195513232314637	0.6394654384841509	6.492815864862069	0.37140314763463167	0.7126811148283407	0.9959991703299887	-4.636342298703526	
AACT	-0.10842376775214878	-0.7087505627500795	0.49190302724578194	6.790144179482758	-0.36727148525460596	0.7157316205365851	0.9959991703299887	-4.6364840661006195	
CCL18	-0.14363135105119046	-0.9390021297586095	0.6517394276562285	6.34674458662069	-0.3672231559568675	0.7157673314261891	0.9959991703299887	-4.6364857151574075	
FBLN1	0.09623295415151323	-0.43889902545555803	0.6313649337585845	6.662139234482758	0.3656902294643976	0.7169003595492311	0.9959991703299887	-4.636537909664225	
S10A6	-0.09455417008087122	-0.6229257927921901	0.4338174526304477	6.36922361262069	-0.36390803645857944	0.7182184465594328	0.9959991703299887	-4.636598321118167	
CO5	-0.1393873543543478	-0.9270880947651783	0.6483133860564827	6.518531331586207	-0.35984259140514013	0.7212284744947532	0.9959991703299887	-4.636735040544944	
HMCN1	0.1031277344513854	-0.4799597297788442	0.686215198681615	6.445607230448275	0.359660063647666	0.7213637231841605	0.9959991703299887	-4.636741143391863	
FHR1	-0.13992061776603973	-0.9463376202582195	0.6664963847261401	6.6495070532068965	-0.35283566888993084	0.7264269385922455	0.9959991703299887	-4.6369671282143745	
MARCO	-0.11246783030464083	-0.7615089304405189	0.5365732698312373	6.439614169034483	-0.3523761953915867	0.7267682876189773	0.9959991703299887	-4.636982190019691	
CO6	-0.133570639130328	-0.9121538099936454	0.6450125317329894	6.694725612896551	-0.34886422508821463	0.7293792462407727	0.9959991703299887	-4.637096675172683	
IGJ	0.15719956462246878	-0.7747334611749975	1.0891325904199352	5.682409941482758	0.34301813450908947	0.7337327669121005	0.9959991703299887	-4.637284740882706	
LAMA4	-0.10102555981142598	-0.7032998684983671	0.5012487488755151	6.391608298551724	-0.3411044398061743	0.735159829763276	0.9959991703299887	-4.637345622274285	
ANX11	-0.07782297565947018	-0.5467792076347029	0.3911332563157625	6.574638435896552	-0.3374628463904805	0.7378780430655463	0.9959991703299887	-4.637460545840956	
EDIL3	0.08577830575583971	-0.45309677268216414	0.6246533841938435	6.342262891448276	0.3236978458841035	0.7481834443837492	0.9959991703299887	-4.637883946023891	
C1QC	-0.09086686897676134	-0.6621649720941994	0.4804312341406768	6.485653449206897	-0.32343962587403835	0.7483772222506129	0.9959991703299887	-4.63789172224871	
CERU	-0.11250707858989599	-0.8213490331338092	0.5963348759540174	6.385087070344827	-0.32276087016568256	0.7488866649098087	0.9959991703299887	-4.637912133547405	
CD44	-0.09503972039817608	-0.7042076410257359	0.5141282002293837	6.274374713827586	-0.3172623738326472	0.7530177878733523	0.9959991703299887	-4.63807592019083	
PODN	0.07843113974726174	-0.42992857091191056	0.5867908504064341	6.603632306172414	0.3137385222531275	0.7556692249049688	0.9959991703299887	-4.638179424253141	
GANAB	-0.06918778489586397	-0.5196537425688031	0.3812781727770752	6.671267461586207	-0.31233301572207695	0.7567276062706432	0.9959991703299887	-4.638220388504304	
TIMP3	0.10335216437488452	-0.575606031119084	0.782310359868853	6.568433189586207	0.30954727511621816	0.7588267466677098	0.9959991703299887	-4.6383010428862415	
GDN	-0.1223922986506783	-0.9575786668090702	0.7127940695077137	6.4428444043793105	-0.2980033446936659	0.7675451034476772	0.9959991703299887	-4.638627649403275	
HPLN3	0.1025161455483892	-0.6039836038646026	0.8090158949613809	5.90950558562069	0.2950738350407979	0.7697625181244313	0.9959991703299887	-4.638708578197499	
PDIA1	0.08191472514397015	-0.4871396024059532	0.6509690526938935	6.674421147896552	0.29272424348206494	0.7715424035570335	0.9959991703299887	-4.6387729144910335	
ASPN	0.12520579213539473	-0.7500918086501525	1.000503392920942	6.614216158068966	0.2908835263503937	0.7729376807797177	0.9959991703299887	-4.638822961024141	
ALS	-0.11992871272218646	-0.960870409926441	0.7210129844820682	6.409722818689655	-0.29000649828648023	0.773602744847981	0.9959991703299887	-4.638846696223335	
NID2	0.07942707357931277	-0.49025612341939384	0.6491102705780194	6.457859776275862	0.28352123763052717	0.7785259818738808	0.9959991703299887	-4.639020004640689	
TRYB2	0.1288140879709659	-0.7964392850691299	1.0540674610110616	6.756641564827586	0.28310864443128436	0.7788395159410435	0.9959991703299887	-4.639030899164374	
FIBB	-0.16957312475192973	-1.3976275361062602	1.058481286602401	5.671381606827586	-0.28079531530396806	0.7805981355099424	0.9959991703299887	-4.639091691427707	
F13B	0.11476005771294773	-0.7342470897821672	0.9637672052080627	6.523267933103448	0.2748715907892853	0.7851067512641181	0.9959991703299887	-4.639245107903392	
S10AB	-0.07064697561396402	-0.6024895347389824	0.4611955835110543	6.569755434034483	-0.2701226062551501	0.7887267185091724	0.9959991703299887	-4.639365758093938	
CATF	0.07343560591603644	-0.4872680685073875	0.6341392803394604	6.320510503310345	0.26633222958461217	0.7916194065422102	0.9959991703299887	-4.639460558044254	
HS90B	0.07535684360411427	-0.5087013864629666	0.659415073671195	6.331756992172414	0.2623717038439067	0.7946451539176684	0.9959991703299887	-4.639558193833099	
COIA1	0.08074028268679467	-0.549363107978161	0.7108436733517504	6.101276033689655	0.26057268816779466	0.7960206296752428	0.9959991703299887	-4.639602064241492	
NID1	-0.07034247763362435	-0.6214917756701067	0.48080682040285805	6.28553396262069	-0.2595367409860427	0.7968129861974499	0.9959991703299887	-4.639627190734347	
CD59	-0.061186527104526454	-0.5707680084597788	0.44839495425072595	6.574226773551724	-0.244170173094909	0.8085915656368317	0.9959991703299887	-4.639988231975928	
CO6A1	-0.07642174095007272	-0.7172580439889427	0.5644145620887973	6.484600410413793	-0.2425047586011779	0.8098708992307652	0.9959991703299887	-4.640026047419061	
CFAD	-0.0693032152633916	-0.6518018772286284	0.5131954467018452	6.519821526793104	-0.2419406794936748	0.8103043326175723	0.9959991703299887	-4.640038797301518	
ITB2	0.07219625508298665	-0.5368866231248135	0.6812791332907868	6.329304811724138	0.24103978080490876	0.8109967012670927	0.9959991703299887	-4.640059099150004	
APOH	-0.0694616312032795	-0.6689510077106694	0.5300277453041103	6.607976225413793	-0.2356209652383727	0.8151644718857111	0.9959991703299887	-4.640179625274786	
CO6A2	-0.07988316983993086	-0.7755972693837341	0.6158309297038724	6.502246513206897	-0.23349357201174253	0.8168022158783972	0.9959991703299887	-4.640226198727714	
SFRP2	0.08815624487307452	-0.7070773138171559	0.8833898035633049	6.69903607775862	0.22542850350349983	0.8230185342824455	0.9959991703299887	-4.64039894829759	
MMP7	0.15274373810041628	-1.2367294356761311	1.5422169118769635	4.997098015068966	0.22354434749860472	0.82447247729625	0.9959991703299887	-4.6404384361226025	
ANT3	-0.052880094024404516	-0.53593974217649	0.43017955412768094	6.784341896551724	-0.22260858153327237	0.8251948124264776	0.9959991703299887	-4.640457925273342	
LYSC	0.08517274381667159	-0.6960729572571137	0.8664184448904569	6.347467378344827	0.22169885079460097	0.8258971988463577	0.9959991703299887	-4.640476794258557	
SERPH	0.05304632602008483	-0.434877053041436	0.5409697050816056	6.2505237403448275	0.22108237756552263	0.8263732493751066	0.9959991703299887	-4.640489537030359	
CATD	0.0947092845578967	-0.7880028801822684	0.9774214492980619	6.284990572103448	0.21818449691262415	0.8286119305462974	0.9959991703299887	-4.640548964683281	
FHR3	-0.09076425890596912	-0.9433655059121546	0.7618369881002165	6.376271139965517	-0.2164807813649122	0.8299287719064334	0.9959991703299887	-4.640583539238515	
SLPI	-0.08297279492175455	-0.87003528569165	0.7040896958481409	6.519840756379311	-0.2143763874600408	0.8315559961456376	0.9959991703299887	-4.6406258728506105	
COBA1	-0.0735563869474463	-0.774763612288738	0.6276508383938455	6.0404770808275865	-0.21331650061735388	0.8323758408817469	0.9959991703299887	-4.640647038584978	
S10A9	0.10198165179260399	-0.8827432244490631	1.086706528034271	5.811983567931034	0.21059961698944446	0.8344782760955815	0.9959991703299887	-4.6407008175769295	
MIME	0.07962070519575334	-0.690186525126646	0.8494279355181528	6.351561235344827	0.21032673410604333	0.8346895126359484	0.9959991703299887	-4.6407061812190085	
SDF1	-0.05956703762276842	-0.6355248496547761	0.5163907744092393	6.612464140586207	-0.21031283297085823	0.8347002737316771	0.9959991703299887	-4.640706454267175	
A1BG	-0.05664729395810069	-0.6134454978522603	0.500150909936059	6.628241522448276	-0.2068863259375868	0.8373537707239409	0.9959991703299887	-4.64077321048237	
KV320	0.0619384216987111	-0.5616361229738028	0.685512966371225	6.493720209034483	0.20198643339065422	0.8411516170371086	0.9959991703299887	-4.64086677558778	
FIBA	-0.1146391977915285	-1.2741594215882213	1.0448810260051644	5.782875378137931	-0.2010505450806589	0.8418774552863457	0.9959991703299887	-4.640884392816148	
COCA1	0.06032677505580082	-0.5507337430463056	0.6713872931579073	6.377763837137931	0.20075960375784027	0.8421031266177155	0.9959991703299887	-4.640889852922461	
SPP24	-0.1007393976298498	-1.1236343902247632	0.9221555949650635	6.597635675655172	-0.20027131129108833	0.842481905657856	0.9959991703299887	-4.64089899903496	
TRFL	-0.07622422426472433	-0.8874800031998701	0.7350315546704215	5.851459859551724	-0.19106698654102844	0.8496289296553411	0.9959991703299887	-4.641067254816087	
CLUS	-0.048753726668901695	-0.5839233031411183	0.4864158498033149	6.507322821862069	-0.1852536809186483	0.8541495831874291	0.9959991703299887	-4.64116946135058	
SCUB3	-0.06363497085671156	-0.7656880183031581	0.638418076589735	6.321830393310345	-0.18432165660944114	0.8548748318052972	0.9959991703299887	-4.641185555166533	
CYTB	-0.0738635058235786	-0.8898494979698497	0.7421224863226925	6.183801737344828	-0.18407620744807884	0.8550658478161228	0.9959991703299887	-4.641189780031695	
LRP1	0.05209376662031625	-0.5343897423012222	0.6385772755418547	6.556424904586207	0.18062605615855523	0.857751795006035	0.9959991703299887	-4.641248573286733	
CLC11	-0.05094719845559413	-0.6352749133150712	0.533380516403883	6.246426994724138	-0.1773022579155558	0.8603410058627472	0.9959991703299887	-4.641304165241686	
IGHG4	0.0628572679896007	-0.6666879651682406	0.7924025011474419	6.410697436413793	0.17520791490369378	0.8619732898093782	0.9959991703299887	-4.641338665678461	
VTDB	-0.05107157988498348	-0.6706376714669379	0.568494511696971	6.5576379164137935	-0.1676262757197236	0.8678873520213854	0.9959991703299887	-4.641460142584671	
IGLL5	-0.04395723972617991	-0.5970344672310878	0.5091199877787279	6.546543443275862	-0.1616199918406513	0.8725780683776605	0.9959991703299887	-4.6415525761943295	
TENA	-0.054748687388115155	-0.7692025768123509	0.6597052020361207	6.315878059931035	-0.155829598189389	0.8771046218476993	0.9959991703299887	-4.641638503925493	
CCN2	0.03783025081538382	-0.46202330584725393	0.5376838074780216	6.574493130896552	0.15390292659181004	0.878611708454593	0.9959991703299887	-4.64166640206031	
VWF	-0.05594189690315521	-0.8197989012795893	0.7079151074732789	6.483307825034482	-0.14892772917969452	0.8825055355862063	0.9959991703299887	-4.6417368416608555	
CO6A3	0.045152233328100755	-0.5928976970205435	0.6832021636767449	6.471235577	0.14390471213657668	0.8864398018732331	0.9959991703299887	-4.641805616165852	
ANXA2	0.042315431011512375	-0.5558633855351337	0.6404942475581584	6.49885488937931	0.14385275508403997	0.8864805125855257	0.9959991703299887	-4.641806315255961	
S10A8	-0.07095306482521711	-1.0940181224530132	0.9521119928025791	5.886630955206897	-0.14103222322605874	0.8886909945281919	0.9959991703299887	-4.641843887986138	
CRAC1	-0.04642085297758107	-0.7390467475120198	0.6462050415568578	6.5200540237931035	-0.13629026518918042	0.892409350624044	0.9959991703299887	-4.641905383190476	
CATZ	-0.05238468550019377	-0.8549954444696195	0.7502260734692319	6.171941333103448	-0.1327241058108162	0.8952073514489219	0.9959991703299887	-4.6419502476949654	
HPTR	-0.05982888980610265	-1.0114974945625894	0.8918397149503842	6.123617868724138	-0.1278426151829059	0.8990395618394642	0.9959991703299887	-4.642009735194169	
HPLN1	-0.0446202735424268	-0.7660363932876657	0.6767958462028121	5.759349506724138	-0.12577572532206774	0.9006629195703506	0.9959991703299887	-4.642034252602538	
ANGL4	0.03755009825410794	-0.5851303033754273	0.6602304998836431	6.595916446482758	0.12262988618700993	0.90313452733911	0.9959991703299887	-4.64207080287914	
ITIH1	-0.029488620398975086	-0.5226599686783765	0.4636827278804263	6.580958312689655	-0.12159257668408088	0.9039497321315375	0.9959991703299887	-4.642082652366049	
PGS1	-0.04048007463943017	-0.7614673108645741	0.6805071615857138	6.424080745827586	-0.11417319976326923	0.9097835338321787	0.9959991703299887	-4.642164475970396	
PA2GA	0.035032598498179864	-0.5920444950895782	0.662109692085938	5.912291380551724	0.11360615445280949	0.9102296109004419	0.9959991703299887	-4.642170518041266	
ALBU	-0.039938868969229845	-0.7548615832933774	0.6749838453549177	6.8200665990000005	-0.1136022964551635	0.9102326459697736	0.9959991703299887	-4.642170559046736	
CFAB	-0.03240058954341473	-0.6633377048311402	0.5985365257443107	6.742012205275862	-0.1044280770624881	0.9174537337353496	0.9959991703299887	-4.64226413542589	
EMIL1	-0.019615286683989104	-0.4032052194363298	0.3639746460683516	6.477237330137931	-0.10398672570897162	0.9178013088655292	0.9959991703299887	-4.642268438898861	
SFRP3	-0.03954333937506064	-0.8172684995694739	0.7381818208193527	6.51973209862069	-0.10339454760307355	0.9182676895915938	0.9959991703299887	-4.642274184435538	
ITIH5	0.03106077684571682	-0.5941694789029364	0.65629103259437	6.199433231793103	0.1010235839930012	0.9201352783061381	0.9959991703299887	-4.6422968601277	
HRG	-0.028135600175047612	-0.5953246425362785	0.5390534421861833	6.704644496310345	-0.10087389631756301	0.9202532016389249	0.9959991703299887	-4.642298274095687	
ANXA5	0.021985353430429344	-0.4231867474873746	0.4671574543482333	6.56645286224138	0.1004282642890645	0.9206042795541842	0.9959991703299887	-4.642302471192179	
MFGM	0.031129524155073262	-0.6024868274746421	0.6647458757847887	6.111849536206896	0.09990714533309239	0.9210148481112859	0.9959991703299887	-4.642307355703452	
ITAV	-0.021750860070747148	-0.46573985534627177	0.42223813520477743	6.422521901724138	-0.09962186618848765	0.9212396173452381	0.9959991703299887	-4.6423100189084785	
FGL2	-0.02876780798939182	-0.6522632077024821	0.5947275917236985	6.4117977276551725	-0.09382616427065889	0.9258074042552632	0.9959991703299887	-4.642362477120848	
IGHG1	-0.02442949036945873	-0.6355531141509301	0.5866941334120126	6.720286462275862	-0.08128974836763093	0.9356963175902966	0.9959991703299887	-4.642465203802233	
HV330	-0.028795307785570885	-0.7928665451867437	0.7352759296156018	6.5724648315517245	-0.0766369686120022	0.9393692267388205	0.9959991703299887	-4.6424995903588435	
MMP12	-0.030930901388948058	-0.8612498451724331	0.799388042394537	6.378620131931035	-0.07575269259446898	0.9400674301632128	0.9959991703299887	-4.642505896660179	
LG3BP	-0.024137257665829952	-0.6758805192830452	0.6276060039513852	5.871373974931035	-0.07531159079102911	0.9404157317516707	0.9959991703299887	-4.6425090150793675	
LTBP1	0.017049077529395096	-0.5300496485337465	0.5641478035925367	6.486530660241379	0.06337028006790715	0.9498490947022972	0.9959991703299887	-4.642586519579256	
HPT	0.022774564216279655	-0.708926465768488	0.7544755942010473	6.3884155015862065	0.06329462827195449	0.9499088827934712	0.9959991703299887	-4.642586968067886	
S10A4	0.017140305534755533	-0.5505675633529622	0.5848481744224733	6.505393004310345	0.06139656719903519	0.9514090279896723	0.9959991703299887	-4.642598045138033	
IGHG2	-0.019434199668396122	-0.6870938421953425	0.6482254428585503	6.713345062275862	-0.059191858911369404	0.9531517594959591	0.9959991703299887	-4.642610488620157	
CATG	-0.02570517134441139	-0.9222263885026476	0.8708160458138248	6.6895028874827585	-0.05830561429921941	0.953852366013	0.9959991703299887	-4.642615362467143	
AMPN	-0.01332530441495616	-0.48743764017768487	0.46078703134777255	6.7546385723448275	-0.05715396023606434	0.954762843348928	0.9959991703299887	-4.642621586110422	
THIO	0.011172232078700356	-0.39269882953184987	0.4150432936892505	6.460397337724138	0.05625325496956268	0.9554749680772681	0.9959991703299887	-4.642626367113232	
C1R	-0.016614688552977937	-0.6547997448457232	0.6215703677397673	6.504892271482759	-0.05294147274479217	0.9580936778567082	0.9959991703299887	-4.6426432935211315	
ICAM1	-0.013218492052627347	-0.5809147084709921	0.5544777243657374	6.333963016206897	-0.047349604832283086	0.962516366862844	0.9959991703299887	-4.642669543684038	
PGBM	-0.013631144866792299	-0.6259708710804976	0.5987085813469131	6.235171666827586	-0.04526789939192537	0.9641631334034129	0.9959991703299887	-4.642678568419861	
AEBP1	-0.011597199300943495	-0.5774004583366702	0.5542060597347832	6.431607990344827	-0.041680999083931455	0.9670009793274328	0.9959991703299887	-4.642693167039599	
CADH1	-0.012654747613776563	-0.7057648121660346	0.6804553169384814	6.691313738275862	-0.037128014680036056	0.9706037859823144	0.9959991703299887	-4.642709963152228	
KV240	0.011049206946160508	-0.601892452135367	0.623990866027688	6.638718038482758	0.03665746364806717	0.9709761731978566	0.9959991703299887	-4.642711588398689	
LTBP2	0.00643767224775679	-0.4674051341353364	0.48028047863084994	6.3724421974827585	0.027627718023516188	0.9781233639179583	0.9959991703299887	-4.64273876127578	
TRFE	0.008871073301536494	-0.6627409598790082	0.6804831064820811	6.848490092137931	0.026860132050779008	0.9787310138464203	0.9959991703299887	-4.64274071914488	
ANGI	-0.00778004409760064	-0.6681652423764777	0.6526051541812763	6.372788296724138	-0.0239571511213606	0.9810292363302784	0.9959991703299887	-4.6427476249596245	
LAMB1	-0.004602181946258433	-0.5380116766399972	0.5288073127474804	6.5037068256896555	-0.01754500461855116	0.9861061384967986	0.9959991703299887	-4.642760082678335	
HV439	-0.004238367100631223	-0.528628779915313	0.5201520457140506	6.632291335586207	-0.01643592955153232	0.9869843290980389	0.9959991703299887	-4.642761846945912	
LAMA5	0.003948922744414428	-0.5066628796751093	0.514560725163938	6.225722195862069	0.01572672282892324	0.9875459036562491	0.9959991703299887	-4.642762914755081	
HEMO	0.00418735969099871	-0.6206576973886535	0.6290324167706509	6.766299662827586	0.013627568501407051	0.989208123778966	0.9959991703299887	-4.642765799357488	
PPT1	-0.003876930938135956	-0.5933394746601187	0.5855856127838469	6.411782523068966	-0.013374645977057798	0.9894084045094783	0.9959991703299887	-4.642766119068607	
BGH3	0.0026630214117299277	-0.6360081505737648	0.6413341933972246	6.382381607448275	0.008479061573461575	0.9932851725777327	0.9959991703299887	-4.642771127502234	
CEMIP	-0.0037525201914807424	-0.9236215643952022	0.9161165240122406	6.239856603965517	-0.008295593794241322	0.9934304628362858	0.9959991703299887	-4.6427712715767075	
FRIH	-0.0025120754578844165	-0.6501755943481216	0.6451514434323526	6.238263446655172	-0.007887396798659064	0.9937537195728474	0.9959991703299887	-4.642771580821449	
ITIH4	0.0013827579256376046	-0.5552093726272419	0.5579748884785171	6.6648135226206895	0.0050519557630054526	0.9959991703299887	0.9959991703299887	-4.642773298363751	
