	logFC	CI.L	CI.R	AveExpr	t	P.Value	adj.P.Val	B	
APOB	-0.9777473641601343	-1.5516950811494072	-0.40379964717086136	6.240935392790322	-3.4011079382974625	0.0011424623991704867	0.2033367798915103	-0.9521182535515793	
ITA1	0.6477742758008374	0.26234643781004596	1.0332021137916287	6.308391665532258	3.355418637372705	0.0013160956627282221	0.2033367798915103	-1.0663978071359033	
APMAP	-0.6274155002014817	-1.0710703786983813	-0.18376062170458224	6.723155550322581	-2.823423831470112	0.006271489782393866	0.6459634475865682	-2.316571487453934	
PON1	-1.1168796544244264	-1.9606442314473038	-0.27311507740154883	6.145545200725806	-2.6427202026716414	0.010256915944224482	0.689477195680065	-2.7046361365480327	
APOA1	-0.9562712408720747	-1.7125202437743046	-0.20002223796984486	6.180984434967742	-2.5245406829168324	0.013991845404226953	0.689477195680065	-2.9475475459597837	
APOD	-0.7007850578583354	-1.26241594703283	-0.1391541686838409	6.556173593419355	-2.4911503612897103	0.01524982846118197	0.689477195680065	-3.0145728778248317	
OAF	-0.4505269957496821	-0.8129511553311649	-0.08810283616819925	6.687363279322581	-2.4818170999839357	0.015619224497606651	0.689477195680065	-3.0331794212883825	
A2MG	-0.5735438201697756	-1.0673894471109973	-0.07969819322855382	6.716556392951613	-2.3186835781195896	0.0235119848175239	0.8560084652049081	-3.349180732039937	
A1AG1	-0.897592300871871	-1.6808938879607531	-0.11429071378298894	6.787959798564516	-2.2877902570935262	0.025354446849326053	0.8560084652049081	-3.407026353372587	
FCGBP	-0.4903792810763686	-0.9270909579750002	-0.05366760417773703	6.325350223354839	-2.2418337454760744	0.02833172698479158	0.8560084652049081	-3.4918773482834586	
TRYB2	0.6897791622264748	0.06498045943823327	1.3145778650147164	6.351605256177419	2.2041241101376046	0.031000611697821576	0.8560084652049081	-3.5604208095321206	
APOE	-0.4383047876196352	-0.8407124083694293	-0.03589716686984118	6.4843744544193544	-2.174583616213567	0.033243047192423616	0.8560084652049081	-3.613428894961769	
PLTP	-0.7959838422509005	-1.549560791609087	-0.04240689289271393	6.259869646758064	-2.1088356768312075	0.03874937528793032	0.876529670226916	-3.7292213622738055	
ITIH2	-0.6531309167070162	-1.2821310961160253	-0.024130737298007077	6.550132183903226	-2.0730776363890713	0.042064629054514316	0.876529670226916	-3.7909175982396257	
SAA4	-0.5478214348014456	-1.1032443552405224	0.007601485637631189	6.31302855832258	-1.9691614146880547	0.05312619266779594	0.876529670226916	-3.9650213945244768	
CO8A	-0.4197531811602106	-0.850303890488187	0.010797528167765857	6.906335440677419	-1.9464165157252786	0.055854458612599966	0.876529670226916	-4.0020867105733995	
LOXL1	0.43794363205115405	-0.014170938206117534	0.8900582023084256	6.335031348225806	1.93390798460464	0.057405109868782035	0.876529670226916	-4.02230972669755	
TTHY	-0.4951953351490672	-1.0079549925983176	0.017564322300183233	6.821223363741935	-1.9280966055022986	0.05813789825350962	0.876529670226916	-4.03166622370621	
C1S	-0.5374942201969217	-1.096510640720838	0.0215222003269947	6.773080299354839	-1.919620271080459	0.05922096871731069	0.876529670226916	-4.045268960029252	
CO7	-0.44217563506474616	-0.9037360580825472	0.01938478795305487	6.83789612633871	-1.912636059573775	0.06012620669654421	0.876529670226916	-4.056437492243522	
PCYOX	-0.3362715366904743	-0.6917138070622737	0.019170733681324992	6.678756508790323	-1.8888050191724621	0.06330379985729173	0.876529670226916	-4.094275560944795	
C1R	-0.41024422241532693	-0.8494512136653676	0.02896276883471366	6.835237690483871	-1.8648303247943978	0.06664261794387503	0.876529670226916	-4.131918167008344	
FA10	-0.5021395185641002	-1.044499208804175	0.04022017167597436	6.608861645967742	-1.8484303542139104	0.0690109962895005	0.876529670226916	-4.157422012755325	
PERM	-0.6571794881271441	-1.3700868143022686	0.05572783804798043	6.757843053580645	-1.840420304215008	0.07019322503296617	0.876529670226916	-4.169805785833146	
KLKB1	-0.6211860524683277	-1.304981534383796	0.06260942944714065	6.601653711	-1.8136837541737933	0.07426305847377626	0.876529670226916	-4.210794369853229	
APOA4	-0.541879709142546	-1.143544895205749	0.059785476920656944	6.511803199887097	-1.7981010726804696	0.07672475021880755	0.876529670226916	-4.234436441832766	
CAD13	0.6327322286663247	-0.07202257682007218	1.3374870341527216	6.065763961403226	1.7924539381991733	0.07763349876881219	0.876529670226916	-4.242959241524153	
F13A	0.49207525554625947	-0.06510287159379063	1.0492533826863095	6.659799118612903	1.7632080557015384	0.08248437312504033	0.876529670226916	-4.286713286560932	
SAMP	0.4870709693168355	-0.07252093125766351	1.0466628698913345	6.378713323209677	1.737748487549692	0.08690938962373645	0.876529670226916	-4.324275899848217	
CRIP2	0.4637825708681093	-0.06968443228565652	0.9972495740218752	6.222205604967741	1.7356931744419084	0.08727500878644946	0.876529670226916	-4.3272868100728905	
PROS	-0.47140423383551705	-1.0221130660871742	0.07930459841614018	6.7384163319354835	-1.7089821668324228	0.09214309343236725	0.876529670226916	-4.366124260828546	
KNG1	-0.4888057452372349	-1.0677295499114527	0.09011805943698298	6.786124543403226	-1.6857027218949185	0.09656569278245286	0.876529670226916	-4.399527795922812	
LEG1	0.5323538912770468	-0.0988489773114023	1.163556759865496	6.05420623033871	1.6838273636151628	0.09692940629037484	0.876529670226916	-4.402200664599393	
ITB1	0.3401214628176978	-0.06946643367390148	0.749709359309297	6.271849880854838	1.6578797143016026	0.10207771313061859	0.876529670226916	-4.438905372959517	
APOA2	-0.419785279543888	-0.9402895276272111	0.10071896853943507	6.671007078258064	-1.6101599526365828	0.112125724714444	0.876529670226916	-4.505051769070616	
COEA1	0.3989855829742932	-0.09654455218491603	0.8945157181335024	6.206846069	1.6075083081185764	0.11270668273119017	0.876529670226916	-4.5086755681730875	
HORN	-0.364893794656932	-0.8201101024558997	0.09032251314203565	6.350820972112903	-1.6003492099994625	0.1142873210042081	0.876529670226916	-4.518432054560229	
CD97	0.25837477016744803	-0.06496814128645462	0.5817176816213507	6.526185271370967	1.5953385244449738	0.11540419687491209	0.876529670226916	-4.525236939755395	
FCN3	-0.4540981988760351	-1.0271134519843068	0.11891705423223675	6.652672985741935	-1.582157413693358	0.11838420055869213	0.876529670226916	-4.543044452360867	
CO9	-0.4076524773579429	-0.9260804464881824	0.11077549177229656	6.775374736774194	-1.5698846975317566	0.12121402389476128	0.876529670226916	-4.559502829915047	
THSD4	0.5063506409445568	-0.15114207109062483	1.1638433529797385	5.9458231685483875	1.5375403245110775	0.12893159899158807	0.876529670226916	-4.602313481959546	
HSPB1	0.39310449440502526	-0.12227916533543526	0.9084881541454858	5.948932581354839	1.5228020681354446	0.13257539883145744	0.876529670226916	-4.6215483854431705	
APOC1	-0.3302456752189853	-0.7672161739615231	0.10672482352355256	6.547459702451613	-1.5088675390907513	0.13609505116644321	0.876529670226916	-4.639576949196955	
PEDF	-0.5176604287749986	-1.2080265611642464	0.1727057036142492	6.729983396790322	-1.4970337235473323	0.13914167581421247	0.876529670226916	-4.654767220516781	
PLMN	-0.4475467508128683	-1.051522960322241	0.15642945869650426	6.887190739387097	-1.479396783741527	0.1437816856896455	0.876529670226916	-4.6772009259939304	
CD109	-0.35605933306016707	-0.837048542113435	0.1249298759931009	6.563110177596775	-1.4779275156413991	0.14417364083355774	0.876529670226916	-4.67905867081776	
FINC	-0.26395900912403686	-0.6213596893738895	0.09344167112581586	6.434675735629032	-1.4745082557735556	0.14508903644857085	0.876529670226916	-4.683375357004771	
CO4B	-0.4777369770268713	-1.1255558184852523	0.1700818644315097	6.693337849887096	-1.472317167110385	0.14567801888314358	0.876529670226916	-4.686136645023366	
PRDX1	0.3533376710855896	-0.1301639308307978	0.836839273001977	6.33958553533871	1.4590094968743756	0.14929552941762783	0.876529670226916	-4.7028255144111615	
CO4A	-0.3199708640959895	-0.7587429549017219	0.11880122670974291	6.827770506983871	-1.4559200692035827	0.15014529614562602	0.876529670226916	-4.70667975893276	
NID2	0.34771468821904983	-0.1313003326392958	0.8267297090773955	6.154963850306451	1.4492389521826738	0.15199587671737566	0.876529670226916	-4.714988864492977	
HEP2	-0.3484719056809879	-0.8289873252030086	0.13204351384103274	6.8206472586935485	-1.4478598856458478	0.15238006228297363	0.876529670226916	-4.71669954121227	
CO5A1	-0.405993178830889	-0.9659131951259254	0.15392683746414754	6.210693907580645	-1.4476342102057538	0.15244300371218675	0.876529670226916	-4.716979338245676	
CO3	-0.28045890274693785	-0.6706979724540432	0.1097801669601674	6.860218973354839	-1.4348436392984083	0.15604350694700272	0.876529670226916	-4.732770967733795	
CO6	-0.3266936432132295	-0.7838943461913581	0.130507059764899	6.850800048016129	-1.4265923423449947	0.158401012117112	0.876529670226916	-4.742888970420328	
IGJ	-0.5620448435322793	-1.3561700267934467	0.23208033972888786	6.327653595451613	-1.4130192976616793	0.16233888873049776	0.876529670226916	-4.75941423390552	
ECM2	-0.38276245715570506	-0.924426609437337	0.15890169512592683	6.324113597016129	-1.4107996171959123	0.16299000092030844	0.876529670226916	-4.762102676299487	
MEGF6	0.511831537024428	-0.21516949233953775	1.2388325663883937	5.998672859725806	1.4055882239889137	0.16452660476751174	0.876529670226916	-4.768399117307368	
CFAD	-0.3418672702071858	-0.8465395642281723	0.16280502381380074	6.815117536629033	-1.352428004288086	0.18084438643218992	0.8813018201524057	-4.831380705710849	
FIBA	-0.6685223990476833	-1.6654504285131764	0.3284056304178097	6.300847788306451	-1.3388078500975742	0.18521677277051446	0.8813018201524057	-4.847150446209591	
ASPN	0.460516353125042	-0.23679808894045384	1.157830795190538	6.142219158387097	1.3185071544981122	0.19188154587478556	0.8813018201524057	-4.870376303692483	
TAGL2	0.2857219365252055	-0.14932219310700046	0.7207660661574115	6.535582625193548	1.3112224189146588	0.19431662701167796	0.8813018201524057	-4.878629205216364	
FIBG	-0.6748553748790334	-1.713659415684734	0.3639486659266673	6.262742778467742	-1.297009552705974	0.19913423810941958	0.8813018201524057	-4.894606852160408	
IGHA1	-0.39558739622588673	-1.0155993376614818	0.22442454520970828	6.696550796741936	-1.273821239364877	0.20718494109945573	0.8813018201524057	-4.9203212942820205	
CO5	-0.28484750089795197	-0.7360175314411544	0.16632252964525052	6.764744190209678	-1.2604866895147868	0.21192262959639077	0.8813018201524057	-4.934909774050019	
HV118	-0.31478299894362655	-0.8165888944306403	0.18702289654338716	6.9352774813870965	-1.2523958018334083	0.21483604327734024	0.8813018201524057	-4.943690623181337	
ZPI	-0.31415560743354753	-0.8161694603470888	0.18785824547999375	6.802778176225806	-1.2493818952247884	0.21592882314823278	0.8813018201524057	-4.9469478466736625	
CO5A2	-0.32014152653139577	-0.8338213851670737	0.19353833210428223	6.295181064193549	-1.2442726867539677	0.21779065888832122	0.8813018201524057	-4.952452530716299	
ITIH3	-0.22960593315280978	-0.598482324892701	0.1392704585870815	6.596786311516129	-1.2427058395531747	0.21836398873027132	0.8813018201524057	-4.954136372955895	
PRDX2	0.3346486254995293	-0.2059407873176557	0.8752380383167142	6.603873565548387	1.2359121549531489	0.22086271929615142	0.8813018201524057	-4.961414050191617	
TSP2	-0.36866058453518585	-0.9660845771094702	0.2287634080390985	6.362611652096774	-1.231998392993603	0.2223116944329327	0.8813018201524057	-4.9655894455560805	
CD14	-0.42082798665293514	-1.1031555487644715	0.2614995754586012	6.505874033306451	-1.2313394495545293	0.22255633542639539	0.8813018201524057	-4.966291202577284	
OLFL3	0.31852121716527676	-0.20167143621200484	0.8387138705425583	6.392717087677419	1.2224757309576497	0.22586627868870582	0.8813018201524057	-4.975696166599773	
KVD11	-0.28071141951128753	-0.7392249788425252	0.1778021398199502	6.863249231709678	-1.2222892465246908	0.22593630082193422	0.8813018201524057	-4.975893345066315	
VTNC	-0.25560908937385046	-0.674151818930213	0.1629336401825121	6.6543299855	-1.2192775706142214	0.22706933563318196	0.8813018201524057	-4.9790737684103625	
FIBB	-0.6349111699269482	-1.6835675199945266	0.41374518014063033	6.218661279177419	-1.2087761166406163	0.2310525362743287	0.8813018201524057	-4.990105275968783	
SDF1	0.30962436055819015	-0.20531963066544007	0.8245683517818203	6.272989000306452	1.2004421106350804	0.23424957954926023	0.8813018201524057	-4.998795326799638	
LEG3	0.3846025420027541	-0.2582550628400081	1.0274601468455162	6.3101349964999995	1.1944375784884405	0.2365727901146859	0.8813018201524057	-5.005020912146187	
A2AP	-0.4841731480624366	-1.3015244777579225	0.33317818163304924	6.706432305064516	-1.1826548590776407	0.2411799656466655	0.8813018201524057	-5.017150964437518	
VINC	0.25754057735196656	-0.1777359920254244	0.6928171467293576	6.104867892645161	1.1812626403913333	0.2417285787180126	0.8813018201524057	-5.018576652086444	
CFAH	-0.20725691376977978	-0.5588143430041529	0.14430051546459333	6.755282439870967	-1.1770064443860426	0.24341133018983724	0.8813018201524057	-5.022925236980061	
SAP	0.40374625811799303	-0.2835185200514847	1.0910110362874708	6.38247217	1.1728717260592258	0.24505409984801257	0.8813018201524057	-5.027135371122255	
C1QB	-0.29588548518990687	-0.8008593023478993	0.20908833196808552	6.63619134432258	-1.1698249896348396	0.246269683393425	0.8813018201524057	-5.030228633630176	
PA2GA	-0.37811917170584536	-1.0288837702766127	0.27264542686492205	6.088378714193548	-1.1600344113548362	0.25020516223452405	0.8813018201524057	-5.040116727824646	
CATG	0.35305539035125977	-0.26163241616830823	0.9677431968708278	6.459722542532258	1.1467119603921851	0.2556321885758648	0.8813018201524057	-5.053444357697484	
CERU	-0.3821223367149324	-1.0511038710959233	0.28685919766605855	6.757396512032258	-1.1403925945593483	0.2582354968765388	0.8813018201524057	-5.059714719070653	
IPSP	-0.27676150362175755	-0.7621695393281283	0.2086465320846131	6.66623924732258	-1.1383211725360942	0.25909291153876157	0.8813018201524057	-5.061762865826069	
ANT3	-0.22190539453082483	-0.613055183302887	0.1692443942412373	6.852626703629032	-1.1326372848915343	0.2614559733509263	0.8813018201524057	-5.067364586253344	
PGCA	0.39427984557482165	-0.3031745786396074	1.0917342697892507	5.457505799903226	1.12863844118753	0.2631275882960823	0.8813018201524057	-5.071289539328271	
GRN	0.3608043281397708	-0.28243420205213754	1.0040428583316792	6.681818071483871	1.119865283871424	0.26682137946188395	0.8813018201524057	-5.079854011597977	
TIMP1	-0.3361125580743881	-0.9354198463713606	0.2631947302225843	6.549313916709678	-1.1196989573711746	0.26689175911693575	0.8813018201524057	-5.080015763393197	
MIME	0.42796006188072644	-0.34206764649113874	1.1979877702525916	5.840869675080645	1.109591145947951	0.271193325670602	0.8813018201524057	-5.089802347512627	
SAA1	-0.5395790956733454	-1.517769562724034	0.4386113713773433	5.427165938709678	-1.101280079914739	0.27476646938030447	0.8813018201524057	-5.097785535329065	
FA12	-0.37447531909158566	-1.0535702698516987	0.3046196316685274	6.812252196096774	-1.1009276823539804	0.2749186975965054	0.8813018201524057	-5.098122758181803	
ITIH5	-0.2734293001858982	-0.7708801982176936	0.2240215978458971	6.268400774290322	-1.0973898161590376	0.2764502440262302	0.8813018201524057	-5.101502540644226	
HS71B	0.2081376013178985	-0.17788529913464696	0.5941605017704439	6.342032536725807	1.0764740613684185	0.28562619862130667	0.8813018201524057	-5.121270259090806	
FBLN1	0.21029730806190286	-0.1807860227140489	0.6013806388378546	6.516724275080645	1.073570333813521	0.2869165532950906	0.8813018201524057	-5.123985711096618	
CO4A2	-0.3076609649805533	-0.8812908038039813	0.2659688738428747	6.104812199903225	-1.0707960428657126	0.28815314391620883	0.8813018201524057	-5.126573531981719	
DEF1	-0.39658553950123904	-1.1430265164678122	0.34985543746533415	6.650634979306451	-1.0607364578902425	0.29266782451858214	0.8813018201524057	-5.135902958943219	
KV240	-0.23218758383404206	-0.6696296599066638	0.2052544922385797	6.9122382071290325	-1.0597038986568146	0.29313396524491475	0.8813018201524057	-5.136855777108291	
APOL1	-0.282480594222855	-0.8157548471136987	0.25079365866798875	6.539460794854839	-1.0575577594775465	0.2941044526417191	0.8813018201524057	-5.138833320078617	
RARR2	0.291087622052281	-0.26421727951204654	0.8463925236166085	6.605469146903226	1.0465460075473736	0.29911862139843015	0.8813018201524057	-5.148919298315068	
AMPN	0.21858652631684955	-0.19888025178496438	0.6360533044186635	6.638451754725806	1.0453640538142428	0.2996602681454136	0.8813018201524057	-5.149995841218352	
GELS	0.22966854259623637	-0.21214045515061447	0.6714775403430873	6.151479855048387	1.0378463255699215	0.30312102902794386	0.8813018201524057	-5.156815673236841	
CO8A2	0.3387990710080584	-0.3150570496800187	0.9926551916961355	6.235477041919355	1.034489557788223	0.3046750485502553	0.8813018201524057	-5.159845499876668	
TRFL	-0.46324758073163264	-1.3808240318035083	0.45432887034024316	6.3638856802419355	-1.0079453708701305	0.3171540239595803	0.8813018201524057	-5.183470780296634	
PROC	-0.4498361194807027	-1.343316410273788	0.44364417131238276	6.237914589096774	-1.0051605633709788	0.31848281962406155	0.8813018201524057	-5.185914994259164	
TSP1	-0.2404780521741547	-0.7259624405734234	0.24500633622511403	6.523583118516129	-0.9889316365650161	0.32630069815096163	0.8813018201524057	-5.200029021269689	
PLOD1	-0.20313938781533306	-0.6144072574561262	0.2081284818254601	6.545603234903226	-0.9861329078034172	0.3276617062043985	0.8813018201524057	-5.202440571088439	
A1AT	-0.21291868389642252	-0.6443895441372243	0.21855217634437926	6.839701161951613	-0.9852090585570644	0.32811179564646153	0.8813018201524057	-5.203235162791777	
AGRIN	-0.2128816958347651	-0.6487387237634554	0.22297533209392525	6.292467687919355	-0.9751251595390447	0.3330512257611359	0.8813018201524057	-5.2118613394247735	
CD5L	-0.3508517244751074	-1.070612046313389	0.3689085973631743	6.471476946274193	-0.9731993444137697	0.33400010950567793	0.8813018201524057	-5.21349899083903	
CADH1	0.24804939086136918	-0.2643711046796568	0.7604698864023951	6.466206322935484	0.9664463866037907	0.3373414883886203	0.8813018201524057	-5.219216719493656	
HPT	-0.31174648880079864	-0.9563954938762584	0.3329025162746611	6.690237966435484	-0.9654823700961127	0.337820272388461	0.8813018201524057	-5.220029806992325	
HV439	-0.22996156376429613	-0.7081988761985596	0.24827574866996735	6.829437863096774	-0.9600147152928121	0.3405442558559598	0.8813018201524057	-5.224626557137389	
C1QA	-0.23524095663685804	-0.726080269756272	0.2555983564825559	6.613507758725806	-0.9568408122400474	0.3421320772975375	0.8813018201524057	-5.227283306834855	
TIMP3	0.2863017879766596	-0.31302787336603255	0.8856314493193518	6.477720919274193	0.953727668922954	0.34369419976050386	0.8813018201524057	-5.229880912733158	
GDN	-0.24905996088658222	-0.7715898134161859	0.2734698916430215	6.530183976306452	-0.9516097922891984	0.34475957280387814	0.8813018201524057	-5.231643377980843	
FA9	-0.21388100474719043	-0.663445740968604	0.23568373147422308	6.539488390241935	-0.9498304135962584	0.3456563322558609	0.8813018201524057	-5.233121213670583	
VWF	-0.23540119415395847	-0.7326443628209341	0.2618419745130173	6.5263628943387095	-0.9451612983139218	0.3480166644223517	0.8813018201524057	-5.2369863220759925	
CBPB2	-0.2716348468121814	-0.8467200020923769	0.303450308468014	6.760763585	-0.9430167775454834	0.3491042673491481	0.8813018201524057	-5.238755371981642	
IBP5	-0.30951719133847394	-0.9734092479090881	0.3543748652321402	6.484106769548387	-0.9307936189430214	0.3553453886322523	0.8813018201524057	-5.2487639975258515	
PGS2	-0.33036443841335894	-1.058029111831134	0.39730023500441625	6.01766518633871	-0.9064171096202724	0.36800552034634315	0.8813018201524057	-5.268345373991192	
HPTR	-0.28615052556363424	-0.9296290319575855	0.3573279808303171	6.434537268064516	-0.8878234190947694	0.37785302063137827	0.8813018201524057	-5.282941738613107	
QSOX1	-0.22311275015193957	-0.7249272742197868	0.27870177391590767	6.60365778733871	-0.8876612393594341	0.3779396377602271	0.8813018201524057	-5.2830677573207	
YBOX1	0.20945029453706296	-0.26526978570295934	0.6841703747770853	6.449192865193548	0.8808652286138944	0.3815804987732948	0.8813018201524057	-5.288328319435377	
PODN	0.18774907064590624	-0.2424981157457506	0.617996257037563	6.378320458	0.8712160164313706	0.3867875919324565	0.8813018201524057	-5.295729797545604	
VTDB	-0.19753933464218984	-0.6514224396447617	0.2563437703603819	6.763403925387097	-0.8689117364803952	0.3880376013031026	0.8813018201524057	-5.2974855580360884	
CO8B	-0.2226409251998398	-0.7364478655100624	0.29116601511038276	6.769099603112903	-0.865109588755326	0.3901056600934314	0.8813018201524057	-5.300372719823959	
ANXA1	0.1777040254068607	-0.2352050583165728	0.5906131091302942	6.480110039790323	0.8592289917981975	0.3933176927683024	0.8813018201524057	-5.304813843883344	
TINAL	0.28581395109684266	-0.3792169988774516	0.9508449010711368	5.896817586645161	0.8580402487176931	0.3939689800573424	0.8813018201524057	-5.3057080135359165	
ANXA2	0.19994284447900804	-0.2726319288017002	0.6725176177597162	6.410173543209678	0.844697921472869	0.4013246814830195	0.8813018201524057	-5.315661234374934	
APOA	-0.32720242635712454	-1.1027981262443198	0.4483932735300708	5.940498538258065	-0.8422620185907554	0.40267665735340774	0.8813018201524057	-5.317461958337699	
CO4A1	-0.26023212835358345	-0.8790675891896197	0.3586033324824528	6.069742842629032	-0.8395601484537508	0.404179512487977	0.8813018201524057	-5.319453358950743	
PXDC2	-0.17400483136896722	-0.5896168829012735	0.24160722016333902	6.4233130484354835	-0.8358710203500734	0.4062370430317739	0.8813018201524057	-5.322162325837105	
LAMB1	0.15500259634658678	-0.21734686113370225	0.5273520538268758	6.387420753870968	0.8311020265621857	0.40890630319625254	0.8813018201524057	-5.3256469862170945	
EMIL2	-0.19660709357161613	-0.6768175824452927	0.28360339530206047	6.3741067642741935	-0.8173981212957901	0.41663574337921505	0.8813018201524057	-5.3355518917186116	
IGLL5	-0.18062156794309378	-0.6236635541253319	0.2624204182391443	6.849501014919355	-0.8139370475856571	0.41860175794405463	0.8813018201524057	-5.3380280277216325	
CO6A3	0.23750636502128156	-0.3496449444235009	0.824657674466064	6.363901092338709	0.8075907073965503	0.4222211840279887	0.8813018201524057	-5.342541664220674	
FBLN3	0.1844027848643715	-0.27635667261998725	0.6451622423487302	6.251209854516129	0.7990230559778381	0.42713710844697617	0.8813018201524057	-5.348580320039816	
LG3BP	-0.21241593022620572	-0.7438909693459138	0.3190591088935023	6.015597303548387	-0.7979401261365799	0.4277608885658437	0.8813018201524057	-5.349339105533621	
VWA1	0.19315755232160775	-0.2924158344385718	0.6787309390817873	6.4012847772580646	0.7941872514302094	0.4299267813844416	0.8813018201524057	-5.351960871441319	
CLUS	-0.1543122184489517	-0.5439004164389029	0.23527597954099944	6.536409427241935	-0.7907889947373823	0.43189362259823993	0.8813018201524057	-5.354324464047916	
S10A4	0.2045837223517882	-0.31731084575852897	0.7264782904621054	6.263024970806452	0.7826262192605611	0.4366398006923301	0.8813018201524057	-5.359961382010465	
IGHG1	-0.1731502024006149	-0.616642439273984	0.27034203447275423	7.003117972806452	-0.7794765877734449	0.4384793141923248	0.8813018201524057	-5.362121089850411	
HRG	-0.19985579845048793	-0.7134315454968626	0.3137199485958867	6.980078056209678	-0.7769236474235696	0.43997367341007787	0.8813018201524057	-5.363865385973376	
SULF1	-0.19138620530980474	-0.6836565706894461	0.30088416006983665	6.502993832	-0.7761989186995224	0.440398436161171	0.8813018201524057	-5.364359535249004	
MMP7	-0.4315738667516269	-1.5459694377241675	0.6828217042209137	5.951865171209677	-0.7731822143839859	0.44216910583172064	0.8813018201524057	-5.366411591376302	
HMCN1	0.1776626809765139	-0.28182997064501125	0.637155332598039	6.146342880241935	0.7719403366239346	0.4428992412422833	0.8813018201524057	-5.367254080274747	
CO6A1	0.22923472673062206	-0.36497862664119696	0.8234480801024411	6.255376728741935	0.7702010319450427	0.44392301238314413	0.8813018201524057	-5.368431792365244	
GRP75	0.13835959396469086	-0.22082699600582603	0.4975461839352078	6.678231415822581	0.7690512078356635	0.44460056788361646	0.8813018201524057	-5.369208927983906	
IC1	-0.18508619008724872	-0.6658830576846383	0.2957106775101408	6.70550659933871	-0.7685612430165233	0.444889472143025	0.8813018201524057	-5.369539736475413	
HV169	-0.22682763100572417	-0.8218788212369679	0.36822355922551947	6.8392896871612905	-0.7610404187414956	0.4493377938796044	0.8813018201524057	-5.374591623296406	
DERM	0.20838504738098	-0.34518460925357386	0.7619547040155338	6.44983654616129	0.7515543109101053	0.45498514779569643	0.8813018201524057	-5.3808941588173305	
HV307	-0.21628936470464305	-0.7918879687039626	0.35930923929467645	6.782951361354839	-0.750207716525064	0.4557901156635328	0.8813018201524057	-5.38178254673181	
HEMO	-0.17301065092084958	-0.6373908446829369	0.29136954284123784	6.948285947516129	-0.7438155366630895	0.459622396137513	0.8813018201524057	-5.385978334669099	
TENX	-0.16004162495186183	-0.5901894015257182	0.2701061516219946	6.195018816145161	-0.7428161950547272	0.4602231915042484	0.8813018201524057	-5.386631111978971	
FBLN2	-0.16721174662636187	-0.6182681652784981	0.28384467202577435	6.364793487887097	-0.7401197780727454	0.4618464938127157	0.8813018201524057	-5.388388134231814	
TRFE	0.15329467123477714	-0.26052669307996024	0.5671160355495145	6.8262376285967745	0.739571631370722	0.4621768896548656	0.8813018201524057	-5.388744547133564	
ANXA6	0.13343162402928338	-0.22828233328643133	0.4951455813449981	6.427462953854839	0.7364776958499826	0.46404428955587296	0.8813018201524057	-5.390751408282399	
S10AC	-0.3947581739110448	-1.4686182594595476	0.6791019116374579	5.925742433951613	-0.7339213554841255	0.4655904506956222	0.8813018201524057	-5.392403330688841	
SLPI	0.27127800780414896	-0.4744857019500787	1.0170417175583766	6.141552440080645	0.7262387792089511	0.4702547108023999	0.8813018201524057	-5.39733391162789	
CTHR1	0.15467911240206714	-0.27195428337935057	0.5813125081834849	6.575437892467742	0.7238405639336172	0.47171610830914945	0.8813018201524057	-5.398862619840091	
ITIH4	-0.15144198010856919	-0.5734471975611004	0.27056323734396204	6.816867491080645	-0.7164642961624695	0.4762269871881074	0.8813018201524057	-5.403533379695223	
COMP	-0.21894289180394966	-0.8321295604085769	0.39424377680067757	6.311550276741936	-0.7128599891168264	0.47843992730378115	0.8813018201524057	-5.405798581574549	
PGS1	0.2225985797415711	-0.4065827375262803	0.8517798970094226	6.0690963328387095	0.7063381517441519	0.48245871482735636	0.8813018201524057	-5.40986882386523	
FHR2	-0.17965272439390015	-0.6874951126075122	0.32818966381971193	6.843453801145161	-0.70627031676041	0.48250061345389317	0.8813018201524057	-5.409910966058531	
SBSPO	0.20861930997857595	-0.38519744646365917	0.802436066420811	6.193939937693548	0.7014038575399258	0.48551167825505825	0.8813018201524057	-5.412923849603787	
LTBP4	-0.18572957973763835	-0.7151705773621866	0.34371141788690984	6.243702964709677	-0.7003733329569178	0.4861506354935293	0.8813018201524057	-5.4135592316268735	
CD44	-0.18157645849238835	-0.702871368441841	0.33971845145706425	6.402524929435484	-0.6954119522647116	0.489233346052071	0.8813018201524057	-5.416605369008254	
CATZ	-0.20537394864087616	-0.7951524638787746	0.3844045665970223	6.492555630403226	-0.6952203872903159	0.4893525888097835	0.8813018201524057	-5.416722557013805	
CRAC1	-0.1539648762271664	-0.597349467179517	0.28941971472518413	6.51215503582258	-0.6932775791476882	0.49056282545700247	0.8813018201524057	-5.417909256576978	
ELNE	-0.27817613704055283	-1.0859308466993665	0.5295785726182609	6.547381595709678	-0.6875534520553219	0.4941381134089883	0.8825935089212565	-5.421386654331054	
IBP3	-0.20311471869473136	-0.8012614777470104	0.39503204035754763	6.49164621433871	-0.6779532322192334	0.5001662794403916	0.888226323833799	-5.427155072939509	
ALS	-0.18040525373671068	-0.7162988507803865	0.3554883433069651	6.646224962887096	-0.6721043506887006	0.503858378304268	0.8890222627976794	-5.430630306967805	
PLIN2	-0.17485318014562704	-0.6973355009419273	0.3476291406506733	6.59228358717742	-0.6681408565640138	0.5063686674834679	0.8890222627976794	-5.432968443977945	
CSPG2	0.18932839042755073	-0.38492682177815135	0.7635836026332528	5.7523342520322585	0.6582288159272971	0.5126758180382738	0.8950103264058	-5.438756103457811	
CO8G	-0.14000854359078063	-0.5733505618178181	0.29333347463625675	6.689039935935484	-0.6450447282118105	0.5211294748845601	0.9038787958356342	-5.446322210121263	
HV330	-0.1597731148899354	-0.6603129007269263	0.3407666709470555	6.804231073774194	-0.6372813258176028	0.526141506019361	0.9038787958356342	-5.450706882274983	
MGP	-0.31425590452246577	-1.2996930558348456	0.6711812467899141	5.794371122354839	-0.636679122356734	0.5265313373799811	0.9038787958356342	-5.451044811053534	
FMOD	-0.2049781654101204	-0.8593110180669588	0.449354687246718	5.786664565596774	-0.6254246149450501	0.5338445080186692	0.9113699059545237	-5.4573023359408195	
F13B	0.21078565237114016	-0.48216485900830025	0.9037361637505805	6.638514636758065	0.6073022925049466	0.5457296951119235	0.9151657395458941	-5.4671468928925	
LV310	-0.15460472723075291	-0.6638170703937719	0.3546076159322661	6.78428774516129	-0.6061637213756752	0.5464808643483063	0.9151657395458941	-5.467755855305718	
HS90B	-0.13560560793602408	-0.583940862472732	0.3127296466006839	6.5759272402741935	-0.6038663829885923	0.5479981204541648	0.9151657395458941	-5.468981146062921	
TARSH	0.1486902759103695	-0.3434806670408711	0.6408612188616102	5.983566805935484	0.6031602203653936	0.5484649266049035	0.9151657395458941	-5.469356856227472	
APOC4	0.1592733221667045	-0.37113172207949374	0.6896783664129028	6.606058182693548	0.5995169786184229	0.5508764645810236	0.9151657395458941	-5.471288325037985	
LTBP1	0.1371597832407582	-0.3255520760852678	0.5998716425667843	6.236359230774194	0.5918099374146943	0.5559954349370428	0.9187304245751136	-5.475336126209357	
CO5A3	0.21912086687291904	-0.5342268233867371	0.9724685571325753	6.035713807	0.5807034018349031	0.563413842161777	0.9258783621236897	-5.4810783306263815	
IGKC	-0.1281094729169565	-0.5768295787602726	0.32061063292635966	6.838773546564516	-0.5699960010969243	0.5706115594026183	0.9258783621236897	-5.486512353513443	
NID1	0.12655797604427674	-0.31745825553028484	0.5705742076188383	6.009519326	0.5690583078708217	0.5712440222703662	0.9258783621236897	-5.486983471852933	
LAMA4	0.1273595325429314	-0.3244043290044497	0.5791233940903124	6.22090919966129	0.5628414371572718	0.5754458346675084	0.9258783621236897	-5.490087562780695	
FETUA	-0.29568962722080766	-1.3824498285310654	0.7910705740894501	6.015163287080645	-0.5432108777773179	0.5888107392560704	0.9258783621236897	-5.499667635997271	
CLC11	-0.13171575619723735	-0.622500114815161	0.3590686024206862	6.265985740741936	-0.535812832053053	0.5938852516111499	0.9258783621236897	-5.503190678043002	
LYSC	-0.2136048382921201	-1.0152633432119713	0.5880536666277312	6.510417426887097	-0.5319707761940029	0.5965286674248076	0.9258783621236897	-5.505001439572638	
ITAM	0.10994078002931125	-0.3027337975118024	0.5226153575704249	6.634422858919355	0.5318843261398384	0.5965882098850046	0.9258783621236897	-5.505042035038867	
ITA8	0.132511215040547	-0.36848685918138424	0.6335092892624782	5.993326327516129	0.5280592731473233	0.5992254800493749	0.9258783621236897	-5.506831673347685	
LYOX	-0.1466822262506862	-0.701652534472476	0.40828808197110367	6.2819651815	-0.5276838934519711	0.5994845850517916	0.9258783621236897	-5.507006613904352	
CO6A2	0.15116022312637872	-0.4235761071629453	0.7258965534157027	6.311896971967742	0.5250914750834195	0.6012754111973038	0.9258783621236897	-5.508211410593567	
MXRA5	-0.12291256009054616	-0.5980957046643418	0.35227058448324944	6.5970307225	-0.5164179521729593	0.6072849039075521	0.9258783621236897	-5.5121995931069225	
AEBP1	0.14825628085355835	-0.4253808504284574	0.7218934121355741	6.1532486313225805	0.5159907780743459	0.6075815810419625	0.9258783621236897	-5.512394311856287	
TR11B	-0.15164448886317275	-0.7446658680764633	0.44137689035011785	6.424364689193548	-0.5105313019759289	0.6113790566227731	0.9258783621236897	-5.514868841876795	
SOST	0.2045949540698079	-0.5985395269267253	1.007729435066341	5.588834956193549	0.5085957661096838	0.6127279448118316	0.9258783621236897	-5.515739867511789	
CYTC	-0.12089801365690747	-0.5969805005339534	0.35518447322013835	6.665659180354838	-0.5069942729526009	0.6138450521054148	0.9258783621236897	-5.5164580886068	
PRG4	0.12214944418114508	-0.36090480937937847	0.6052036977416686	6.688208054241936	0.5048492069278775	0.6153427609996724	0.9258783621236897	-5.517416567664025	
CO8A1	0.14932289544941904	-0.44656659778352215	0.7452123886823602	6.364799142241935	0.5002956980058413	0.6185275042293605	0.9258783621236897	-5.519437856395893	
S10A6	-0.11499085221677188	-0.5858861185901598	0.355904414156616	6.372351099532258	-0.4875341723257617	0.6274919501389796	0.9258783621236897	-5.525005886301216	
ANX11	0.11854487617573554	-0.37008525650294627	0.6071750088544173	6.357779278451613	0.48436040745312536	0.6297302197841552	0.9258783621236897	-5.526368486783499	
TENA	-0.14602247676037824	-0.7536491900454569	0.4616042365247004	6.3864556498709675	-0.4797875184373558	0.6329613297907775	0.9258783621236897	-5.528316251881427	
HPLN3	0.14897251427297503	-0.4715750315402399	0.76952006008619	5.643943055758065	0.47928868807366865	0.6333142283627238	0.9258783621236897	-5.528527613564196	
KV320	-0.11390727185573256	-0.5895916083109853	0.36177706459952025	6.706078919887097	-0.4780779276659912	0.6341711382230786	0.9258783621236897	-5.529039723009367	
CPXM2	-0.14721186297295133	-0.7629235085935451	0.46849978264764247	6.359428643387097	-0.4773440732486005	0.6346907645290086	0.9258783621236897	-5.5293494922584685	
PDIA1	0.09904990712810315	-0.3158873159943863	0.5139871302505926	6.707568009451613	0.47658214801965193	0.6352304620395541	0.9258783621236897	-5.529670610928673	
COGA1	-0.15159602870660951	-0.8077753214968607	0.5045832640836417	5.982894977548387	-0.46124470883138724	0.6461363317067009	0.9320919740074487	-5.536026402345957	
THRB	-0.16755426876680218	-0.8974731235578688	0.5623645860242643	6.559861577	-0.4582969937788591	0.6482413779538957	0.9320919740074487	-5.537224284409858	
ITB2	-0.11555030647037672	-0.6212863652677831	0.39018575232702973	6.607026488548387	-0.45615587827830795	0.6497722150571685	0.9320919740074487	-5.5380896024708655	
TIMP2	-0.10716354692764024	-0.5787744043716887	0.36444731051640816	6.5992478029354835	-0.45365884064059486	0.6515594381411292	0.9320919740074487	-5.539093681707407	
ANXA5	0.07778162325148541	-0.2711793457673231	0.42674259227029393	6.5257284046290325	0.4450063846838464	0.6577681260053551	0.9366375619154594	-5.542530561315223	
MFAP5	0.1195015117173163	-0.42623609790990424	0.6652391213445368	5.947770711758064	0.4371752920168067	0.6634083429789983	0.9376631523937939	-5.5455845085339295	
SCUB3	0.13210473268673992	-0.4775894352342468	0.7417989006077267	5.949133427693549	0.43258596981504444	0.6667228446955877	0.9376631523937939	-5.547349204676095	
CO3A1	-0.17822731250251	-1.0053512794877606	0.6488966544827405	5.886304126032258	-0.43019934720044034	0.6684491508977934	0.9376631523937939	-5.548259600250323	
AMBP	-0.0914784115837658	-0.5190026616902473	0.33604583852271575	6.404054787209677	-0.4271928300902706	0.6706263970195097	0.9376631523937939	-5.549399335389515	
MSRE	0.11713751662807709	-0.43950091873317804	0.6737759519893323	6.60670817817742	0.4201350514113031	0.6757485689784463	0.939269567761827	-5.552043642167095	
HS90A	-0.08053124229175988	-0.46587244283459334	0.30480995825107354	6.678718708370968	-0.41723914467624656	0.6778547366048137	0.939269567761827	-5.553115969687123	
POSTN	-0.1352937659018324	-0.8126888176833132	0.5421012858796485	6.2213890895	-0.39875106824108864	0.691361098313779	0.9513730877181229	-5.5597881009269825	
LUM	0.13093492072223897	-0.5277576818288936	0.7896275232733716	6.197989268887096	0.39686134266706485	0.692747393969507	0.9513730877181229	-5.5604531434136995	
PRELP	0.12772153805181757	-0.5229350484101305	0.7783781245137655	5.9885057091129035	0.3919028332816943	0.6963899349872958	0.9519005434477904	-5.562183228234515	
GANAB	0.06675473352051607	-0.28384677260687785	0.41735623964791	6.659723844274193	0.380131958366785	0.7050654628549263	0.9519005434477904	-5.566203567064239	
BGH3	0.10587880257980613	-0.4521993449269515	0.6639569500865637	6.4468303433709675	0.3787739453639338	0.7060689190039413	0.9519005434477904	-5.566659547525826	
CO1A1	-0.1350187809134332	-0.8686389682945718	0.5986014064677053	6.169035094016129	-0.367442174708072	0.7144623698544137	0.9519005434477904	-5.570401099522046	
APOC3	-0.09673534416750522	-0.6288157499057903	0.43534506157077985	6.50333076232258	-0.3629727393149966	0.7177826925387227	0.9519005434477904	-5.571845723874623	
OSTP	-0.1944629469074918	-1.2747613341199924	0.8858354403050087	5.991325156887097	-0.35938440615845996	0.7204524038958369	0.9519005434477904	-5.572992817804321	
MMP12	0.1392165887681792	-0.6470525119804286	0.925485689516787	6.348615891967742	0.3534971144451944	0.724840081956576	0.9519005434477904	-5.574850246796509	
FRIL	0.13928675269053006	-0.6478718260284634	0.9264453314095235	6.590414688548387	0.35327562582974636	0.7250053345035472	0.9519005434477904	-5.574919529779029	
ITIH1	0.06376487902678815	-0.29778837008126124	0.4253181281348375	6.410988589064516	0.35210757257594205	0.725877035028502	0.9519005434477904	-5.575284188621831	
CATB	-0.08597755244740017	-0.5744550701223271	0.40249996522752673	6.509701721096774	-0.3514039117500326	0.7264023419230274	0.9519005434477904	-5.575503286629523	
ECM1	-0.07261039281275564	-0.4926149535765373	0.34739416795102596	6.7609307802580645	-0.3451523810774818	0.7310750764348973	0.9519005434477904	-5.577430653326181	
ALBU	-0.08487593048418793	-0.5762061170535185	0.40645425608514274	6.866552549822581	-0.3448872941365932	0.7312734440367245	0.9519005434477904	-5.577511618995115	
SFRP3	-0.08045561721203533	-0.5578613107437765	0.39695007631970586	6.488664351241935	-0.3364611079158274	0.7375883659888647	0.9519005434477904	-5.580052946728861	
C1QC	-0.06160424159802679	-0.4303150511265782	0.3071065679305246	6.540785103451613	-0.33357296039308076	0.7397570608942947	0.9519005434477904	-5.580909599800965	
CATF	-0.07468175535395165	-0.52423740136615	0.3748738906582467	6.309333891306451	-0.3316630992834431	0.7411923302365413	0.9519005434477904	-5.581472042289278	
CEMIP	0.09157145062048103	-0.46526788843039013	0.6484107896713521	6.385789963870968	0.32831919832770784	0.743707503745774	0.9519005434477904	-5.582449052456838	
TETN	-0.08669262441496611	-0.6246205587303773	0.45123530990044497	6.552297778790322	-0.32175414227068905	0.7486536467766174	0.9519005434477904	-5.584338514143772	
A1BG	-0.05597244970033943	-0.40626331325434517	0.2943184138536663	6.770788316967742	-0.3190153633693157	0.7507201999113502	0.9519005434477904	-5.585115509351619	
HSP7C	0.05112642672612417	-0.2735189439256484	0.37577179737789673	6.501391228887097	0.31441432168556843	0.7541960428507973	0.9519005434477904	-5.586405930142828	
HPLN1	0.09329739186250013	-0.5004940340094006	0.687088817734401	5.504478319870968	0.31369072272662024	0.7547431493356267	0.9519005434477904	-5.586607172513797	
IGHG2	0.07179684264683123	-0.40048800319754096	0.5440816884912034	6.86629374833871	0.30350610359638036	0.7624568805920269	0.954332633572393	-5.58939061707902	
FHR5	0.08413663592306495	-0.4826829361196816	0.6509562079658116	6.7622905229354835	0.2963510016468971	0.7678906065379785	0.954332633572393	-5.591291331167231	
MARCO	-0.0729359634507911	-0.5782132035333281	0.4323412766317458	6.523170910096774	-0.2881894524792123	0.7741029094965471	0.954332633572393	-5.5934042061559	
S10AB	0.06003545471392685	-0.3570133711144282	0.4770842805422819	6.540548563016129	0.2874001532986154	0.7747044907562061	0.954332633572393	-5.59360542123292	
IGHG4	-0.082109563861357	-0.6616632207574817	0.4974440930347677	6.56358226316129	-0.2828565165936163	0.7781702009192544	0.954332633572393	-5.594753022831668	
CRLF1	-0.06334244137607482	-0.5316231705574171	0.40493828780526747	6.367052686758065	-0.2700564821581557	0.7879576512265258	0.954332633572393	-5.5978879020931585	
COIA1	0.06802410080445559	-0.45429846377576927	0.5903466653846805	5.835422484887097	0.2600100384871389	0.7956637365314037	0.954332633572393	-5.600246975306211	
OMD	0.06286303173302517	-0.42145296897799644	0.5471790324440468	6.564716901467742	0.25913889267856016	0.7963329190843437	0.954332633572393	-5.600447331534583	
LRP1	0.049290375557614605	-0.33096888955309806	0.4295496406683273	6.5029000662258065	0.2587905517544078	0.796600544831386	0.954332633572393	-5.6005272592630035	
COBA1	0.08734333313146919	-0.5903875095921542	0.7650741758550925	6.052116119338709	0.25729930000925544	0.7977465301143367	0.954332633572393	-5.600868218266219	
AACT	-0.047809308378384506	-0.41937541204788215	0.3237567952911132	6.815959842854839	-0.25688720093092265	0.7980632954940958	0.954332633572393	-5.600962093670044	
FHR1	-0.08063609452467962	-0.70743233782586	0.5461601487765007	6.723272597	-0.25684386365455397	0.7980966092390378	0.954332633572393	-5.600971957096493	
PGBM	0.06340779085602541	-0.4393012073000325	0.5661167890120834	5.973275350419355	0.25182106570341195	0.8019602102667026	0.954332633572393	-5.602103881422698	
THIO	0.050183466164593786	-0.3623663858211406	0.4627333181503282	6.3735640585483875	0.24285682498631173	0.8088678830887803	0.954332633572393	-5.6040686061886955	
MUC18	-0.050280603342020495	-0.4661036666888984	0.3655424600048574	6.348241571048387	-0.2414115256869416	0.8099830463286118	0.954332633572393	-5.604378725317711	
ANXA4	-0.06512895775264387	-0.60863329936091	0.47837538385562234	6.681186575016129	-0.23924187890716242	0.811657841490826	0.954332633572393	-5.604840800000632	
CCN2	-0.05772999782116375	-0.5419607146026839	0.42650071896035635	6.562183997467742	-0.23802101339086604	0.8126006410462272	0.954332633572393	-5.605098980012535	
SODE	0.07976939829169004	-0.5922963171971634	0.7518351137805435	6.037134743951613	0.2369685270146191	0.813413634832787	0.954332633572393	-5.605320494252187	
EDIL3	0.05441971701632009	-0.4165805697662598	0.5254200037989	6.211241273322581	0.23067535701366482	0.8182790600334346	0.954332633572393	-5.6066245572214415	
ICAM1	-0.054549169193305665	-0.5273318773803296	0.41823353899371823	6.490202800129032	-0.230352351674344	0.8185289794743823	0.954332633572393	-5.606690544769708	
SERPH	0.04896901976025082	-0.38589410145521863	0.48383214097572025	6.266368021483871	0.22481999085802049	0.8228124492528626	0.954332633572393	-5.607806435010309	
HTRA1	0.0654989891251195	-0.5222457678430014	0.6532437460932404	6.124602944612903	0.22249073341247996	0.8246175183295434	0.954332633572393	-5.608268151168923	
CYTB	-0.07713764988026807	-0.7975467317044164	0.6432714319438803	6.399386770887097	-0.21377322940966734	0.8313815362061214	0.9565966233604939	-5.609953569325505	
FRIH	-0.06661669449575947	-0.7039274529041508	0.5706940639126319	6.579381840741935	-0.20868821451174482	0.8353330036287957	0.9565966233604939	-5.610905636236525	
APOC2	-0.06009863240562597	-0.6369295667918703	0.5167323019806184	6.413087324193548	-0.20800900688489918	0.8358611272081986	0.9565966233604939	-5.611031071690223	
CCL18	-0.06686738729084948	-0.766545017377917	0.632810242796218	6.432282810258065	-0.19080179639086536	0.849265348731507	0.9611318416266383	-5.614072663546064	
COFA1	0.0464408605510555	-0.44805463208637997	0.540936353188491	6.202530165741935	0.18750118431081744	0.8518417195459603	0.9611318416266383	-5.614626125500306	
IGHG3	0.05098857976129889	-0.4955474225171096	0.5975245820397074	6.686129754887097	0.186260272247559	0.8528107628347695	0.9611318416266383	-5.614831712369374	
LAMA5	0.031073007966335928	-0.31136900358750735	0.37351501952017924	6.12660994382258	0.18116001617063618	0.8567959854769581	0.9611318416266383	-5.615662372962163	
SFRP2	0.05242489142359333	-0.5321675622418971	0.6370173450890837	6.774947057741936	0.1790401482084303	0.8584535069487029	0.9611318416266383	-5.616000851360532	
COLA1	-0.04909648042607711	-0.5967034560100174	0.4985104951578632	6.281949244564516	-0.17899771302916667	0.8584866934917545	0.9611318416266383	-5.616007586337462	
LAMC1	0.032126208646302716	-0.3854456384810941	0.44969805577369953	6.116652481258065	0.15360111165571047	0.8783919524467019	0.9726521401756638	-5.619752214547745	
PPT1	-0.03238827581175233	-0.45628760498663745	0.39151105336313274	6.557502236580645	-0.1525426172684045	0.8792233775208966	0.9726521401756638	-5.619895882114533	
CO2A1	-0.06069653140984134	-0.8589649424081517	0.737571879588469	5.921444304016129	-0.15180323390260847	0.8798042284769003	0.9726521401756638	-5.619995648422429	
LTBP2	0.03237292737429036	-0.4064923469091007	0.47123820165768143	6.220281403177419	0.14727086873766299	0.8833662358021102	0.9726521401756638	-5.620596623388899	
MFAP4	-0.0432124082471984	-0.6498523726164459	0.5634275561220491	5.990482861	-0.14221439131539923	0.8873429904782493	0.9726521401756638	-5.621245612827119	
COCA1	-0.033262479170699244	-0.5015595952245042	0.4350346368831058	6.344133874919355	-0.14180750834705053	0.887663118218567	0.9726521401756638	-5.621296850603986	
IBP7	0.04119824729657143	-0.5731702328956813	0.655566727488824	5.903396065629032	0.13388006288594434	0.8939039564089903	0.976010337987403	-5.622265859791457	
S10A9	-0.06619643508525337	-1.083648674385191	0.9512558042146843	6.084526285193548	-0.1298932740679988	0.8970451002861568	0.976010337987403	-5.622732136299328	
KV315	0.03277132179278055	-0.5208340164272871	0.5863766600128482	6.689359902645162	0.11818429889227476	0.9062798240920653	0.9825981250682393	-5.624020120170062	
PCOC1	-0.01957475308618946	-0.4364209271485741	0.3972714209761952	6.702450913225807	-0.09375330074392424	0.9255885606082775	0.987782860615624	-5.626316179655934	
S10AA	-0.021879606961101195	-0.5165854422235595	0.4728262283013571	6.508672341419355	-0.08829956762929973	0.929905396871731	0.987782860615624	-5.626756479095355	
PROP	-0.02096677710361437	-0.5064521349075385	0.4645185807003097	6.455654650451613	-0.08622270350485885	0.9315498753750164	0.987782860615624	-5.62691721787849	
EMIL1	0.010858628419318075	-0.26601067104967224	0.28772792788830837	6.405345380354839	0.07830081165501446	0.9378251791772848	0.987782860615624	-5.6274952138122645	
MFGM	0.021677974485614374	-0.537182874101334	0.5805388230725628	5.955947447467742	0.07744281105891655	0.9385050861734678	0.987782860615624	-5.627554475097853	
LAMB2	-0.014821297859358165	-0.41419628850234835	0.38455369278363205	6.0966446347258065	-0.07409202486745865	0.9411607904233713	0.987782860615624	-5.627779657671229	
CFAB	0.014767872903962464	-0.3873262352183205	0.41686198102624544	6.803530029967742	0.07332571905464337	0.9417682300602244	0.987782860615624	-5.627829756751497	
ANGL4	-0.014708982406241808	-0.4218389743631066	0.392421009550623	6.539511961	-0.07212994910486105	0.9427161688425232	0.987782860615624	-5.62790689276997	
FBLN5	-0.014948204656743984	-0.4326619083640344	0.4027654990505465	6.352989246467742	-0.07144575103795309	0.9432585997883731	0.987782860615624	-5.627950458272219	
APOH	-0.013559152515678375	-0.4807412926568934	0.4536229876255367	6.710765270483871	-0.057944525101339676	0.9539675244821537	0.987782860615624	-5.628725208309885	
SPP24	-0.022784421039921773	-0.8123154333248997	0.7667465912450563	6.360063083064516	-0.0576149113354998	0.9542290824884576	0.987782860615624	-5.628742101206231	
B2MG	-0.01572272206535574	-0.5787424947053448	0.5472970505746333	6.266896903758065	-0.05575324943230897	0.9557064585927917	0.987782860615624	-5.628835703435933	
ITAV	0.009188848883424795	-0.3313434330005953	0.34972113076744493	6.410988225983871	0.05387272139938919	0.9571989644826994	0.987782860615624	-5.628927133513569	
ANGI	0.015255982613659107	-0.5948320065712314	0.6253439717985496	6.313737192032258	0.04992450917621468	0.960333008270812	0.987782860615624	-5.629108887672207	
FGL2	0.01046931212868596	-0.481994798643245	0.5029334229006169	6.21847500916129	0.042443350090677484	0.9662731426561335	0.987782860615624	-5.629415360475007	
CO1A2	-0.013752347314273373	-0.7048887145971005	0.6773840199685538	6.133336907435484	-0.039726397135323395	0.9684309291745019	0.987782860615624	-5.629514375162568	
MMP2	-0.008534507430981561	-0.4861246996779048	0.4690556848159417	6.507663908016129	-0.03567706792172649	0.9716473142003048	0.987782860615624	-5.629649794877926	
CATD	0.011990705123345616	-0.662235472822777	0.6862168830694683	6.576439051758064	0.03550628265759592	0.9717829797973372	0.987782860615624	-5.6296551867242	
CD59	-0.007367712158479733	-0.4218874373622672	0.4071520130453077	6.503341123854839	-0.03548571357817507	0.9717993191817142	0.987782860615624	-5.629655834363174	
FBN1	0.005670275020789433	-0.46641730244527746	0.4777578524868563	6.316630956306452	0.023979915311491913	0.9809408309818216	0.9917732955277209	-5.629959289180892	
FHR3	-0.007338416765905733	-0.659501480633341	0.6448246471015295	6.432598894370968	-0.02246530236880312	0.9821444285808498	0.9917732955277209	-5.6299904893337285	
S10A8	0.0070693961817793576	-0.9929005235351379	1.0070393158986966	6.094404839451613	0.014114369374573256	0.9887812257816457	0.9950385819744582	-5.630125974031758	
SMOC2	0.0024765662996703596	-0.47788492850830117	0.4828380611076419	6.365056090193549	0.010293139653596219	0.9918183923887802	0.9950385819744582	-5.630167340031469	
RNAS4	-0.0012174615978299188	-0.6116412146420014	0.6092062914463416	6.520923821290323	-0.003981896252741819	0.996834900685185	0.996834900685185	-5.630207298582899	
