	logFC	CI.L	CI.R	AveExpr	t	P.Value	adj.P.Val	B	
RARR2	0.6449854068607009	0.23746289846570573	1.0525079152556962	6.38692169225	3.189726490023893	0.0026253519065608075	0.46476386013979815	-2.026204384792806	
APOB	-1.1234606035588641	-1.8443153855409542	-0.40260582157677416	6.17249391745	-3.1409803621342034	0.0030081803245294377	0.46476386013979815	-2.1104064710673605	
MEGF6	0.7463614545911983	0.1879530259041613	1.3047698832782353	6.109640807025	2.693719652821234	0.009963293910281864	0.6484038050447188	-2.8493231993242727	
ITA1	0.5040406162531523	0.11411978114127908	0.8939614513650256	6.55523152305	2.605219074279047	0.012479182487872881	0.6484038050447188	-2.9874460439221786	
FIBB	-1.1438934172356667	-2.039009432487846	-0.2487774019834873	6.345222607425	-2.575499029678346	0.013446763324108654	0.6484038050447188	-3.033166116776414	
FIBA	-1.075365169795106	-1.9284420427211735	-0.22228829686903873	6.4097000425	-2.5405219699452237	0.01467304982741241	0.6484038050447188	-3.086534384822196	
FIBG	-1.1548312137648056	-2.0711030079403647	-0.2385594195892463	6.36543540865	-2.5400914545073765	0.014688759337582628	0.6484038050447188	-3.087188279135057	
PERM	-0.6886359549856298	-1.3020461939231531	-0.07522571604810646	6.571806702225	-2.2625273135173014	0.02865413621156133	0.9984369187733166	-3.4928512513934153	
APOD	-0.6281416327692234	-1.2017412901981395	-0.05454197534030736	6.2621945465749995	-2.207007724242059	0.0325765023760635	0.9984369187733166	-3.569978540981193	
SAA4	-0.6614155902749878	-1.2770452189261854	-0.04578596162379023	6.3051479715	-2.165260093183415	0.03583201975599576	0.9984369187733166	-3.627043295346553	
CO5A1	-0.5127378841091939	-0.9900044131597685	-0.03547135505861926	6.4555123736999995	-2.16515796050428	0.03584032408838264	0.9984369187733166	-3.627181907428522	
A2AP	-0.8208865548031071	-1.616671585495069	-0.02510152411114508	6.730029117375	-2.078942771307057	0.04348483179960151	0.9984369187733166	-3.7424322409857034	
SAMP	0.6176615915814534	0.01330656691114629	1.2220166162517605	6.35293104075	2.0597457541632975	0.045369378652630445	0.9984369187733166	-3.767609324359068	
APOA	-0.7352106529255201	-1.4841153871356472	0.013694081284606918	6.1228908443	-1.978519671173584	0.05415188299050545	0.9984369187733166	-3.8721354663384133	
CRIP2	0.6141666341030636	-0.014061320923869247	1.2423945891299963	6.2017767218	1.9702626216312151	0.05512194844652141	0.9984369187733166	-3.8825771898583454	
PGCA	0.6008382786094586	-0.04585422515231119	1.2475307823712285	5.561350956475	1.872470239022611	0.06779676191432281	0.9984369187733166	-4.003602920798426	
HORN	-0.5753228047340276	-1.198533258840817	0.04788764937276169	6.435610285225	-1.8605100336767113	0.06950533346765266	0.9984369187733166	-4.018065646828687	
AGRIN	-0.38395349357670716	-0.8062553393842218	0.0383483522308074	6.48193503735	-1.8323599941063053	0.07367148994941498	0.9984369187733166	-4.0518094686968045	
OMD	0.36909394960309705	-0.04417242612052891	0.7823603253267231	6.439059281725	1.7999565096278645	0.07872670696616722	0.9984369187733166	-4.09013288170382	
CO5A2	-0.43761651835193055	-0.9320690193533249	0.05683598264946377	6.5321524326	-1.7837101597098033	0.08136924435065707	0.9984369187733166	-4.109136457901814	
PLMN	-0.5177713049862038	-1.1036691188957728	0.06812650892336503	6.69976696085	-1.7810300941680552	0.08181224488892849	0.9984369187733166	-4.1122577562029905	
DERM	0.45975313087809	-0.07044528978354447	0.9899515515397245	6.4519494561	1.7475975332861768	0.08751050554163063	0.9984369187733166	-4.150868672443487	
TAGL2	0.4305361248070572	-0.07519017510155185	0.9362624247156663	6.453901307025	1.7157310680961542	0.0932464348904488	0.9984369187733166	-4.18710525767535	
GRN	0.5579459458502565	-0.10662016046965095	1.2225120521701638	6.65082506755	1.6920340392270785	0.09771133464071595	0.9984369187733166	-4.213690742059163	
PON1	-0.7885440011879535	-1.7518908615993798	0.17480285922347272	5.647743204325	-1.6496750390715194	0.10613207169245857	0.9984369187733166	-4.2604372523523155	
TENX	-0.31071252371430935	-0.691798888704195	0.07037384127557633	6.373113433925	-1.64320029993655	0.10747021059431575	0.9984369187733166	-4.267494336942341	
ICAM1	-0.3585424463054925	-0.7995242820058002	0.08243938939481515	6.645443397675	-1.638607859745419	0.10842768669030044	0.9984369187733166	-4.272485555709299	
FINC	-0.3110411809576403	-0.6937406209383183	0.0716582590230378	6.4870993552	-1.6380049988947323	0.10855389376935083	0.9984369187733166	-4.273139884757402	
FA10	-0.4715605427748432	-1.0609142262463498	0.1177931406966633	6.5734743235	-1.6125627150917938	0.11399066979228073	0.9984369187733166	-4.300567416434957	
C1S	-0.41185333660987217	-0.9433935801792785	0.11968690695953416	6.5980561849	-1.5615704963282504	0.12555431981917692	0.9984369187733166	-4.354431226379587	
CAD13	0.40986188053715106	-0.12072732600363095	0.940451087077933	6.36267265035	1.5568052036528948	0.12668165527623187	0.9984369187733166	-4.359388793058479	
IBP5	0.4188643053307215	-0.1247098089727885	0.9624384196342315	6.147607221725	1.5529938747143366	0.12758916367054163	0.9984369187733166	-4.36334449160088	
TRYB2	0.5928631519832432	-0.18773558519427025	1.3734618891607568	6.498819464025	1.5306707090666436	0.13300997520430538	0.9984369187733166	-4.386344749897658	
SOST	0.6369789833496656	-0.20305872920745194	1.4770166959067832	5.542306433	1.5282045099899422	0.1336200014305472	0.9984369187733166	-4.388868048984301	
SAA1	-0.5960531692645307	-1.3826924292326195	0.19058609070355814	5.514174343425	-1.5270896765993902	0.13389649469376988	0.9984369187733166	-4.390007535323089	
CD44	-0.4044075631482356	-0.9448607734983949	0.13604564720192375	6.557953890275	-1.5080520296492892	0.13868907842821132	0.9984369187733166	-4.40935457599935	
LOXL1	0.32778821339910214	-0.11520366502497414	0.7707800918231784	6.533969372475	1.4912577934129254	0.14302947166614643	0.9984369187733166	-4.426246112774955	
RNAS4	0.414315555428283	-0.1481561252677035	0.9767872361242695	6.220243387875	1.484518913163012	0.14480113519297058	0.9984369187733166	-4.43297757109808	
APOE	-0.4193474859869541	-0.9963468285834618	0.15765185660955366	6.43759068865	-1.4647175415960307	0.1501076837969166	0.9984369187733166	-4.452602555775384	
TINAL	0.4667949896674248	-0.18480290719076892	1.1183928865256185	6.04635459105	1.4437821540003972	0.1558837380960442	0.9984369187733166	-4.473099543301581	
THSD4	0.3993243279426595	-0.16132558632888516	0.9599742422142041	6.340105688625	1.4354536260514552	0.15822951880476785	0.9984369187733166	-4.481181363956206	
ANGI	0.37142850120898796	-0.1524800722844929	0.8953370747024688	6.08413199175	1.4288113047228623	0.1601201150133606	0.9984369187733166	-4.487597334520733	
APOA1	-0.60779014169805	-1.4652449995528305	0.24966471615673058	5.8364950678	-1.428556901917889	0.16019287514260722	0.9984369187733166	-4.487842545212348	
ELNE	-0.459167950763765	-1.1188813946096736	0.2005454930821436	6.42102367845	-1.4027212955672816	0.16771742702391756	0.9984369187733166	-4.512543239163709	
TRFL	-0.5313299088594803	-1.3054871827646302	0.2428273650456696	6.119332926125	-1.3832166943403283	0.17357782348494957	0.9984369187733166	-4.530925755703895	
GRP75	0.23518021937862219	-0.11415476055268584	0.5845151993099302	6.688582589875	1.3567938722773143	0.18176772722420612	0.9984369187733166	-4.555462264199559	
APOC1	-0.32734439510220936	-0.8185253121533707	0.16383652194895199	6.54099602935	-1.343131643307073	0.18611714382782654	0.9984369187733166	-4.567983063659687	
CADH1	0.33446547628707113	-0.17779116060910394	0.8467221131832462	6.430894077375	1.315887797777169	0.19502718133740504	0.9984369187733166	-4.592610951229634	
ANGL4	-0.29293857845868254	-0.7433879728613516	0.15751081594398653	6.72987563805	-1.3106469454775842	0.1967777197433713	0.9984369187733166	-4.5972964692903195	
ITIH2	-0.4179404413457509	-1.0671112048423754	0.23123032215087358	6.246870204425	-1.2975096661677183	0.20121808051751203	0.9984369187733166	-4.6089675254884295	
PLOD1	-0.28020095699762326	-0.7180109944914919	0.15760908049624528	6.5077207272	-1.2898495525448104	0.20384184062530253	0.9984369187733166	-4.615723675060449	
S10AC	-0.6286106521093628	-1.616331724236306	0.3591104200175803	5.874052923725	-1.28263348695012	0.2063369849578177	0.9984369187733166	-4.622055064953177	
APMAP	-0.3229343192310881	-0.8337146845227603	0.18784604606058414	6.406902708275	-1.2741928515061487	0.20928458582984058	0.9984369187733166	-4.629420056356904	
KV315	0.3439676291927135	-0.20196203576546679	0.8898972941508938	6.495435016475	1.2698020870421116	0.21083032914891192	0.9984369187733166	-4.633233840506932	
BGH3	-0.29825128553211044	-0.7754422829931846	0.17893971192896369	6.67930909505	-1.2596365094620354	0.2144418145648905	0.9984369187733166	-4.64201770438871	
CTHR1	0.3089544829661504	-0.18670739078908244	0.8046163567213833	6.534862100575	1.2562154901131	0.21566750643059493	0.9984369187733166	-4.64495930542182	
F13B	-0.40417896314438123	-1.0575858711378758	0.24922794484911331	6.860676631775	-1.2466517216974253	0.21912171716330855	0.9984369187733166	-4.653144194289095	
ITIH5	-0.29079158002131117	-0.7616932791976256	0.18011011915500325	6.32063198935	-1.24453388888996	0.21989215687096578	0.9984369187733166	-4.654948980380162	
SDF1	0.2771509781947187	-0.1719052460881535	0.7262072024775909	6.337079793775	1.243858140185626	0.22013840799707782	0.9984369187733166	-4.655524255203584	
SODE	0.4036765796699639	-0.25938540901215573	1.0667385683520836	6.08737957265	1.226971793385052	0.2263586021125682	0.9984369187733166	-4.6698072923647	
PROS	-0.31753803171988015	-0.8455471516857803	0.21047108824602	6.607428791575	-1.2120191503768767	0.2319739572448255	0.9984369187733166	-4.682305793640793	
YBOX1	0.3429694970642949	-0.22871280273123062	0.9146517968598205	6.437176940475	1.2090824238183109	0.2330887424065134	0.9984369187733166	-4.684744043960586	
FCGBP	-0.268171190699401	-0.7183735827988939	0.18203120140009188	6.092161801425	-1.2004925780233937	0.23637200699163113	0.9984369187733166	-4.691844744923357	
HSPB1	0.32794636416301703	-0.22900887969480888	0.884901608020843	6.126423004725	1.1866910869094178	0.24171792116057053	0.9984369187733166	-4.703156300691569	
ANXA4	0.5854563237245342	-0.41454771288052783	1.5854603603295963	6.323134687975	1.1799073476020712	0.24437759270413725	0.9984369187733166	-4.708672124867367	
ITB1	0.2617967577256563	-0.18550614339038995	0.7090996588417026	6.414724675175	1.179553669660942	0.24451683836831814	0.9984369187733166	-4.708958901022555	
ITIH3	-0.2306580842567609	-0.6326985029889453	0.17138233447542348	6.55471796275	-1.1562563247490218	0.25381639826008706	0.9984369187733166	-4.727674846603955	
EMIL2	-0.33673672771114405	-0.9244512505580885	0.25097779513580043	6.4597591527	-1.154726737725978	0.25443575475746866	0.9984369187733166	-4.728891596418479	
PRDX2	0.32850713812785104	-0.25138016003369057	0.9083944362893926	6.527927279125	1.1417114907934498	0.2597498799032893	0.9984369187733166	-4.739184709323246	
TIMP3	0.3448306822614896	-0.26567190325587964	0.9553332677788589	6.419667798875	1.1383440744799835	0.2611376500127029	0.9984369187733166	-4.741830265486849	
CO8A1	0.27970529496812024	-0.21721169315926042	0.776622283095501	6.40235577535	1.1344151059415535	0.2627635389814837	0.9984369187733166	-4.744907855206418	
OAF	-0.2227410973649093	-0.6188555623527018	0.17337336762288322	6.46903869335	-1.1332737005512954	0.263237228726675	0.9984369187733166	-4.745800079957228	
CO8G	0.25945147013194847	-0.20300714138576914	0.7219100816496661	6.3455896976	1.130676646899536	0.2643172913855116	0.9984369187733166	-4.747827070651233	
ITA8	0.30425777892516265	-0.25251433168978293	0.8610298895401083	6.059838682075	1.1013348325816141	0.27673980556793726	0.9984369187733166	-4.770428435392692	
ASPN	0.3916756133081803	-0.33477279925922226	1.118124025875583	6.4061213840999995	1.0866180387520656	0.28312320653286666	0.9984369187733166	-4.7815563813761575	
A2MG	-0.2574386018045885	-0.7354896870976826	0.2206124834885056	6.280456900525	-1.0853117800287475	0.2836947428006432	0.9984369187733166	-4.782537358016231	
PLIN2	-0.23529526597272007	-0.6761822334198626	0.20559170147442243	6.561374929075	-1.075575956666222	0.28797998064133445	0.9984369187733166	-4.789814124453596	
LV310	-0.3040291498053163	-0.8743691844728323	0.2663108848621996	6.7096120026	-1.0743270844171455	0.2885329248808012	0.9984369187733166	-4.790743132255568	
IBP7	0.34130151124476726	-0.30214260202265086	0.9847456245121854	5.823186415575	1.0690118925322256	0.29089452888623146	0.9984369187733166	-4.794685713754661	
APOA2	-0.3122799953630363	-0.9021414125722705	0.27758142184619794	6.5053504314	-1.0669629321457632	0.29180848827047146	0.9984369187733166	-4.7962006682563	
CLUS	-0.23014057770126087	-0.6673339435106469	0.2070527881081252	6.59728456115	-1.060900839689318	0.2945242257918289	0.9984369187733166	-4.8006669363657775	
ANXA1	0.2047121696044486	-0.19662311660836002	0.6060474558172573	6.537115917775	1.0279961140691767	0.30957033153593894	0.9984369187733166	-4.824493796048892	
PRDX1	0.2262237915912228	-0.21933544196821503	0.6717830251506607	6.4653484063999995	1.0232646854687197	0.3117763088251876	0.9984369187733166	-4.827861995947748	
CO6A2	-0.3023818440841123	-0.8985726495280735	0.2938089613598489	6.6429581419	-1.0221757995309868	0.3122855038027693	0.9984369187733166	-4.828635084058048	
CSPG2	0.29559003972805953	-0.2874116692946799	0.8785917487507989	5.886252333075	1.0218217093887136	0.31245120878996324	0.9984369187733166	-4.828886314650665	
CFAD	0.1886696129442997	-0.18353413755417994	0.5608733634427794	6.36336575075	1.0215893831220282	0.3125599639947259	0.9984369187733166	-4.829051108092864	
PGS2	-0.4590820615957595	-1.3683067641589233	0.4501426409674044	6.06428712215	-1.0175933357808093	0.31443460734764755	0.9984369187733166	-4.83188006865786	
SLPI	0.3378514917939951	-0.3315735178413287	1.007276501429319	6.17635819195	1.017136091232282	0.3146495985144471	0.9984369187733166	-4.832203105799853	
PCOC1	0.2243886209349469	-0.2224203189426547	0.6711975608125486	6.57107986915	1.0121249545541595	0.3170123276578261	0.9984369187733166	-4.83573445997688	
MSRE	0.24960376344802102	-0.24774966703222837	0.7469571939282704	6.5207451125	1.0114424309628798	0.31733506355637275	0.9984369187733166	-4.836214165967196	
CYTB	-0.325005727271724	-0.9772100370321251	0.3271985824886771	6.51540263405	-1.004297790585568	0.32072682761191784	0.9984369187733166	-4.84121743773037	
CFAH	-0.2063248593603281	-0.6207174051557174	0.20806768643506116	6.65286588585	-1.0034477892776248	0.3211319726727378	0.9984369187733166	-4.8418104570444935	
LYSC	0.3313002494010153	-0.3353989682688481	0.9979994670708787	6.06898129305	1.0014908243687266	0.32206605545564776	0.9984369187733166	-4.843173972716016	
SFRP2	0.2841156357049196	-0.28904703528645004	0.8572783066962892	6.5627396852	0.9990158861510173	0.32324999716270575	0.9984369187733166	-4.844894795994102	
FHR5	0.26865509769823664	-0.2734227291137245	0.8107329245101977	6.644537754425	0.9988231505101374	0.3233423195517373	0.9984369187733166	-4.8450286366409685	
MMP7	-0.5303720482685069	-1.6024013928886682	0.5416572963516543	5.5823277821	-0.9970779489764717	0.32417909856318505	0.9984369187733166	-4.84623944236118	
DEF1	-0.350732891456637	-1.0607038520128456	0.35923806909957157	6.415950016975	-0.9956141664503556	0.3248820683715159	0.9984369187733166	-4.847253463311094	
FMOD	-0.30885111674968224	-0.9412268687342586	0.32352463523489416	5.978958017	-0.9843037155809166	0.3303483980014922	0.9984369187733166	-4.855041297531622	
CYTC	0.17799417464026787	-0.18721406936346616	0.5432024186440019	6.458349302975	0.9822462374309688	0.3313493580166481	0.9984369187733166	-4.8564489530297354	
OSTP	0.478938145500852	-0.5134497683200587	1.4713260593217627	5.675349078675	0.9726422241984486	0.33604850379335005	0.9984369187733166	-4.862982886634938	
CO4A	-0.22966759102962558	-0.706747515617661	0.24741233355840986	6.7374981868	-0.9702054961498188	0.33724779282159434	0.9984369187733166	-4.8646310261695165	
LYOX	-0.22628245680997636	-0.7012890012229208	0.24872408760296813	6.423427057525	-0.9600778485516493	0.3422627910928041	0.9984369187733166	-4.871439204117894	
CCN2	0.17418324182385195	-0.19371726342760218	0.542083747075306	6.433848698575	0.9541818300484596	0.34520498306271363	0.9984369187733166	-4.875371583293824	
CO8A2	0.2619279475954781	-0.2916391677179734	0.8154950629089296	6.469777823225	0.9536010362797156	0.34549570686929454	0.9984369187733166	-4.875757705486121	
VWF	-0.22770561274521625	-0.7230525212417506	0.267641295751318	6.536154126125	-0.9264445614632127	0.3592693157715011	0.9984369187733166	-4.893562822056197	
SMOC2	0.20821230993782663	-0.24621036780019517	0.6626349876758484	6.25111453755	0.9234248619637933	0.36082265766050814	0.9984369187733166	-4.895512510980997	
CRLF1	0.1890233290554861	-0.2243115468902321	0.6023582050012043	6.28003180685	0.9216552763387258	0.3617349598783308	0.9984369187733166	-4.896652244254524	
S10A4	0.1976514224693317	-0.23560102299437136	0.6309038679330348	6.397106484675	0.9194202798648705	0.3628893378657241	0.9984369187733166	-4.8980887635645844	
A1AT	-0.19125162801276427	-0.6158026672773331	0.23329941125180462	6.6958733622499995	-0.9078840571224093	0.36888568436301095	0.9984369187733166	-4.9054507780587215	
FBLN2	-0.21831046567007778	-0.709412388942499	0.27279145760234347	6.476621369025	-0.8958969919842509	0.3751835150722831	0.9984369187733166	-4.913006720112254	
TIMP2	0.1771377588664189	-0.22347257539587576	0.5777480931287136	6.407341665025	0.8911363409756581	0.3777036489975424	0.9984369187733166	-4.915980996602557	
HPLN3	0.3174633834351604	-0.4067758082271585	1.0417025750974793	5.750908698025	0.8834190807360213	0.3818117775922515	0.9984369187733166	-4.92077033369485	
CO3	-0.1904900812239851	-0.6258626889907428	0.24488252654277262	6.779165246625	-0.8817925457018803	0.3826812357966578	0.9984369187733166	-4.921774689579871	
COEA1	0.20432634476593964	-0.26985364243233895	0.6785063319642182	6.46476516435	0.8684329691672359	0.38986996078466507	0.9984369187733166	-4.929957079427833	
COIA1	0.21234838302686504	-0.2856930826040666	0.7103898486577966	5.920994877825	0.8592877354144556	0.3948396189240452	0.9984369187733166	-4.935489429681847	
FHR1	0.2684151981549647	-0.36593622874127457	0.9027666250512039	6.43420604805	0.8527708350760955	0.3984050711935154	0.9984369187733166	-4.939397583027056	
GANAB	-0.13652273273548748	-0.4596937338109927	0.18664826834001774	6.75478712125	-0.8513884351604	0.39916396541828114	0.9984369187733166	-4.940222939002152	
C1QA	-0.20251222284150258	-0.6846549508751035	0.2796305051920984	6.543060532525	-0.8465074353969723	0.40185067151565246	0.9984369187733166	-4.9431268588724055	
KLKB1	-0.3237830338191009	-1.098290669590305	0.45072460195210307	6.194517952775	-0.8425264456720913	0.4040502638289434	0.9984369187733166	-4.945483477121119	
COBA1	-0.34947522229797523	-1.1862997078769768	0.48734926328102635	6.268773800525	-0.8416609305736066	0.4045294663412964	0.9984369187733166	-4.945994425085111	
TENA	-0.2776870200605961	-0.9442719690937816	0.38889792897258946	6.49052544645	-0.8395667564908962	0.4056903841223243	0.9984369187733166	-4.947228616304729	
LEG1	0.24245617658229957	-0.34342046848031516	0.8283328216449143	6.369493480075	0.8340310584988895	0.40876903000163034	0.9984369187733166	-4.950476852386449	
CO6A1	-0.23018388887071073	-0.7897424285330096	0.3293746507915881	6.5941504414	-0.8290573087835452	0.41154738615269404	0.9984369187733166	-4.9533777633998	
C1R	-0.1929633055735844	-0.6675961540785509	0.281669542931382	6.607028578475	-0.8193549766631545	0.4170004008317676	0.9984369187733166	-4.958988641565558	
IC1	-0.18842940834614907	-0.6608663583865704	0.2840075416942722	6.593233386625	-0.803822178354151	0.42582153546745805	0.9984369187733166	-4.967839096190056	
ALS	-0.26083548720096633	-0.9382230761588355	0.4165521017569029	6.5651013104	-0.7760408806014285	0.4418767418617252	0.9984369187733166	-4.983261782838752	
CATZ	-0.20601064546861522	-0.7415934907700997	0.32957219983286923	6.4078903543	-0.775207850338344	0.4423636364998129	0.9984369187733166	-4.983716160338793	
CO5A3	-0.2444647750135792	-0.8865050479878036	0.3975754979606452	6.51252638375	-0.7673777045134432	0.4469557411509908	0.9984369187733166	-4.987964102022367	
PRELP	-0.21355823507031357	-0.7745030348839329	0.34738656474330576	6.357716968025	-0.7672755409539899	0.44701584130842154	0.9984369187733166	-4.988019251746925	
LRP1	0.13632098718988217	-0.22434269472926055	0.4969846691090249	6.4728676406	0.7617552706399054	0.450270335531081	0.9984369187733166	-4.990988648383129	
CO6A3	-0.19649696567970074	-0.7177223530768095	0.324728421717408	6.672536368975	-0.7597757797013789	0.45144072531022705	0.9984369187733166	-4.992048386732259	
GELS	0.15341273497795693	-0.2593758649161954	0.5662013348721093	6.2933666185	0.7490121714166226	0.4578358707878578	0.9984369187733166	-4.997764128656494	
POSTN	-0.22982471165504761	-0.8487705004819504	0.3891210771718552	6.36751262285	-0.7483405328259283	0.45823665759273524	0.9984369187733166	-4.998118171443838	
IPSP	-0.19482171548495608	-0.7197293101320943	0.3300858791621821	6.629963589875	-0.7480138928631409	0.45843164696168937	0.9984369187733166	-4.998290243075381	
LAMA4	-0.18626194008239808	-0.6885204586125369	0.31599657844774076	6.464450071125	-0.7473980634531148	0.4587994002994842	0.9984369187733166	-4.998614460021931	
FHR2	-0.2119486797207549	-0.7837407860521532	0.3598434266106434	6.758201887675	-0.7470466410438112	0.4590093349859149	0.9984369187733166	-4.998799358323196	
LG3BP	-0.22938128385706139	-0.8484400520500842	0.3896774843359615	6.045838203925	-0.7467603615604738	0.4591803953726872	0.9984369187733166	-4.99894991997972	
TRFE	0.1598100397551203	-0.2753202892197598	0.5949403687300004	6.813204118725	0.7401842876579514	0.4631199497559132	0.9984369187733166	-5.002393070137539	
VINC	0.16704246895738098	-0.293038598084277	0.6271235359990389	6.246998109125	0.7317246674401465	0.4682164345813111	0.9984369187733166	-5.006779058411339	
ECM1	-0.1450671692511806	-0.5455064044985977	0.2553720659962364	6.781747590025	-0.7301089472884155	0.46919346443354326	0.9984369187733166	-5.007611193484877	
S10AA	-0.20203333265742832	-0.7620828763178512	0.35801621100299463	6.660030852275	-0.7270290049950324	0.4710591399389631	0.9984369187733166	-5.009192501616089	
CO1A1	-0.2489446229508769	-0.9423841569769937	0.44449491107523986	6.3888477909	-0.7235179493602418	0.4731911174460175	0.9984369187733166	-5.010987250218281	
FBLN5	0.14424627444083324	-0.2591714586781443	0.5476640075598107	6.3189047267	0.7206174554519913	0.47495648526526635	0.9984369187733166	-5.012463544591902	
APOL1	-0.22600761818782586	-0.8651597370728699	0.4131445006972181	6.452994335225	-0.7126462476874438	0.47982732157131947	0.9984369187733166	-5.016491109402348	
SERPH	-0.1587702337000942	-0.6089635255867916	0.29142305818660313	6.452154870825	-0.7107636711905467	0.4809817778347051	0.9984369187733166	-5.017435963082244	
APOC2	-0.25308876125288227	-1.0128368783344635	0.506659355828699	6.662192682875	-0.6713645184226229	0.5054981855087277	0.9984369187733166	-5.036652735108217	
HS90A	0.14807598330757782	-0.2972598342800231	0.5934118008951788	6.5314418455	0.6701193468705379	0.5062839550766003	0.9984369187733166	-5.037242687258589	
CO4B	-0.20195459580046532	-0.8163418810213614	0.4124326894204307	6.477046395775	-0.6624707057458288	0.511125198276521	0.9984369187733166	-5.040843151303397	
PLTP	-0.2510728397830364	-1.0264140753030613	0.5242683957369885	5.709084626975	-0.6526224512153825	0.5173953519761119	0.9984369187733166	-5.045419727442515	
ALBU	0.15216755127992054	-0.31825358202817133	0.6225886845880124	6.718429075475	0.6519141165944651	0.5178479148423119	0.9984369187733166	-5.045746321250388	
ZPI	-0.174713098484609	-0.7173632669624683	0.36793706999325027	6.6786740922	-0.6488744608465367	0.5197923869897487	0.9984369187733166	-5.047143897096098	
CRAC1	0.13547634374264694	-0.29073262029950314	0.561685307784797	6.350839377475	0.6406134388515067	0.525096592565743	0.9984369187733166	-5.0509099663921875	
CO8B	0.18284659795718777	-0.40046661612648365	0.7661598120408593	6.410456232975	0.631742692119241	0.5308240366626849	0.9984369187733166	-5.054901555353295	
TSP2	-0.19341935247924605	-0.8106663392203513	0.4238276342618592	6.211195165675	-0.6315330798115569	0.5309597695370152	0.9984369187733166	-5.054995217789593	
FRIH	-0.16353532363661383	-0.6932357211278626	0.3661650738546349	6.50007542785	-0.6222092071032989	0.5370157443512322	0.9984369187733166	-5.0591307485289425	
SAP	0.258290213357019	-0.595042393707301	1.111622820421339	6.6423657853249995	0.6100209740524638	0.5449859788120212	0.9984369187733166	-5.06444606795011	
CO3A1	-0.22329837460865026	-0.9775686951961731	0.5309719459788724	6.052972504525	-0.5966418326230443	0.5538044082714688	0.9984369187733166	-5.070162295496519	
CFAB	0.12594426195721342	-0.3015886698199619	0.5534771937343888	6.66464761455	0.593695791179591	0.5557558643806559	0.9984369187733166	-5.071404318338743	
IGHA1	-0.16425129570901678	-0.7427799771547672	0.41427738573673367	6.31748219075	-0.5721884234947443	0.5701066540044086	0.9984369187733166	-5.080289073574553	
CBPB2	-0.20711307402951273	-0.9392225462303564	0.5249963981713309	6.55948580765	-0.570146740841767	0.5714784116627887	0.9984369187733166	-5.081115795229933	
AMPN	0.10688527917398687	-0.27883629511696995	0.4926068534649437	6.7086466268	0.5584690665031875	0.5793554167489493	0.9984369187733166	-5.085788614144797	
ANX11	0.2161912796076342	-0.5744943013117323	1.0068768605270006	6.3258366878	0.5510481014198583	0.5843883666887356	0.9984369187733166	-5.088708779640862	
TARSH	0.15523527479147306	-0.4128848708656945	0.7233554204486405	6.115243872275	0.5506877077129401	0.5846333231115239	0.9984369187733166	-5.088849618589393	
MFAP5	0.14140155971706223	-0.3768028139086339	0.6596059333427584	6.014581624925	0.5499311029781937	0.5851477413160902	0.9984369187733166	-5.089144999171315	
ITIH1	0.11024017489270903	-0.29548565155005607	0.5159660013354741	6.4251729622	0.5475986859974926	0.5867349273407775	0.9984369187733166	-5.0900530708116944	
FBLN3	0.1369689150449306	-0.36719981307137084	0.641137643161232	6.33303310835	0.5475216146959411	0.5867874087795586	0.9984369187733166	-5.090083011997446	
COMP	-0.16623065399684778	-0.7782699887556704	0.4458086807619749	6.308018274625	-0.5473774933206474	0.586885553772968	0.9984369187733166	-5.09013899014438	
CO2A1	-0.18630162963495978	-0.8732389387357233	0.5006356794658038	6.19477191945	-0.5465812212107851	0.5874279476268752	0.9984369187733166	-5.090448009028121	
PDIA1	0.12869728526458396	-0.3464208206360531	0.6038153911652211	6.7270453118999995	0.5459124041948329	0.5878837086945615	0.9984369187733166	-5.090707223370935	
HV307	0.1320190874635203	-0.3570927079598668	0.6211308828869074	6.476654331725	0.5439810205473291	0.5892007862882713	0.9984369187733166	-5.091454021942929	
EDIL3	0.12258218328308167	-0.3347838731396955	0.5799482397058588	6.221664050925	0.5401552224558102	0.5918138800765094	0.9984369187733166	-5.092925645407227	
CD97	0.08431171374573446	-0.2320242041480263	0.40064763163949524	6.640078281	0.5371487486128237	0.5938712147717001	0.9984369187733166	-5.0940749459734445	
A1BG	-0.09313270223680795	-0.4429550976048632	0.25668969313124723	6.7047962065	-0.5365494478181397	0.5942817215122693	0.9984369187733166	-5.094303290067275	
THIO	-0.10017025019776718	-0.4775271873964382	0.2771866870009039	6.54187005565	-0.5349849657298718	0.5953539863157136	0.9984369187733166	-5.094898204122583	
MMP2	0.10931889723616078	-0.3141901178856801	0.5328279123580016	6.45687905995	0.5202208327224729	0.605517698385914	0.9984369187733166	-5.100428301359576	
LTBP2	0.10047876110801471	-0.28919602789066434	0.4901535501066938	6.290163531	0.5196693704390756	0.6058988813888421	0.9984369187733166	-5.100631908992202	
LAMC1	-0.11725434717432134	-0.5737403998157655	0.3392317054671228	6.2984528753	-0.5176742913197999	0.6072788515292187	0.9984369187733166	-5.101366744962946	
IGJ	-0.16227707056318386	-0.7948091690103464	0.47025502788397866	5.90614186215	-0.5170466723886309	0.6077132672573828	0.9984369187733166	-5.1015973369796885	
CO5	-0.12902323639992058	-0.640006310538402	0.38195983773856085	6.542815718775	-0.5088813961266544	0.6133780004772034	0.9984369187733166	-5.104572223546813	
B2MG	0.1464922684666678	-0.43639671743348735	0.729381254366823	6.23517698735	0.5065053213895646	0.615030940743488	0.9984369187733166	-5.105429149076991	
AEBP1	0.12609846061105867	-0.3861444928356145	0.6383414140577318	6.315400803825	0.4961225295165112	0.6222774880718616	0.9984369187733166	-5.109127322780322	
THRB	0.1792390496894975	-0.5493385733162659	0.907816672695261	6.352769004	0.4958062093836	0.6224988604467256	0.9984369187733166	-5.1092388059188085	
HEMO	0.10426325470364521	-0.3223278455702116	0.530854354977502	6.679981451675	0.4925775841487534	0.6247603869795026	0.9984369187733166	-5.110372687021557	
LTBP4	-0.11847445448835944	-0.6039244125789142	0.36697550360219533	6.32005271535	-0.49185309336046473	0.6252683682094811	0.9984369187733166	-5.110626122381873	
LEG3	0.1641151057762153	-0.5155880569004363	0.843818268452867	6.5339207364	0.4866138029181998	0.628947398009132	0.9984369187733166	-5.112447940913713	
CD109	-0.11478747041531594	-0.5948429617089851	0.36526802087835325	6.316136504025	-0.48190141425268	0.6322646006026609	0.9984369187733166	-5.114070109391221	
MMP12	0.18972882164390226	-0.6081024948742235	0.987560138162028	6.32133931935	0.47926684650711177	0.6341225054433033	0.9984369187733166	-5.114970233786773	
MIME	0.17385290612598753	-0.5588274054338678	0.9065332176858429	6.222957407075	0.478214335269098	0.6348654076360989	0.9984369187733166	-5.115328473184078	
OLFL3	0.09738629905785999	-0.3191992980579025	0.5139718961736225	6.5400259391	0.4711386882154744	0.6398695132871625	0.9984369187733166	-5.117716612253063	
LAMB1	-0.09606254414858614	-0.5127863546314199	0.32066126633424763	6.582509867325	-0.46458044559376366	0.6445228839142099	0.9984369187733166	-5.119898743344791	
CLC11	-0.12901652467456626	-0.6897324038016125	0.43169935445248	6.3340260139	-0.4637219369426542	0.6451331078527296	0.9984369187733166	-5.120182160605557	
MFGM	0.12848520023453378	-0.4454606491393882	0.7024310496084558	6.002954775725	0.45116701790277147	0.6540851539040898	0.9984369187733166	-5.124267733482502	
PGBM	0.10841951947989237	-0.377693689116794	0.5945327280765788	6.114276499075	0.44949536067781676	0.6552810272939213	0.9984369187733166	-5.124803361085811	
ANXA6	0.06863910381665425	-0.24763313086607355	0.3849113384993821	6.56694900725	0.4373868226319774	0.6639704121407801	0.9984369187733166	-5.128624471739409	
FETUA	0.2174614380573997	-0.7952160563319678	1.230138932446767	5.789440432525	0.43277907528970855	0.6672894438198436	0.9984369187733166	-5.130051448754146	
HPT	-0.12413090103713703	-0.7042771674353692	0.45601536536109505	6.553401969875	-0.43121867774367934	0.6684149545253865	0.9984369187733166	-5.130531301947229	
EMIL1	-0.06632675875207698	-0.37796610543375786	0.24531258792960386	6.479640947975	-0.4289351598838485	0.6700634401286647	0.9984369187733166	-5.131230438874031	
HV330	-0.10135871826580208	-0.5807152148088307	0.3779977782772266	6.622190591925	-0.42614524786276314	0.6720797271411991	0.9984369187733166	-5.132079632987991	
APOA4	-0.14068749686784007	-0.8065765604853893	0.5252015667497091	6.1588281653	-0.4258030596756091	0.6723271971613725	0.9984369187733166	-5.132183410890297	
LAMB2	-0.09261543662272241	-0.534912079040721	0.34968120579527623	6.2297240823	-0.4220120902685982	0.675071272988746	0.9984369187733166	-5.133327607089311	
NID2	0.10163013452915462	-0.3869374835275027	0.5901977525858119	6.45732741165	0.41923060416201763	0.6770874872556841	0.9984369187733166	-5.134160679528154	
PPT1	0.07849705860863927	-0.3054777883453306	0.46247190556260914	6.4332000335	0.41200811002232923	0.6823340102864001	0.9984369187733166	-5.13629839985911	
MGP	0.18874183676234543	-0.7482144500991279	1.1256981236238188	5.83484845555	0.40597940698073887	0.6867255539257063	0.9984369187733166	-5.138054617910931	
CATB	-0.1057515743319205	-0.6336197074240406	0.4221165587601996	6.400868163125	-0.40375373601992826	0.6883495983843781	0.9984369187733166	-5.138696497868731	
IBP3	0.10944902670375166	-0.4400579852460198	0.6589560386535231	6.44343190915	0.40141520847331613	0.6900575955840584	0.9984369187733166	-5.1393671603625055	
HV118	-0.11216853754480022	-0.6759719013551486	0.45163482626554813	6.633838544875	-0.40095769460660596	0.6903919427491181	0.9984369187733166	-5.1394979187097105	
ANXA2	0.09880659413855243	-0.39803779338914563	0.5956509816662505	6.540249522725	0.40079352665418544	0.690511930506009	0.9984369187733166	-5.139544802218732	
HSP7C	-0.07383870261678699	-0.4486145354214869	0.3009371301879129	6.583399582125	-0.3970705128172496	0.693235177096096	0.9984369187733166	-5.140602923586138	
CO4A1	-0.10628594648901432	-0.6468499996526188	0.4342781066745901	6.067997478175	-0.39626328856777493	0.6938261744102674	0.9984369187733166	-5.140831055057467	
HEP2	-0.07930225652823743	-0.4826294800713639	0.3240249670148891	6.564279613275	-0.39626267399252146	0.693826624435911	0.9984369187733166	-5.140831228568748	
VTDB	-0.09410671919276298	-0.5744865135587096	0.3862730751731836	6.62740990325	-0.3948126493007279	0.6948887225786127	0.9984369187733166	-5.141239867481482	
S10A6	-0.07704558214617774	-0.47112877411071014	0.31703760981835466	6.392471609825	-0.39401702371516323	0.6954717571422901	0.9984369187733166	-5.141463456164843	
HS90B	-0.09845663308367854	-0.6030901694073592	0.40617690324000205	6.4657148026249995	-0.393209524108607	0.6960636834825753	0.9984369187733166	-5.141689924752848	
KVD11	0.09289325188353406	-0.38904880845424017	0.5748353122213083	6.5514176824	0.3884583791478127	0.699550312932997	0.9984369187733166	-5.143013090685816	
SPP24	0.14137383353960178	-0.6041901871882871	0.8869378542674906	6.410023702175	0.38215473960820223	0.7041863628948039	0.9984369187733166	-5.144744008164847	
CO1A2	-0.1228851344429812	-0.773690441146323	0.5279201722603606	6.384535001725	-0.3805427223719417	0.7053737671877263	0.9984369187733166	-5.145182144758199	
A1AG1	-0.14507095984654106	-0.9190013470056227	0.6288594273125406	6.154355396675	-0.3777754599239094	0.7074138500777829	0.9984369187733166	-5.1459299881491765	
PEDF	0.10765714796865995	-0.4757806468178373	0.6910949427551573	6.169351546425	0.3718805534941064	0.7117669320795227	0.9984369187733166	-5.147505020562006	
PXDC2	0.06665734429637768	-0.2969987734911179	0.4303134620838732	6.2228218039	0.3694130778412453	0.713591933910712	0.9984369187733166	-5.148156999675902	
FA9	-0.08991097305829128	-0.5842620261743422	0.40444008005775967	6.511061727625	-0.36654929749516163	0.7157121787175782	0.9984369187733166	-5.1489082956314105	
PCYOX	-0.08090335329522902	-0.5579249061878716	0.39611819959741357	6.4574008167	-0.34180914516450434	0.7341218496181912	0.9984369187733166	-5.1551570988910145	
HTRA1	0.09686603721215754	-0.4774744577357966	0.6712065321601117	6.21314538215	0.33990476462624597	0.7355456786770493	0.9984369187733166	-5.155620138130736	
C1QB	-0.08467927246502888	-0.5886419537111336	0.4192834087810759	6.477425432825	-0.3386366019392792	0.7364943550636476	0.9984369187733166	-5.155927059429985	
S10A9	-0.12823290129424667	-0.8934220297950694	0.636956227206576	5.946377484775	-0.3377425939912694	0.7371633868337586	0.9984369187733166	-5.1561427428345565	
COCA1	-0.08561801878676444	-0.596683363419571	0.42544732584604206	6.4506976353	-0.3376322313188475	0.7372459911548015	0.9984369187733166	-5.156169329050918	
HPLN1	0.08587152801642046	-0.4430881022855821	0.614831158318423	5.5934363734	0.3271762873249372	0.7450861749026312	0.9984369187733166	-5.158649001233644	
S10AB	0.07530918165826855	-0.39052021048626084	0.541138573802798	6.53082228255	0.3258188438480485	0.7461060540258093	0.9984369187733166	-5.158965240891385	
IGHG2	0.07503824044253152	-0.413398202344201	0.5634746832292641	6.719504223725	0.3096205226942696	0.7583112723194145	0.9984369187733166	-5.162638066877284	
ANXA5	0.04868835993008095	-0.279758974072942	0.3771356939331039	6.57980234745	0.2987545730981017	0.7665338972222078	0.9984369187733166	-5.1649974779339844	
CD59	0.06369962519916318	-0.3662054912276959	0.49360474162602225	6.472326356725	0.29862036402217823	0.7666356301449812	0.9984369187733166	-5.165026095733594	
LTBP1	0.0675599210858485	-0.3939046241154579	0.5290244662871549	6.38281508045	0.2950570198475936	0.7693382266800594	0.9984369187733166	-5.1657812395949	
HMCN1	0.06905102063977787	-0.4193329989837106	0.5574350402632664	6.371962857675	0.2849468199896709	0.7770219365006705	0.9984369187733166	-5.167874692274292	
FA12	0.0891380002207678	-0.5506761430585869	0.7289521435001225	6.39639308155	0.28077873166106015	0.7801962961396642	0.9984369187733166	-5.168716606645386	
CO4A2	-0.07102051669617335	-0.5939543124501457	0.451913279057799	6.055405196975	-0.2737110148864983	0.7855876193359896	0.9984369187733166	-5.170115994466534	
CO6	0.06875226388400256	-0.44255714423521275	0.5800616720032179	6.56036313645	0.2709931896664108	0.7876636542093365	0.9984369187733166	-5.170644661562763	
TTHY	-0.07598465511088512	-0.6418627710375303	0.48989346081576	6.47018606355	-0.2706189190817595	0.7879496667794827	0.9984369187733166	-5.170717052612626	
SCUB3	0.06392732879897167	-0.42271349646868916	0.5505681540666325	6.1479031319	0.2647482970301995	0.7924397641356713	0.9984369187733166	-5.171839505568225	
IGHG4	0.06739250131726797	-0.47319645900270263	0.6079814616372385	6.36021862875	0.25124623397279355	0.8027935286169103	0.9984369187733166	-5.174328032084413	
VTNC	-0.061564617692745204	-0.556867844197793	0.43373860881230264	6.540292394825	-0.2505043012046803	0.8033635216004875	0.9984369187733166	-5.1744610151910315	
GDN	-0.07755366742165927	-0.7129500398522585	0.55784270500894	6.402643916825	-0.24598734563907668	0.8068360154450804	0.9984369187733166	-5.175262173979901	
TSP1	-0.07411027461311886	-0.7057720565831374	0.5575515073568995	6.402334319725	-0.23645525960938893	0.8141768416028667	0.9984369187733166	-5.176905176743298	
C1QC	-0.05099736330497779	-0.48616450653116994	0.38416977992121437	6.4768073059499995	-0.23618199289143896	0.814387541621078	0.9984369187733166	-5.176951324402895	
PROP	-0.05979043534442914	-0.5754681420762481	0.45588727138738977	6.557143731825	-0.23367299024073368	0.8163227344717774	0.9984369187733166	-5.177372543771164	
PODN	0.04944120187533777	-0.38278475320642147	0.48166715695709705	6.59718454455	0.23053312333504763	0.8187461444627828	0.9984369187733166	-5.177893357435451	
ECM2	-0.06499323639540942	-0.6370786097231671	0.5070921369323482	6.1959234817	-0.2289615079739179	0.8199598221893859	0.9984369187733166	-5.178151405706619	
CO8A	0.046977240921653576	-0.37690173046996156	0.4708562123132687	6.4806316685	0.2233576294380513	0.8242910213269438	0.9984369187733166	-5.179057198376592	
FBLN1	0.046086546743117816	-0.37839539872080297	0.47056849220703856	6.714335141575	0.2188114791791579	0.8278087870727852	0.9984369187733166	-5.179775582036443	
ITAV	-0.036775068014975126	-0.382053764304798	0.3085036282748477	6.45127270915	-0.2146539372127988	0.8310289845609262	0.9984369187733166	-5.18041966201198	
SFRP3	0.05543032319538044	-0.4808508659355093	0.5917115123262702	6.40616949335	0.20830994510497822	0.8359483254413971	0.9984369187733166	-5.181378716709366	
HRG	-0.04767451311081837	-0.5175892414309613	0.42224021520932453	6.726100445825	-0.20446659589528293	0.8389318307233276	0.9984369187733166	-5.181945777590131	
HPTR	-0.07227585187744513	-0.8037676236805925	0.6592159199257023	6.110805217575	-0.19913102590632797	0.8430776769506928	0.9984369187733166	-5.182715542718022	
ITAM	-0.05105047912073821	-0.5698989502446581	0.4677979920031816	6.80435928025	-0.198296221279088	0.8437267474571659	0.9984369187733166	-5.182834143413023	
FCN3	-0.05232090249914523	-0.5922360680327817	0.48759426303449127	6.288829626475	-0.19530117563678492	0.846056331469163	0.9984369187733166	-5.183255558516429	
SBSPO	0.07053712680244556	-0.6625450082353626	0.8036192618402538	6.400661054825	0.1939189660265666	0.8471319023762638	0.9984369187733166	-5.183447883036313	
MUC18	-0.050784814069141544	-0.5820189198767686	0.48044929173848544	6.3260023197	-0.19266510996356498	0.8481078494706572	0.9984369187733166	-5.183621169103485	
IGHG3	0.04569731054361902	-0.43990245409020207	0.5312970751774401	6.606705831025	0.18965632493151935	0.8504507369863651	0.9984369187733166	-5.184032415676492	
ITIH4	-0.040868150239138	-0.48063740168017355	0.3989011012018976	6.656212959575	-0.18729029697448765	0.8522940818868048	0.9984369187733166	-5.184351272200555	
TIMP1	-0.05573833490461527	-0.6572713340610585	0.5457946642518281	6.20707151035	-0.18674530459739383	0.8527187977966135	0.9984369187733166	-5.184424151799682	
MARCO	-0.0378597145017225	-0.4467442112517082	0.37102478224826324	6.41208296325	-0.18660868299508088	0.852825274781115	0.9984369187733166	-5.184442388422208	
CO9	0.052167709076660664	-0.5187040814462741	0.6230394995995955	6.363867797325	0.18416976741343474	0.8547265253427879	0.9984369187733166	-5.18476570027002	
COLA1	0.042619867761971776	-0.4320439752149727	0.5172837107389162	6.3453637948	0.1809593819024004	0.8572305023586424	0.9984369187733166	-5.185184809643689	
AMBP	-0.040753871919671114	-0.49944769835310177	0.41793995451375954	6.3510044703	-0.17906105484243187	0.8587118255999412	0.9984369187733166	-5.185429171702168	
IGHG1	-0.03673471636201063	-0.4719759358807931	0.39850650315677183	6.7819703898	-0.17009902714742559	0.865712034808253	0.9984369187733166	-5.186548070741216	
MFAP4	-0.04570832814908354	-0.5895104943051575	0.49809383800699036	6.1226570223	-0.16939850013755345	0.8662596812213497	0.9984369187733166	-5.186633114632897	
LAMA5	0.034489906201356425	-0.3852585557222541	0.454238368124967	6.17507922965	0.16559913242101615	0.8692310383014787	0.9984369187733166	-5.187088253977125	
CERU	-0.03735405755503979	-0.500126167649118	0.42541805253903847	6.35834355085	-0.16267685344436164	0.8715177566143111	0.9984369187733166	-5.187431311080825	
FRIL	0.061386513654570006	-0.7354960618805557	0.8582690891896958	6.4989103343	0.15525078173227777	0.8773337024111114	0.9984369187733166	-5.188275645205727	
NID1	0.034356747063130015	-0.4149342540136109	0.48364774813987094	6.217473954425	0.15411307104744573	0.8782253476754491	0.9984369187733166	-5.1884015220156865	
KNG1	0.045044650248819824	-0.5658328999346613	0.6559222004323011	6.42680129025	0.1486086919194878	0.8825414694302486	0.9984369187733166	-5.188997471230732	
COGA1	0.043168182291401264	-0.5465086221482545	0.632844986731057	6.0181023606	0.1475383338306089	0.8833811874356894	0.9984369187733166	-5.189110843400989	
HV169	0.03087416681057096	-0.4230560054976825	0.4848043391188245	6.48486190005	0.13707597788823325	0.8915961121310956	0.9984369187733166	-5.190175911430747	
S10A8	0.06205555561662085	-0.8694244051190927	0.9935355163523343	5.842771969025	0.13426484338201042	0.8938054752114095	0.9984369187733166	-5.190448753840817	
CD5L	-0.04160647259498361	-0.6729339771405597	0.5897210319505924	6.15709814675	-0.13281934825489813	0.8949418704302861	0.9984369187733166	-5.190586851812723	
FHR3	0.05196917580257776	-0.7473811245997568	0.8513194762049123	6.328295307	0.1310279191580098	0.8963505355083909	0.9984369187733166	-5.190755927132778	
TR11B	0.04113730611950166	-0.5959979427382304	0.6782725549772336	6.240416921825	0.13012458971198032	0.8970609844180899	0.9984369187733166	-5.190840313619965	
PROC	0.056452710662138576	-0.8609228228652066	0.9738282441894837	5.9978626371	0.12402030758892456	0.9018640777893348	0.9984369187733166	-5.191395271465728	
CATG	-0.04263974199036598	-0.76906159537614	0.683782111395408	6.718138358	-0.11829893221630558	0.9063692646027246	0.9984369187733166	-5.1918912366484005	
FGL2	0.030393491935104777	-0.520700198265037	0.5814871821352465	6.357791334	0.11115021784350552	0.9120027473618275	0.9984369187733166	-5.192478045510849	
COFA1	0.023563131290169757	-0.4360849163627566	0.48321117894309606	6.348328176425	0.10331484789097561	0.9181825917870747	0.9984369187733166	-5.193079246429726	
HS71B	-0.020549244354561114	-0.4293964005096509	0.38829791180052864	6.530622430475	-0.10129547202551871	0.9197761410021068	0.9984369187733166	-5.193227076129931	
SULF1	-0.025301432326388058	-0.5506499650755424	0.5000471004227663	6.400560430775	-0.09706278341763266	0.9231173545283904	0.9984369187733166	-5.193527470394769	
CD14	-0.0321561961226385	-0.705916104545747	0.64160371230047	6.170747555175	-0.09618661938000729	0.9238091611318997	0.9984369187733166	-5.193588051207338	
VWA1	-0.02287634830249616	-0.5849439371035735	0.5391912404985811	6.59936463605	-0.08202633641070865	0.9349978087362671	0.9984369187733166	-5.194490993494263	
MXRA5	-0.01805133918275205	-0.4640955230083515	0.4279928446428474	6.526379552475	-0.08156178149746808	0.9353651112375196	0.9984369187733166	-5.1945181863161975	
PA2GA	0.022159393577934772	-0.527825298304812	0.5721440854606814	5.890797361675	0.08120119617276814	0.9356502195148227	0.9984369187733166	-5.194539186834026	
APOC4	0.0237348545594846	-0.5880225887594575	0.6354922978784268	6.80121640575	0.0781920267050835	0.9380298445244928	0.9984369187733166	-5.194710814099137	
CCL18	-0.024903897251023325	-0.7287191659625645	0.6789113714605177	6.2996327965	-0.07131219247562007	0.9434724734217346	0.9984369187733166	-5.195078867540893	
CATD	0.025293976609264125	-0.712066687727782	0.7626546409463103	6.45101760085	0.06913409851811018	0.9451961427040962	0.9984369187733166	-5.195188332446539	
ITB2	-0.01376466445437787	-0.4424918566198169	0.4149625277110612	6.446103555025	-0.0647052853244854	0.9487017641976138	0.9984369187733166	-5.195400444368472	
F13A	0.01656632472181758	-0.5178724102712139	0.5510050597148491	6.9375429385	0.062471710870708595	0.9504701413882064	0.9984369187733166	-5.195502094609098	
KV240	-0.014162516694630369	-0.4999685410075408	0.47164350761828006	6.648531570225	-0.058753358368301076	0.9534146101089445	0.9984369187733166	-5.195663399348764	
LUM	0.015935108543935553	-0.5707950011688877	0.6026652182567588	6.359186914925	0.054735842550352194	0.9565967168306588	0.9984369187733166	-5.195826562498406	
KV320	0.011197064172708212	-0.5064340869319325	0.5288282152773488	6.5094179969	0.04359522467906852	0.9654243176181457	0.9984369187733166	-5.196218593066597	
CEMIP	-0.013214132525951185	-0.6813320754408908	0.6549038103889885	6.3159555284	-0.039860310751391265	0.9683848251357425	0.9984369187733166	-5.196330141808381	
APOC3	-0.013500423273741931	-0.7176601042656884	0.6906592577182046	6.599838584175	-0.038639490204647284	0.969352617497596	0.9984369187733166	-5.196364438476498	
AACT	0.007405703855471424	-0.39292912845601774	0.40774053616696054	6.736061515325	0.037281907080977846	0.9704288816855802	0.9984369187733166	-5.196401324636404	
PRG4	-0.009247432671598917	-0.5228823233732381	0.5043874580300404	6.862953893775	-0.03628455641271398	0.971219596548644	0.9984369187733166	-5.196427582640746	
CPXM2	0.009640111946918196	-0.5515962169237665	0.5708764408176028	6.287423264175	0.034617161914009445	0.9725415973664184	0.9984369187733166	-5.196469891401816	
CO7	-0.007959642481631498	-0.47421654795000084	0.45829726298673784	6.449930926875	-0.034405148890797696	0.9727096984640072	0.9984369187733166	-5.196475128468084	
APOH	-0.004213043831514077	-0.36663669512732466	0.35821060746429656	6.612650777225	-0.023427966986511152	0.9814148322260925	0.9984369187733166	-5.196702328116838	
TETN	-0.006582807119293923	-0.6047272466120691	0.5915616323734812	6.467564845925	-0.022179932377248246	0.9824047146787471	0.9984369187733166	-5.196722699069552	
IGLL5	0.0038545218990997426	-0.4407869592837735	0.44849600308197296	6.5815376842	0.01747091692424996	0.986139923866054	0.9984369187733166	-5.196789522507427	
HV439	-0.0028253793693846104	-0.3825560211421098	0.3769052624033406	6.614291372725	-0.014995338842160241	0.9881036933459962	0.9984369187733166	-5.196818287002435	
PGS1	0.003590885052868104	-0.5865296791210673	0.5937114492268035	6.3582672903	0.012263541685210481	0.9902707964224362	0.9984369187733166	-5.19684493750343	
QSOX1	0.0022232018886580414	-0.5369668091586842	0.5414132129360002	6.3397239078	0.008309831586605724	0.9934073560294876	0.9984369187733166	-5.196874048712302	
ANT3	-0.0013908027841535433	-0.4195077445489749	0.4167261389806678	6.698101830125	-0.006703829242458578	0.9946814636833083	0.9984369187733166	-5.196882678167222	
CATF	-0.0009204904602372099	-0.44501589523811846	0.443174914317644	6.27462120945	-0.0041773240840027115	0.996685871141087	0.9984369187733166	-5.196892517055743	
IGKC	0.0005585993842716433	-0.4154756519617613	0.4165928507303046	6.619618993925	0.002705992092896564	0.9978531658573231	0.9984369187733166	-5.196896141651337	
FBN1	-0.0004345939111800281	-0.4449936613637876	0.4441244735414276	6.4068990486	-0.0019701954963461687	0.9984369187733166	0.9984369187733166	-5.196897373056436	
