	logFC	CI.L	CI.R	AveExpr	t	P.Value	adj.P.Val	B	
CO8A	0.46966801943531805	0.16489537077552374	0.7744406680951124	6.813724687394736	-3.0670803004888536	0.0029543416796223424	0.37777982160668727	-2.425827140743105	
IBP5	0.7026687570088547	0.23561151792085888	1.1697259960968505	6.332748343828947	-2.9942680943620577	0.0036659813170525613	0.37777982160668727	-2.5399243219680137	
CFAD	0.5615806381402241	0.18828270620372756	0.9348785700767206	6.685513008276316	-2.9941026711764365	0.0036677652583173522	0.37777982160668727	-2.5401813355677887	
CO9	0.4666705739073282	0.12413620752988291	0.8092049402847734	6.682093873039474	-2.711542483046735	0.008204645321142469	0.4336070865024766	-2.963990556575605	
CO8G	0.377904670711553	0.0920673614858325	0.6637419799372735	6.560390050236842	-2.631318937496098	0.010212898913476593	0.4336070865024766	-3.078559050703354	
PEDF	0.6493719998467397	0.15409884383351258	1.1446451558599668	6.599852824815789	-2.6095096989703355	0.010831100912025046	0.4336070865024766	-3.1092471542705677	
CO7	0.4350360986676482	0.10214812272997431	0.7679240746053221	6.764026263473684	-2.600981922171782	0.011081907038171494	0.4336070865024766	-3.121192881831642	
KNG1	0.5709921772329483	0.13325941736400287	1.0087249371018936	6.706196581697369	-2.5961588061348206	0.011226073436957322	0.4336070865024766	-3.127935667283264	
CO6	0.3829549871688095	0.06061863638060072	0.7052913379570183	6.77775322656579	-2.3645504872773304	0.02049153644392667	0.6212654699402598	-3.4400226781103225	
CO6A2	-0.5158528599833634	-0.9569854787492362	-0.07472024121749049	6.437547981	2.3273774238487537	0.022490687582146913	0.6212654699402598	-3.487922416869054	
CATG	-0.5408896287917019	-1.0119931974944834	-0.06978606008892052	6.496188133197369	2.285085248618005	0.02497356614913347	0.6212654699402598	-3.54166124012377	
CO6A1	-0.5280623148470436	-0.9932640145026673	-0.06286061519141983	6.3654371720789475	2.259196616924028	0.02661007565603898	0.6212654699402598	-3.574155519989379	
KVD11	0.3878968671152266	0.043501328841337894	0.7322924053891153	6.785757548894737	-2.2416556634057225	0.027771859707985878	0.6212654699402598	-3.595997723381355	
CO8B	0.4022412606351053	0.0387803325327285	0.7657021887374821	6.652534108473684	-2.202617231709038	0.0305186033304931	0.6212654699402598	-3.6440996177910043	
TTHY	0.44932718692888285	0.04316555144286932	0.8554888224148964	6.773677113236842	-2.2017801103122934	0.030580019770926718	0.6212654699402598	-3.6451233597040136	
FA12	0.5381974100189283	0.04553550811585061	1.030859311922006	6.715608357789474	-2.1742164186963713	0.03266358100375807	0.6212654699402598	-3.6786495379152697	
CO6A3	-0.4797913616867524	-0.9284964572744329	-0.031086266099071946	6.4615552873157895	2.128146737738337	0.03642306542809012	0.6212654699402598	-3.733890084398951	
HS71B	-0.293932161336716	-0.576645512075679	-0.011218810597752926	6.38356281981579	2.0692403419576593	0.041773107153066404	0.6212654699402598	-3.803058727130164	
A1AG1	0.6415383272574942	0.019452439195391857	1.2636242153195965	6.7011537909736845	-2.052496402240274	0.0434124758568005	0.6212654699402598	-3.822416973663373	
ANXA4	0.6436783699050379	0.01732745140516312	1.2700292884049127	6.477423251842105	-2.0453203688681976	0.044131847352497394	0.6212654699402598	-3.8306721559958916	
LAMA4	-0.33567264094582616	-0.6630242585718433	-0.008321023319808996	6.312106205578948	2.0408524199377487	0.04458490292275147	0.6212654699402598	-3.8357994684977057	
PCYOX	0.2751397983671837	0.004800011014219785	0.5454795857201477	6.658478521644737	-2.0255995575411267	0.04616180566664036	0.6212654699402598	-3.85323065902326	
F13A	-0.43298649277535484	-0.8596705955424591	-0.006302390008250669	6.695006618368421	2.0196589237624036	0.04678879622004081	0.6212654699402598	-3.859989241248079	
FCN3	0.40670656724388105	0.0017093199248784385	0.8117038145628837	6.592165373302631	-1.9986615626984656	0.049063755309748575	0.6212654699402598	-3.883740399943866	
APMAP	0.3475683202779612	-0.001726142345603865	0.6968627829015263	6.736002442986842	-1.980426052707512	0.05111558941728812	0.6212654699402598	-3.9041932949907925	
A2MG	0.3898347936367367	-0.008288816125255005	0.7879584033987284	6.688344997578947	-1.948824863398293	0.054844736627801864	0.6212654699402598	-3.9392516630476484	
CO5A3	-0.5635788374041736	-1.1433359954960922	0.016178320687745162	6.1842581756052635	1.9347225965335064	0.056582075520428335	0.6212654699402598	-3.9547382613047324	
PLTP	0.5346249810795002	-0.02470548727584443	1.0939554494348447	6.2108559428157895	-1.9023521662553275	0.06074715402322166	0.6212654699402598	-3.9899143978252978	
APOA4	0.45577494304318483	-0.025937157075143102	0.9374870431615128	6.4762860308026315	-1.8830984964976683	0.06334517138516818	0.6212654699402598	-4.010590030997274	
HEMO	0.29747414993158455	-0.017416191267711267	0.6123644911308803	6.871055154092105	-1.8801826436250109	0.06374666872045869	0.6212654699402598	-4.0137051171580325	
TIMP2	0.3175275597920019	-0.024074838128550213	0.659129957712554	6.526009409381579	-1.8499954567930257	0.0680305522114868	0.6212654699402598	-4.045704924652342	
OAF	0.2592066576742579	-0.020249456745235817	0.5386627720937516	6.700590197605263	-1.8460466964058615	0.06860837258141646	0.6212654699402598	-4.049856985419414	
RARR2	0.3537331306356153	-0.029356317319860936	0.7368225785910916	6.416533020236842	-1.8377468824682763	0.06983628516123012	0.6212654699402598	-4.058558542349269	
PROC	0.5831716121283416	-0.051562385754156614	1.2179056100108396	6.17777185481579	-1.8285833495008326	0.07121327553901154	0.6212654699402598	-4.0681253185200665	
LAMB1	-0.2532972699727519	-0.5342753051891326	0.027680765243628724	6.446655192381579	1.7941893908895294	0.07658540698862679	0.6212654699402598	-4.103654150516973	
BGH3	-0.3737561910245567	-0.7887145170061285	0.041202134957015135	6.55479299293421	1.792644028906622	0.07683448269864378	0.6212654699402598	-4.105236424886586	
HV307	0.38264625244846906	-0.043012258570971684	0.8083047634679098	6.698694678671052	-1.7891480911902014	0.07740042822117704	0.6212654699402598	-4.108811387201661	
KV240	0.27839318316194633	-0.03965663415513576	0.5964430004790284	6.8614810408815785	-1.7421020546170998	0.08535875611028264	0.6212654699402598	-4.156314548136352	
CYTC	0.2910815020640584	-0.04299536326553488	0.6251583673936517	6.585892448328948	-1.7341168252612749	0.08677427574778898	0.6212654699402598	-4.164264891104102	
PRELP	-0.4362088510470284	-0.9417803639613467	0.06936266186728984	6.1101923875263155	1.7172045284995794	0.08983606403863803	0.6212654699402598	-4.180995035502763	
OSTP	0.6895516946637971	-0.11325124429958722	1.4923546336271813	5.817483335894737	-1.709495740707208	0.0912607713838833	0.6212654699402598	-4.188571897044939	
F13B	-0.45986482059065303	-0.9966644574903544	0.0769348163090483	6.761010913815789	1.7050146730218783	0.09209741620121237	0.6212654699402598	-4.192962178349859	
ANGL4	-0.24943143498384515	-0.5409797914265371	0.04211692145884674	6.637241574973684	1.702749393924188	0.09252274179389722	0.6212654699402598	-4.1951776149769495	
CD44	-0.3298059888265326	-0.7157986879617058	0.056186710308640475	6.521187095842105	1.7005507371041741	0.09293709406643685	0.6212654699402598	-4.197325358353658	
CRAC1	0.2807900665329179	-0.04897133016744176	0.6105514632332776	6.455146127315789	-1.6946970462724942	0.09404766623986556	0.6212654699402598	-4.203031306337954	
NID2	-0.31417877618357865	-0.6859144180919684	0.05755686572481111	6.198148935776316	1.6821037816383706	0.09647364734839749	0.6212654699402598	-4.215246566586806	
SFRP2	0.33275058821649683	-0.0618859240488705	0.7273871004818642	6.6635036315	-1.6781536206337915	0.09724503852236813	0.6212654699402598	-4.219061211704616	
CD14	0.4195647319970299	-0.07949101361757549	0.9186204776116353	6.450701542342105	-1.6732470251966687	0.09821019160869339	0.6212654699402598	-4.2237881956369945	
OMD	0.3064469936249479	-0.0587107062580875	0.6716046935079834	6.460283347289474	-1.67026372414523	0.09880082407578694	0.6212654699402598	-4.226656173406189	
FHR1	0.4291649631782567	-0.08488181808017736	0.9432117444366908	6.620187028710526	-1.6616201941402466	0.10052839319421679	0.6212654699402598	-4.2349394374423674	
RNAS4	0.35163178927536826	-0.07531109603576658	0.7785746745865031	6.363950680618421	-1.6391869824096077	0.10512672699789752	0.6273291781066366	-4.256255923433044	
HEP2	0.2787263551937965	-0.061140169694833546	0.6185928800824265	6.791856763394737	-1.632224120558512	0.10658807611261661	0.6273291781066366	-4.2628187066705765	
ICAM1	-0.28659688336653316	-0.639980456516944	0.06678668978387775	6.6051432368289476	1.6141178945654027	0.11046505714124047	0.6273291781066366	-4.279765665286488	
HV169	0.35087368096477056	-0.08331864250113535	0.7850660044306765	6.7664171793157895	-1.6083434650814168	0.11172510599465017	0.6273291781066366	-4.285134193768528	
AGRIN	-0.24652057055173776	-0.5569746644984177	0.06393352339494213	6.420069049381579	1.5803959919559851	0.11798769254250967	0.6273291781066366	-4.310869094245127	
LEG1	-0.3539192557805037	-0.803182409112194	0.09534389755118661	6.06404571281579	1.567882589918568	0.12088124958675993	0.6273291781066366	-4.322258202692501	
ITAM	-0.2699239312554957	-0.6161408793791685	0.07629301686817708	6.673422912592105	1.5516837547877846	0.12471072405239127	0.6273291781066366	-4.33687847604968	
CD109	0.2681066702123164	-0.07710833688594054	0.6133216773105733	6.5483171431315785	-1.5457102916605527	0.1261469722371823	0.6273291781066366	-4.342234695678657	
IGLL5	0.26037865406771066	-0.07609531457742591	0.5968526227128472	6.796582702960526	-1.5401536654562809	0.12749475211954658	0.6273291781066366	-4.347200128268713	
TIMP1	0.36330477652075316	-0.10771353770277697	0.8343230907442833	6.4891123959736845	-1.5351239969907167	0.12872453492604635	0.6273291781066366	-4.351680508699855	
ALBU	0.24743470891620428	-0.07460090520427037	0.5694703230366789	6.807651363657895	-1.529209064396531	0.13018276645115662	0.6273291781066366	-4.356932242645876	
THRB	0.4273690660091625	-0.12910413179298835	0.9838422638113133	6.475556622815789	-1.5285124437250923	0.13035536354558927	0.6273291781066366	-4.357549529553815	
PCOC1	0.22702341442168128	-0.07098066442095147	0.525027493264314	6.631308046210527	-1.5162073213745688	0.13343403968475687	0.6273291781066366	-4.368410642214118	
GANAB	-0.1935481382495838	-0.44860308506473023	0.06150680856556265	6.704258095407894	1.5103075508751063	0.13493032654798318	0.6273291781066366	-4.373589406849957	
PXDC2	0.2376517316061989	-0.07975809711363047	0.5550615603260283	6.375131116881579	-1.490152648316084	0.14014180666107331	0.6273291781066366	-4.391140748289371	
IGJ	0.4350022866504909	-0.14626268873182446	1.0162672620328062	6.297157972842105	-1.4894554969462934	0.14032485481387974	0.6273291781066366	-4.39174394975257	
ITA1	-0.20955301718352126	-0.49228635643002266	0.07318032206298014	6.239886696486842	1.475118950840928	0.14413083686246145	0.6273291781066366	-4.404090629551109	
COEA1	-0.28408223934642873	-0.6700326127189822	0.10186813402612471	6.215711233710526	1.464949871389228	0.14687900486573052	0.6273291781066366	-4.4127813127893045	
QSOX1	0.2545283070414899	-0.09275487129780052	0.6018114853807803	6.552970230539474	-1.458688261233336	0.14859139583085254	0.6273291781066366	-4.418104910713105	
KV315	0.29419364016812005	-0.10727250289128137	0.6956597832275215	6.57249318893421	-1.4584599272900864	0.14865413168854433	0.6273291781066366	-4.418298640210856	
CO4B	0.354103873201148	-0.1293590885539151	0.8375668349562111	6.70294102681579	-1.4577317583765224	0.14885433729005348	0.6273291781066366	-4.41891626604399	
LYSC	0.4171554041102506	-0.152520956358624	0.9868317645791251	6.342108251355263	-1.4574035483735575	0.14894464517998404	0.6273291781066366	-4.419194557157703	
CCN2	0.2487771972025733	-0.09147296291111862	0.5890273573162652	6.4992199185263155	-1.4551989712073763	0.14955234562815337	0.6273291781066366	-4.421062325532757	
TSP1	0.28957256433490386	-0.10910373139813023	0.688248860067938	6.520688408960527	-1.4455966872539023	0.1522217594110613	0.6273291781066366	-4.429167022875635	
SAP	-0.32012540239240783	-0.7624412961501685	0.12219049136535282	6.379244217802632	1.440448510532941	0.15366808219923137	0.6273291781066366	-4.433491782794701	
C1R	0.23911904299921302	-0.0917802940376414	0.5700183800360674	6.836354970776315	-1.4382302319952212	0.15429455513302387	0.6273291781066366	-4.435350847272987	
ANT3	0.21027222759784034	-0.08805715945471129	0.508601614650392	6.822247845289474	-1.402800869552337	0.16457028839627544	0.6507753618890523	-4.464681825464494	
ECM2	0.2850825428848806	-0.11992026996527255	0.6900853557350337	6.324161343118421	-1.4009503081816892	0.16512111459943118	0.6507753618890523	-4.466195135025257	
KLKB1	0.37060017777417814	-0.15748023667581518	0.8986805922241714	6.596476290618421	-1.3967404459630697	0.16637946145383536	0.6507753618890523	-4.469630842436488	
HV118	0.28640998451615085	-0.12529581551390545	0.6981157845462072	6.901390030539473	-1.3845585159005493	0.17006208815516208	0.6525389751887959	-4.479518285579588	
PA2GA	0.33257412627111455	-0.14865226507063456	0.8138005176128636	6.061872012039474	-1.3754638115898745	0.172851786152382	0.6525389751887959	-4.486847259459887	
FETUA	0.5883334500387367	-0.26588551162493423	1.4425524117024078	5.912339102342106	-1.370769650185926	0.1743052425510786	0.6525389751887959	-4.490612392715549	
IBP7	0.3414990343723067	-0.16027781308476935	0.8432758818293828	5.827441221526316	-1.3545311847115076	0.17940493365997612	0.6525389751887959	-4.5035442023366326	
PON1	0.4590010976591819	-0.21587347674929874	1.1338756720676626	6.2312842280526315	-1.3536325970970238	0.17969040168245642	0.6525389751887959	-4.504255597459041	
CERU	0.3401903806974098	-0.1612988031410202	0.8416795645358398	6.689835320631579	-1.3501145117642641	0.18081135603828066	0.6525389751887959	-4.50703654580872	
MIME	-0.41964842951346615	-1.0416217690269676	0.20232491000003527	5.877969577368421	1.342839103612734	0.183146264139411	0.6525389751887959	-4.512766039762765	
HV439	0.22615319439483245	-0.1094828181380284	0.5617892069276933	6.795280579513158	-1.3410479921673453	0.18372456582985514	0.6525389751887959	-4.514172115534492	
ANGI	0.2717527485687807	-0.13497743784802818	0.6784829349855895	6.1842467552894735	-1.3297735374119213	0.18739646050702055	0.6580171170076062	-4.52298247774508	
PGS1	-0.3179874970780384	-0.8067299777489867	0.1707549835929098	6.123983207789474	1.2949115427747995	0.1990995793056347	0.6902169416823768	-4.549782853718386	
VTNC	0.2039724164571177	-0.11158787633425574	0.5195327092484912	6.649105647921052	-1.286468738747049	0.2020140174233895	0.6902169416823768	-4.556172503413431	
CD5L	0.35244474756773064	-0.20038678457429188	0.9052762797097531	6.4353760422763155	-1.2688444465607214	0.20819978192262042	0.6902169416823768	-4.569383821731622	
IGHA1	0.3133353239940229	-0.17952248133312748	0.8061931293211733	6.663707718342105	-1.265312696371027	0.20945601074818404	0.6902169416823768	-4.572010563899486	
LEG3	-0.2829814393240668	-0.7295446801164651	0.16358180146833157	6.315706663881579	1.2612033827690345	0.2109247062770035	0.6902169416823768	-4.575058165582456	
LAMC1	-0.1988719856469603	-0.5138669631079573	0.11612299181403679	6.180886634710526	1.2565510214582643	0.21259663506852222	0.6902169416823768	-4.578497203873154	
HRG	0.24725644541670017	-0.14608250015340107	0.6405953909868014	6.935440102631579	-1.251096528147193	0.2145692233301442	0.6902169416823768	-4.582513881021624	
OLFL3	-0.22965738898191707	-0.5977337269957155	0.13841894903188134	6.398091630657895	1.241802901056555	0.21796112794773587	0.6902169416823768	-4.589319616482453	
APOA1	0.3941592138620147	-0.23840018609205493	1.0267186138160844	6.255965868657895	-1.2401679852405796	0.21856186505741826	0.6902169416823768	-4.5905119009755	
HS90A	0.1958099656407184	-0.1207975722940936	0.5124175035755304	6.616686938407895	-1.230902595147413	0.22198926856383866	0.6902169416823768	-4.597240713437756	
HPTR	0.33775638475716363	-0.20945351381508515	0.8849662833294124	6.3919764141973685	-1.2284564622904677	0.22290063986657707	0.6902169416823768	-4.599009195632259	
PODN	-0.19623488449916202	-0.514690074849962	0.12222030585163798	6.413093633447368	1.226416624927889	0.22366271898937748	0.6902169416823768	-4.600481389214665	
SERPH	-0.2139565208324649	-0.5626423891982258	0.13472934753329602	6.342214539618421	1.221240862510199	0.2256048903233659	0.6902169416823768	-4.6042064387893245	
FCGBP	0.2130262618186804	-0.13806820532765324	0.5641207289650141	6.341751781276316	-1.2075894426769767	0.23078628446488328	0.6991466852906758	-4.613959818887999	
GDN	0.23909772514785863	-0.1586348282778727	0.63683027857359	6.5284823475526315	-1.1964497199829354	0.23507779159742898	0.7036470559874323	-4.621841565889935	
CD97	-0.14483601734290652	-0.38667564025528023	0.09700360556946716	6.526753715565789	1.1919533645219533	0.23682619360094806	0.7036470559874323	-4.625003236325123	
SMOC2	0.210844573973328	-0.14355004692148726	0.5652391948681432	6.297760100263158	-1.1840920200163805	0.2399055329014597	0.70600771111001	-4.630503849159158	
S10AA	-0.20225070988178295	-0.5462975162664468	0.14179609650288094	6.586256355934211	1.169991402472676	0.24550068031070135	0.7073980397460489	-4.640283325204242	
TR11B	0.2780244042644898	-0.19741638299453457	0.7534651915235142	6.38234588575	-1.1638489767765108	0.2479669467730137	0.7073980397460489	-4.644508516405534	
FBLN1	-0.18007758797742937	-0.49158374251741566	0.13142856656255694	6.5513133690526315	1.1505438623382214	0.2533695824362809	0.7073980397460489	-4.65358801100936	
CYTB	-0.2770937420316884	-0.760533047327161	0.20634556326378423	6.492386512855263	1.1407616354259158	0.2573946524592763	0.7073980397460489	-4.660199937009677	
COBA1	-0.3500059122118389	-0.9610319083696133	0.2610200839459354	6.156041979921053	1.140055093657183	0.25768711245039977	0.7073980397460489	-4.660675410582965	
CO5	0.17962477692025172	-0.1366662007423798	0.4959157545828833	6.751611847447369	-1.130289217874563	0.2617535894632512	0.7073980397460489	-4.6672186238602364	
IGHG1	0.19333937076861477	-0.14893666266759228	0.5356154042048218	6.969781487236842	-1.1242268595777283	0.26430055441229955	0.7073980397460489	-4.671253393357711	
THSD4	-0.2781562686201177	-0.7727045123832197	0.21639197514298425	5.940336017092105	1.1194129699254345	0.26633536783968864	0.7073980397460489	-4.674442475318782	
HSP7C	-0.13744666210993345	-0.38345991486960446	0.10856659064973756	6.531733084526316	1.1119514894000708	0.26951097253161416	0.7073980397460489	-4.679359652408183	
THIO	-0.18218157926200654	-0.5083608846295775	0.14399772610556447	6.430706984552631	1.1116247447784868	0.26965063751381063	0.7073980397460489	-4.679574260742864	
EMIL1	-0.11690162312855794	-0.32659318574818863	0.09278993949107274	6.432720577907895	1.1095572915520968	0.27053553062764185	0.7073980397460489	-4.680930780419476	
CRLF1	0.1884062983055657	-0.14968093321749631	0.5264935298286277	6.307123853671053	-1.109115550400509	0.27072486349141	0.7073980397460489	-4.681220307024413	
CAD13	-0.29442487879295237	-0.8241172152752112	0.2352674576893064	6.027953317592106	1.1062695583716406	0.2719468910784076	0.7073980397460489	-4.683082985297562	
APOA	-0.31185031070481367	-0.8761504495776473	0.25244982816802003	6.134248902210526	1.0998821921570532	0.2747035275020237	0.7073980397460489	-4.687246780654238	
C1QB	0.1976686274103618	-0.16002782299257798	0.5553650778133016	6.628869484776316	-1.0998495026861856	0.2747176853382714	0.7073980397460489	-4.687268030873663	
IBP3	0.23789743917233305	-0.19532929410455205	0.6711241724492182	6.456375172039474	-1.0929106696657809	0.27773439683184525	0.7092556084383487	-4.691765014315919	
TENX	-0.1813114063857591	-0.5165039145480569	0.1538811017765387	6.302728632473684	1.0765667689509235	0.28493061840530015	0.7216685335019487	-4.702249485637524	
ZPI	0.19313807943142638	-0.17056632830990145	0.5568424871727542	6.818228906973684	-1.0568892749002214	0.2937637904054962	0.737991961262588	-4.714671230983971	
MGP	0.3982049803283783	-0.3570836016967898	1.1534935623535465	5.765909102710526	-1.0493102487831425	0.2972154103797551	0.7406416274785832	-4.719396882385443	
TSP2	0.24840229119562238	-0.22763330066517098	0.7244378830564158	6.386438539197369	-1.0385473910014935	0.3021643053694345	0.7418187491270414	-4.726051498138196	
VWA1	-0.20947366352154406	-0.6133364906386718	0.19438916359558372	6.43987853231579	1.0322994448214935	0.30506267848102225	0.7418187491270414	-4.729884279462644	
CFAB	0.154450541527466	-0.14399893321357776	0.4529000162685098	6.750429398868421	-1.0299799321183725	0.30614345128859694	0.7418187491270414	-4.731301509190348	
LOXL1	-0.1760100156358981	-0.5169324360804745	0.16491240480867822	6.293701515407895	1.0275239774890703	0.30729061452511747	0.7418187491270414	-4.732798759183466	
GELS	-0.16478506907468543	-0.48824931954831813	0.15867918139894727	6.148821555539474	1.0139153917986166	0.3136996182486392	0.7510467292310017	-4.741032692675625	
HORN	-0.20534823014301298	-0.6124544770190249	0.2017580167329989	6.493123783342106	1.0039066804834682	0.3184700537244082	0.7510467292310017	-4.74702095677835	
ITIH2	0.25053404531717127	-0.2482247411888835	0.749292831823226	6.588922543486842	-0.9997383176840697	0.3204710207207086	0.7510467292310017	-4.7494980054558615	
HPT	0.24561748439962355	-0.24372422161447038	0.7349591904137175	6.708218377473684	-0.9989809209654321	0.3208354959821755	0.7510467292310017	-4.749947020518264	
ITB1	-0.1444175638740681	-0.43663650198785997	0.1478013742397238	6.240328010605263	0.9836074356541026	0.3282931772137737	0.7627262538274893	-4.758990010229552	
IGKC	0.17176950598032203	-0.18540032919022925	0.5289393411508734	6.800277999947368	-0.9571531652702158	0.34139222490968946	0.785683292840561	-4.774233541686588	
CO4A2	0.20262140450699706	-0.22213668829448702	0.6273794973084812	6.11865954093421	-0.9494100091352465	0.3452899517171193	0.785683292840561	-4.778619233649995	
LAMB2	-0.14850967221734374	-0.4601653401540966	0.16314599571940913	6.143863196697368	0.9483963121888808	0.34580235542497184	0.785683292840561	-4.779190833794695	
HMCN1	-0.16017967051985832	-0.5014621061679169	0.18110276512820023	6.185091394921052	0.9341220098622239	0.35307011048143877	0.7963406141515662	-4.787176953687696	
FBLN5	0.1539480190917993	-0.17968938622233485	0.48758542440593344	6.324234241276316	-0.9183527200099113	0.3612126279156782	0.8088021885938013	-4.7958629432096105	
SULF1	0.16049346575608553	-0.19009287516086304	0.5110798066730341	6.491914981013158	-0.9111135604056968	0.36499046134412705	0.8113816730599659	-4.799802331813868	
CRIP2	0.14971956528680025	-0.18721248371422272	0.4866516142878232	6.0811098888157895	-0.8843952086137425	0.37915033998919867	0.8251773840456063	-4.814079637366242	
FA9	0.13670379970886445	-0.17256261246550966	0.4459702118832386	6.5573360351842105	-0.879747368791068	0.38164826929439255	0.8251773840456063	-4.816521085686939	
TRYB2	-0.19801638097347518	-0.646278947168013	0.2502461852210626	6.232567305894737	0.8791820092619258	0.38195281580480267	0.8251773840456063	-4.8168172077704465	
PPT1	0.1363793031438977	-0.17304393745251975	0.44580254374031514	6.51515672431579	-0.8772142610091294	0.38301398152459276	0.8251773840456063	-4.817846424059045	
SFRP3	0.1467475803427626	-0.18728101433738384	0.48077617502290904	6.462614992328947	-0.8743744312333733	0.38454868382707863	0.8251773840456063	-4.819327819911761	
CO5A2	-0.1594692441753633	-0.5260701963412932	0.20713170799056657	6.4475104345	0.8657519808008358	0.38923187018330463	0.8294665371492492	-4.823797065343023	
PROS	0.16670193198548064	-0.2227024874006259	0.5561063513715871	6.78735057656579	-0.8520202242894126	0.39676275157389607	0.8397239057283142	-4.830825542330243	
LTBP1	-0.1460357594598313	-0.49024976232994244	0.19817824341027981	6.253768122947369	0.8443856157865531	0.4009882756729114	0.8428937223328545	-4.834685878837295	
B2MG	0.17955371926949507	-0.24625070485192815	0.6053581433909183	6.233934676328947	-0.8392558606978725	0.40384284830198613	0.8431583792250926	-4.837260640651167	
NID1	-0.14474129062807733	-0.4905556997935327	0.20107311853737803	6.048174293618421	0.8330278138634145	0.4073252037731948	0.8447213957444106	-4.840366095112001	
APOC4	-0.1730763852794157	-0.5903363372283001	0.24418356666946878	6.63695823043421	0.825545965400017	0.41153264990110705	0.8459201293078745	-4.844066880945627	
TAGL2	0.13290320740025874	-0.18877880362066557	0.45458521842118305	6.423840458697368	-0.8222783079995439	0.4133784450663076	0.8459201293078745	-4.845672954454056	
VINC	-0.13542862476017986	-0.46825533973608585	0.19739809021572613	6.09843976425	0.8098459907347715	0.4204465856282005	0.8526281313698157	-4.85172665740723	
LUM	-0.20286952581737405	-0.7037433810659429	0.2980043294311948	6.225454476447369	0.8061179613042297	0.42258009651649087	0.8526281313698157	-4.853524397987028	
ANXA2	-0.1448346615760173	-0.5066361280070464	0.21696680485501182	6.413436569842105	0.7967321324536537	0.4279800408822362	0.8526281313698157	-4.858014557992537	
CPXM2	0.17624664465419707	-0.270641364892822	0.623134654201216	6.351281576355263	-0.7849324833214871	0.43482647782538963	0.8526281313698157	-4.863586520604964	
CBPB2	0.17288973593410834	-0.26990802431340544	0.6156874961816221	6.756809259105263	-0.7770946913826704	0.4394095540001184	0.8526281313698157	-4.867242677152222	
SODE	0.19709489183441428	-0.3152717126742929	0.7094614963431215	5.969151152381579	-0.7656048926612944	0.44617893570710054	0.8526281313698157	-4.872537488173533	
VTDB	0.1265947410403001	-0.20325610151231127	0.4564455835929115	6.764783152973684	-0.763850229795361	0.4472180214020537	0.8526281313698157	-4.873339286034108	
ITIH4	0.12712706481812358	-0.20706663888095844	0.4613207685172056	6.792910725605263	-0.7570941720723269	0.45123192954483815	0.8526281313698157	-4.876409654950132	
HV330	0.13529553250697693	-0.2228619467162298	0.49345301173018363	6.7841695384342104	-0.7518298736252985	0.45437390193999705	0.8526281313698157	-4.878783548320805	
CO5A1	-0.14879811612413316	-0.5487559501513559	0.25115971790308955	6.38492502981579	0.7404459664428945	0.46121112327462455	0.8526281313698157	-4.883861503192434	
PRG4	-0.13027992851457496	-0.48464725978844314	0.2240874027592932	6.724690701078948	0.7317015588837308	0.4665025958411263	0.8526281313698157	-4.887710468288421	
CO1A2	-0.19528318875417033	-0.728326574382034	0.33776019687369335	6.209226194447369	0.7291425553697162	0.4680575864110328	0.8526281313698157	-4.888828361592837	
FIBB	-0.29191197818898607	-1.090409163661739	0.5065852072837669	6.4910725445	0.727593269386868	0.46900043727736584	0.8526281313698157	-4.88950329489134	
ANXA6	-0.09853313496478126	-0.3698467405098435	0.17278047058028095	6.441739010828948	0.7228045445496238	0.47192147577630295	0.8526281313698157	-4.891580553565592	
APOD	0.16143061718208043	-0.28333809721268566	0.6061993315768466	6.644742990013158	-0.7223735288179398	0.47218488810019277	0.8526281313698157	-4.89176685959688	
APOA2	0.15270254692843852	-0.2693280542674349	0.574733148124312	6.712526249447368	-0.7201326218610747	0.47355573236032245	0.8526281313698157	-4.892733730817473	
HPLN3	0.18685190399069498	-0.33144846743570067	0.7051522754170906	5.617087254052632	-0.7175070194469234	0.47516474226537797	0.8526281313698157	-4.893862832009692	
PRDX1	-0.12270935621935414	-0.4635957790992329	0.2181770666605246	6.317956814802631	0.7164371872439838	0.47582122761357704	0.8526281313698157	-4.894321736211373	
CO2A1	-0.22779188566074304	-0.8615216164235752	0.4059378451020891	6.012022292776316	0.715392387117822	0.4764628412282035	0.8526281313698157	-4.89476925391178	
SBSPO	-0.1757129780720118	-0.6647380592129029	0.3133121030688792	6.216207226289473	0.7151264679937672	0.4766262197065051	0.8526281313698157	-4.894883052267851	
EMIL2	-0.11587712842422569	-0.4388047871967039	0.2070505303482525	6.464935554802632	0.7141716840529979	0.477213088540002	0.8526281313698157	-4.895291303425762	
CO1A1	-0.20186634581039395	-0.7646197289538865	0.36088703733309857	6.266480079355263	0.7139305289513779	0.4773613809934567	0.8526281313698157	-4.895394332963902	
FBLN2	-0.11177914728223805	-0.42716327423437567	0.2036049796698996	6.444144121315789	0.7053929373718577	0.4826278884125489	0.8527634722858539	-4.8990198529871565	
SOST	0.2201440460989617	-0.4014590786810554	0.8417471708789788	5.442256656473684	-0.7048616820140596	0.4829566590615677	0.8527634722858539	-4.899244036407619	
KV320	0.1283887026069751	-0.24012118755741835	0.49689859277136855	6.65796861925	-0.6934063409932489	0.4900759327108337	0.8581132768826673	-4.904037672490455	
CTHR1	0.10669899069593787	-0.2005950292147084	0.4139930106065841	6.4943052475526315	-0.691060944165015	0.49154061491337253	0.8581132768826673	-4.905009611810665	
DERM	0.12921454293194398	-0.25190366758950544	0.5103327534533935	6.348452371789474	-0.674779440290493	0.5017739823544625	0.8710570817276904	-4.9116674287325015	
APOC2	-0.17788956123397437	-0.7097043915699579	0.35392526910200917	6.521289707328948	0.6657331246817182	0.5075091203849318	0.8760911631225917	-4.9152991387815455	
FIBG	-0.26188516363684305	-1.0534455027209115	0.5296751754472253	6.5329770991710525	0.6584715509740493	0.5121380295852016	0.8773079951073252	-4.918179436692284	
GRP75	0.08666369217656196	-0.17637718396571145	0.34970456831883534	6.622306261842105	-0.655728548185959	0.5138923854835789	0.8773079951073252	-4.919259352154348	
CO4A	0.10841772248857255	-0.23351180493375268	0.4503472499108978	6.859287735223684	-0.6310646024477061	0.5298088107964598	0.8951348027697189	-4.928769959784036	
C1S	0.12607666746417442	-0.2731884915896927	0.5253418265180415	6.834524261763158	-0.6284684107496222	0.5314989492630615	0.8951348027697189	-4.929750164891678	
FHR5	0.1191759011052978	-0.26578496100046817	0.5041367632110638	6.686110987828948	-0.616143700764243	0.5395602378275977	0.8951348027697189	-4.934349048947571	
TETN	0.11522670924727775	-0.26005353144474747	0.49050694993930294	6.533591136210526	-0.6110934197052155	0.5428814319337784	0.8951348027697189	-4.936207572323574	
S10AC	-0.2745990366755877	-1.173397847201302	0.6241997738501267	6.022319566210526	0.6080603245806742	0.5448810491330484	0.8951348027697189	-4.93731650787646	
FIBA	-0.23048375481674988	-0.9851044148127557	0.5241369051792559	6.5562676182763155	0.607885488427734	0.5449964262249821	0.8951348027697189	-4.937380264043781	
ASPN	-0.16982636322622835	-0.7276178730621767	0.38796514660972004	6.103868045236842	0.6059591622651666	0.5462684565742693	0.8951348027697189	-4.938081524605712	
A1AT	0.09714112578742337	-0.22297996514656956	0.4172622167214163	6.8526354002763155	-0.6039472257799213	0.547598617563767	0.8951348027697189	-4.938811605112095	
CO3	0.09411561834495481	-0.21822743841218156	0.40645867510209116	6.886171623907895	-0.5997082044437697	0.5504065130299243	0.8951348027697189	-4.940341992199097	
ELNE	-0.18491801859553877	-0.8209127995869308	0.45107676239585315	6.612192456078947	0.5786764734425212	0.5644436856550767	0.9079849326910616	-4.947777485940166	
CO8A1	0.1338276918045895	-0.3281314964322978	0.5957868800414768	6.300920888513158	-0.5765706414232128	0.5658587913612665	0.9079849326910616	-4.948507532107816	
PGS2	-0.1930665131083054	-0.8616915045181631	0.4755584783015524	6.131133413697368	0.5746911303246239	0.5671232751112456	0.9079849326910616	-4.949156896175906	
HS90B	0.10202177075466713	-0.2592992820891809	0.46334282359851514	6.572662839026316	-0.5619656066596451	0.5757207593372682	0.9139825986443769	-4.953498376369719	
SCUB3	-0.12702072200433462	-0.5803710681205352	0.326329624111866	5.977107743960526	0.557635959847046	0.5786601464399872	0.9139825986443769	-4.954953576131177	
CLUS	-0.07812497801487284	-0.36282775141235185	0.20657779538260618	6.601748446802632	0.54614549670193	0.586495641795112	0.9139825986443769	-4.958761552898349	
FMOD	-0.13990793067430768	-0.6512475307328609	0.3714316693842456	5.902208570381579	0.544556633015441	0.5875830409548302	0.9139825986443769	-4.959281934069528	
CO8A2	-0.1330774136040945	-0.6199330485465033	0.35377822133831427	6.215376111394737	0.5440192875075998	0.5879510087114124	0.9139825986443769	-4.959457584808641	
CO3A1	-0.1762714266763257	-0.8417115935368407	0.4891687401841893	5.955349078881579	0.5272092898457941	0.5995167158035064	0.9139825986443769	-4.964865856834119	
TARSH	-0.1088344760155912	-0.5229218938939774	0.305252941862795	5.9780114739342105	0.5230998587360556	0.6023600026667413	0.9139825986443769	-4.966162417780362	
CO4A1	0.1192901120647042	-0.33905318383326377	0.5776334079626722	6.099519666289473	-0.5179927840766338	0.6059021530262053	0.9139825986443769	-4.967759739901019	
PROP	-0.09388381511640684	-0.45688191822057866	0.26911428798776493	6.503374356671053	0.5147501959215566	0.6081560570596226	0.9139825986443769	-4.968765856017247	
ITA8	0.09772616072506467	-0.2884421883905101	0.4838945098406395	5.9545086996447365	-0.503667941077107	0.6158878477156462	0.9139825986443769	-4.972157219145509	
MMP2	0.0923251135436374	-0.2726413332202091	0.45729156030748397	6.479222113855263	-0.5034740112631954	0.6160235382898703	0.9139825986443769	-4.972215913890223	
HSPB1	-0.10153857834591815	-0.5044481750696636	0.3013710183778273	5.920559378486842	0.5015723801197396	0.6173547967666608	0.9139825986443769	-4.972790274169216	
AMPN	-0.07810924599075464	-0.388521873524368	0.23230338154285873	6.62000893125	0.5008102537017308	0.617888692160016	0.9139825986443769	-4.973019858788862	
ITB2	0.09182375052999461	-0.2731055186218102	0.4567530196817995	6.574859526881579	-0.5007909555712505	0.6179022138263063	0.9139825986443769	-4.973025667707787	
SPP24	0.14043038887727252	-0.4183756617386424	0.6992364394931875	6.340750298802631	-0.5001613691997441	0.618343419910532	0.9139825986443769	-4.9732150574408225	
PLMN	0.10987037755745428	-0.3308800147835879	0.5506207698984965	6.9633306325	-0.49613293277776094	0.621169811097868	0.9139825986443769	-4.974421286103293	
TRFL	-0.17451935619717493	-0.887299636364665	0.5382609239703151	6.422225830947369	0.48730186428088584	0.6273857008293038	0.9139825986443769	-4.9770317210982515	
CATF	0.08184889446406474	-0.25799634077829436	0.42169412970642384	6.305846539407895	-0.4793379112421462	0.6330144760546796	0.9139825986443769	-4.97934597009956	
MARCO	0.08523240584968161	-0.2691245868203364	0.43958939851969964	6.503643928342105	-0.4787115288622391	0.6334581172199818	0.9139825986443769	-4.979526386467007	
GRN	0.10756571037042113	-0.3413919551726601	0.5565233759135023	6.553764285263158	-0.47684650643966797	0.6347798316736117	0.9139825986443769	-4.980062181546722	
COGA1	0.11814584792330811	-0.37832703732077405	0.6146187331673902	5.976999650342105	-0.473623317613221	0.6370668562264767	0.9139825986443769	-4.980983267621069	
IGHG4	0.09832136819143643	-0.31718520343183804	0.5138279398147109	6.500270927184211	-0.4709558143958162	0.6389622610597541	0.9139825986443769	-4.981740869066887	
POSTN	-0.12772856782113523	-0.6686520301951424	0.413194894552872	6.303939435855263	0.4699615960083234	0.6396693228544938	0.9139825986443769	-4.982022152407758	
S10A4	-0.08463412852029815	-0.4454156768706781	0.2761474198300818	6.251232596592105	0.46688654158335313	0.6418583297923295	0.9139825986443769	-4.982888410536444	
CATB	0.08212328946724556	-0.2826898808241086	0.44693645975859975	6.509948432881579	-0.4480288441685932	0.6553512076919435	0.9222747597729523	-4.988077270590753	
TENA	-0.10496673289555876	-0.5750178222667723	0.3650843564756548	6.46425552731579	0.44444370881096595	0.6579296083920769	0.9222747597729523	-4.989039726975995	
FHR2	0.08421557663352695	-0.2983967576920471	0.46682791095910103	6.878519707789474	-0.4380700950401011	0.6625236980810494	0.9222747597729523	-4.990731809946922	
ITIH5	-0.07585100779995409	-0.43033120053271545	0.2786291849328073	6.343830407210526	0.425872433115684	0.6713517999811979	0.9222747597729523	-4.993902382628409	
A2AP	-0.1327936876481265	-0.7583662968541277	0.4927789215578747	6.888881226697368	0.42248359806409164	0.673812773264434	0.9222747597729523	-4.994767462467726	
AACT	0.05830823758213458	-0.2218913611954	0.3385078363596692	6.799040704026316	-0.41416419629611784	0.6798693852677271	0.9222747597729523	-4.996862057296733	
PGCA	0.10465956590943828	-0.39905078006513217	0.6083699118840087	5.350282131513158	-0.4135311266134417	0.6803311358690791	0.9222747597729523	-4.997019751571554	
MFAP4	-0.09277239157456356	-0.5475128631464047	0.36196807999727754	6.0373210191052635	0.40603670164805417	0.68580668654401	0.9222747597729523	-4.998868350289081	
LTBP4	-0.06958600512419802	-0.4151166248093421	0.275944614560946	6.295142650789473	0.40081642703817566	0.6896306845401815	0.9222747597729523	-5.000136139077032	
MEGF6	0.10788665822384673	-0.4291984449454625	0.6449717613931559	5.867213237921052	-0.3997926273684628	0.6903815987268532	0.9222747597729523	-5.000382864451263	
FBN1	-0.07281710495362599	-0.4353783845916422	0.28974417468439023	6.333144504197368	0.3997257573145397	0.6904306559266243	0.9222747597729523	-5.000398957628899	
COIA1	0.08024268523159354	-0.32099269883224285	0.48147806929542997	5.814229499842106	-0.39803052053563387	0.6916747574158368	0.9222747597729523	-5.000806045024564	
CFAH	0.06098871449902945	-0.24733842188544322	0.3693158508835021	6.790482481078947	-0.39368410163243084	0.6948683801381357	0.9222747597729523	-5.0018419159876535	
C1QC	0.05713766500214769	-0.23293545550068767	0.347210785504983	6.5407597799473685	-0.39203527672372274	0.696081337838198	0.9222747597729523	-5.002231916836515	
MSRE	0.075273352893404	-0.30695400751765145	0.4575007133044595	6.525403397934211	-0.39194906841899335	0.6961447787889288	0.9222747597729523	-5.002252263128042	
S10A9	-0.1529629225944716	-0.9298842938322195	0.6239584486432762	6.073585468407895	0.39184945901146756	0.6962180843492655	0.9222747597729523	-5.00227576671386	
IGHG2	0.07180464830066054	-0.29643855443399497	0.440047851035316	6.817062937842105	-0.3880859918028285	0.6989898461469598	0.9222747597729523	-5.003159431727152	
COFA1	-0.07480464410723715	-0.465308789577482	0.31569950136300773	6.231950384644737	0.3812528151175289	0.7040328657795634	0.9222747597729523	-5.004742182455415	
SDF1	-0.07156217664783257	-0.44819135265947807	0.3050669993638129	6.211236605657895	0.3781636039607125	0.706317141268116	0.9222747597729523	-5.005448547049783	
FA10	0.07225875669994622	-0.30948047466595474	0.45399798806584724	6.710505155105263	-0.37673314979157946	0.7073757866219731	0.9222747597729523	-5.005773691218531	
MXRA5	0.06637871823395906	-0.2900211294294285	0.42277856589734664	6.5878271691842105	-0.37068200111603017	0.7118604575381796	0.9235143197173494	-5.007135561175866	
YBOX1	0.07400322116543756	-0.33183808476224697	0.4798445270931221	6.361450723171052	-0.36291466980088327	0.7176319382427161	0.9235143197173494	-5.008851509647682	
EDIL3	0.06280961734912593	-0.28416865847348693	0.4097878931717388	6.187694347960527	-0.3602749027341584	0.7195971704261768	0.9235143197173494	-5.009426448893819	
ANXA1	-0.05246729931613191	-0.344896597697033	0.23996199906476917	6.445068982631579	0.3570902352455054	0.721970580455056	0.9235143197173494	-5.010114506208099	
LRP1	0.04950814274083485	-0.2277809803346739	0.3267972658163436	6.471035016473684	-0.3553480583426536	0.7232701144711927	0.9235143197173494	-5.010488335445005	
CATZ	0.07480162562476979	-0.35267383611101516	0.5022770873605548	6.520281553171053	-0.34826512988973735	0.7285617919723754	0.9237253509527289	-5.011989417472784	
SAA4	-0.07837408887098084	-0.5344195440013042	0.3776713662593425	6.4647032328684215	0.34203812709072806	0.7332249276066	0.9237253509527289	-5.01328424563046	
APOC1	0.059909744894491676	-0.2887838389939449	0.40860332878292827	6.617028394736842	-0.3419508288058634	0.7332903733828988	0.9237253509527289	-5.01330223287528	
COCA1	-0.06164469980885639	-0.4244675492897122	0.3011781496719994	6.389504469828947	0.3381514537813926	0.7361405964809349	0.9237253509527289	-5.014080639220339	
AMBP	0.05005904585590125	-0.25701577003842546	0.357133861750228	6.402558869644737	-0.3244505495056448	0.746449273835597	0.9237253509527289	-5.016815697729212	
FRIH	-0.07758506548944946	-0.556401878126614	0.40123174714771515	6.590131557789474	0.32249195598404545	0.7479267713097952	0.9237253509527289	-5.017197478696791	
PERM	-0.09408927477177577	-0.6769603604275285	0.488781810883977	6.875960318592106	0.32127560921570425	0.7488448181602843	0.9237253509527289	-5.017433417094563	
HPLN1	-0.06759224055681934	-0.5050138205538611	0.36982933944022245	5.507025433263158	0.30754366420275714	0.7592339864739657	0.9237253509527289	-5.020035410007285	
CATD	0.07912178742451244	-0.4340312743569394	0.5922748492059643	6.546977869907895	-0.30687344718338827	0.7597422048028021	0.9237253509527289	-5.020159507104317	
PRDX2	-0.06308187995399762	-0.47707055948224636	0.35090679957425114	6.509344272276316	0.3032678055401648	0.762478133092736	0.9237253509527289	-5.020822495344062	
FBLN3	-0.05604336724134801	-0.42646899159660534	0.3143822571139093	6.2377468273421055	0.3011156626502343	0.764112604572457	0.9237253509527289	-5.021214498863255	
MFAP5	0.0618592342291941	-0.35002722802915387	0.47374569648754206	5.940505800368421	-0.29890774497369405	0.7657905485234797	0.9237253509527289	-5.021613769539881	
LG3BP	0.06683213776270018	-0.4001462270935975	0.5338105026189979	6.09503654075	-0.28483853253302294	0.7765086817516239	0.9237253509527289	-5.024089177609126	
ITAV	-0.036552996538348294	-0.29402158360525205	0.22091559052855544	6.427681339802631	0.28255882911594293	0.7782495438963241	0.9237253509527289	-5.024479079173978	
ANX11	0.0768872509488676	-0.46523476598567826	0.6190092678834135	6.287659105421053	-0.28227176217934274	0.7784688389735442	0.9237253509527289	-5.02452795524404	
VWF	-0.05178939762795944	-0.41700523576950993	0.3134264405135911	6.581640653315789	0.2822288480994655	0.7785016232783497	0.9237253509527289	-5.024535257546689	
DEF1	-0.07737739408173228	-0.6425854609487984	0.4878306727853339	6.675514724421053	0.27246824502557465	0.7859685821625646	0.9237253509527289	-5.026167365907958	
LYOX	-0.058652098979311416	-0.4926727888798342	0.3753685909212114	6.373853358447368	0.2689572604577521	0.7886594745579935	0.9237253509527289	-5.026740441762256	
SLPI	-0.07204241384309407	-0.6110162795814591	0.46693145189527097	6.070952784381579	0.26603004947499687	0.7909049179065788	0.9237253509527289	-5.027212564885659	
MUC18	-0.04567738130457284	-0.3893309196416951	0.2979761570325494	6.354215174328948	0.26453949766014195	0.7920489910595938	0.9237253509527289	-5.0274509923027795	
LAMA5	-0.03626439240199953	-0.3156964569295296	0.24316767212553053	6.125882037171053	0.258293996826582	0.7968476615573552	0.9237253509527289	-5.0284354861685765	
ANXA5	-0.03373513314096611	-0.29737415943458123	0.22990389315264903	6.526083155276316	0.25467298354040113	0.7996334332493704	0.9237253509527289	-5.028995529335681	
CD59	0.04043655885919668	-0.2757395368946083	0.3566126546130016	6.482749265736842	-0.2545395690219805	0.7997361235684358	0.9237253509527289	-5.0290160131837895	
TINAL	0.06289023857674307	-0.4531657580935346	0.5789462352470207	5.8329984950789475	-0.2425473644480319	0.8089808312369621	0.9237253509527289	-5.030813492227453	
A1BG	-0.03194488617924299	-0.2956094067959497	0.23171963443746377	6.777433629026316	0.2411347481024886	0.8100716257757192	0.9237253509527289	-5.031019527785939	
MMP7	0.1017260281363961	-0.7467440709858739	0.9501961272586661	5.973662690407894	-0.23861936881029377	0.8120148817378972	0.9237253509527289	-5.031383432231214	
SAMP	0.04653865228257165	-0.35037994750456747	0.44345725206971076	6.226246648381579	-0.23335789488667105	0.8160834363436849	0.9237253509527289	-5.032132304610752	
MFGM	0.047489221409871024	-0.36246847024467976	0.45744691306442176	5.947332280447369	-0.23055054696879337	0.8182563582848554	0.9237253509527289	-5.032525060165874	
PGBM	-0.043215195280214724	-0.41963693131144764	0.3332065407510182	5.984912448986842	0.22849249144134756	0.8198502239530224	0.9237253509527289	-5.032809973600883	
C1QA	0.04040676750369446	-0.31641257162215186	0.39722610662954083	6.648505968315789	-0.22538025757438407	0.8222619393018891	0.9237253509527289	-5.033235981648141	
COLA1	0.04370220432906492	-0.3507797828652322	0.438184191523362	6.280675496592106	-0.22048868767746427	0.8260559403298062	0.9237253509527289	-5.033893761752295	
APOB	-0.055771711988883234	-0.5611547799106141	0.4496113559328477	6.492716516671052	0.21963595416997894	0.826717764316885	0.9237253509527289	-5.034006955921566	
AEBP1	-0.04947995282083201	-0.5046440016788725	0.40568409603720845	6.165409245671053	0.21635725936268976	0.8292635910526912	0.9237253509527289	-5.034438100255948	
ITIH1	0.029369210186096856	-0.24148596311957374	0.30022438349176744	6.392373894263158	-0.2158068765266092	0.8296911298571927	0.9237253509527289	-5.0345098403526025	
APOC3	0.053297753218746684	-0.44016529138386556	0.5467607978213589	6.528819280881579	-0.2149633464132325	0.8303464859219566	0.9237253509527289	-5.034619436912715	
APOE	0.035767736535111304	-0.30247461633458794	0.3740100894048105	6.571067077263158	-0.21046196350988594	0.8338457261650081	0.9237253509527289	-5.035197038890482	
LTBP2	0.035244157851047946	-0.2984496266545685	0.3689379423566644	6.221182683513158	-0.21020796453508664	0.834043278044697	0.9237253509527289	-5.03522926742602	
ALS	0.04455759786947788	-0.39517980374388706	0.4842949994828428	6.687812456460526	-0.20166870544213958	0.8406909613479747	0.9259803611666688	-5.036290152688671	
LV310	-0.04200696972397953	-0.46809443639114195	0.38408049694318286	6.8322227947105265	0.19621524218694142	0.8449424967955633	0.9259803611666688	-5.036944685831871	
IC1	0.03559478774407399	-0.3257520075749773	0.39694158306312527	6.727987702710526	-0.19605248288051313	0.8450694558220084	0.9259803611666688	-5.036963945101051	
FGL2	-0.03608676783160964	-0.4213881252121569	0.34921458954893764	6.247856477868421	0.18640501535973564	0.8526020925694531	0.9300054174142203	-5.038077014621765	
FRIL	-0.05705497614960593	-0.686406517184726	0.5722965648855141	6.545545107184211	0.18043067541906277	0.8572737156294792	0.9300054174142203	-5.03873817960753	
FHR3	0.04878317274694257	-0.5153985540911437	0.6129648995850288	6.410236562486842	-0.1720921947360348	0.8638024639942092	0.9300054174142203	-5.039625013389519	
HTRA1	-0.03778841668168488	-0.4764953465562453	0.4009185131928756	6.122504385026316	0.1714329693654363	0.8643190257820711	0.9300054174142203	-5.039693337283529	
FINC	-0.020753807641590766	-0.26190646814521135	0.22039885286202981	6.522304738723684	0.17128363701943072	0.8644360491918626	0.9300054174142203	-5.039708778099344	
APOL1	0.03968171871657882	-0.4296753035842747	0.5090387410174323	6.5748010825	-0.16826636037219828	0.8668011657452926	0.9300054174142203	-5.040017881791793	
CADH1	0.027903508435047415	-0.3265702562745858	0.3823772731446806	6.374217662986842	-0.15666964575207826	0.8759024728067705	0.9351687918787163	-5.041154819087466	
MMP12	0.0491803177140285	-0.5930208685893504	0.6913815040174075	6.295636936473684	-0.15241593450067528	0.8792451244653829	0.9351687918787163	-5.041551526160426	
IPSP	-0.02442934746584534	-0.3512428095709207	0.30238411463923	6.7067686213552635	0.14877229945407014	0.8821101132282394	0.9351687918787163	-5.041882661334003	
PLOD1	0.0220955859635941	-0.283829711399856	0.32802088332704427	6.601808028289474	-0.14374749297056255	0.8860636884216286	0.9351687918787163	-5.042326185085964	
S10A8	-0.05587738465390657	-0.8437882577261857	0.7320334884183726	6.011195798960526	0.14114617831042425	0.8881115748771439	0.9351687918787163	-5.042549813226528	
TRFE	0.018027877285439822	-0.24003350090028014	0.27608925547115976	6.78867543768421	-0.13903742870334748	0.889772248583633	0.9351687918787163	-5.042728101839377	
ECM1	0.02100270687860253	-0.3002805261506981	0.3422859399079031	6.7984476655657895	-0.1301060094170767	0.8968112607007626	0.9377277239802173	-5.043453491941872	
TIMP3	0.02890857094407615	-0.4198545198597743	0.47767166174792663	6.377783119921053	-0.12820933263595452	0.8983071512421219	0.9377277239802173	-5.043601342162201	
CEMIP	0.027226027210423817	-0.41915034434207	0.47360239876291765	6.370299868789473	-0.12139288229858818	0.9036862214520827	0.9377277239802173	-5.044114786725766	
ITIH3	-0.015115954994435816	-0.26466264630446146	0.23443073631558983	6.642270918973685	0.12055741322021739	0.904345830893543	0.9377277239802173	-5.044175789654616	
IGHG3	0.023985087258150323	-0.40777614837475185	0.45574632289105255	6.665075246421052	-0.11056248758218284	0.9122419892213416	0.9424127686388362	-5.0448729307615885	
CLC11	0.021563792059191126	-0.3790865437069958	0.42221412782537804	6.314472139605263	-0.10711980436766771	0.9149638530474137	0.9424127686388362	-5.045099101115127	
S10A6	-0.01431401751698214	-0.35159143652269337	0.3229634014887291	6.394327152921052	0.08446648566684435	0.9328979322614239	0.9576925616902989	-5.046408980455269	
CCL18	-0.021395406223961255	-0.5544490023745503	0.5116581899266277	6.406312317105263	0.07988400049459055	0.936530302289436	0.9582379583027674	-5.046636294684455	
SAA1	0.01594054855371675	-0.7519323545602018	0.7838134516676353	5.596936434776316	-0.04131655158689878	0.9671471467106298	0.9849078703530769	-5.048047209797324	
PLIN2	0.007242278136850667	-0.36214165484949074	0.3766262111231921	6.637491126421053	-0.03902180418420901	0.9689708497972018	0.9849078703530769	-5.048102858088559	
CSPG2	-0.006357763121903118	-0.45984246792071487	0.44712694167690864	5.721983991776316	0.027903060828046083	0.9778094067876557	0.9906331367127398	-5.048327474134459	
APOH	-0.00392670763232754	-0.3508746480018728	0.3430212327372177	6.699483295776316	0.02252549791014606	0.9820852257486002	0.9917135122755473	-5.048409332584657	
PDIA1	0.0021727003273099136	-0.29883283183913834	0.3031782324937582	6.683863809473684	-0.014365987985256031	0.9885739926121846	0.9950142140624268	-5.0485001970088526	
S10AB	0.0007285510729379106	-0.31467990035366183	0.31613700249953763	6.520077633407895	-0.004597236250827779	0.9963434678074488	0.9968271984286184	-5.048556115671193	
COMP	0.0009905986885218195	-0.49324946264221364	0.49523066001925725	6.349116544671053	-0.003989054321968489	0.9968271984286184	0.9968271984286184	-5.048557691994669	
