	logFC	CI.L	CI.R	AveExpr	t	P.Value	adj.P.Val	B	
OLFL3	0.6371538496318889	0.12959062138686783	1.14471707787691	6.443207786846154	-2.504503300711517	0.01464071884414241	0.9976212131247688	-4.287610369550549	
PRG4	0.5404373021996035	0.06110665328665932	1.0197679511125477	6.773709149153846	-2.2494563288705685	0.027692365670812936	0.9976212131247688	-4.355636647254853	
TRYB2	0.5624580813765215	-0.012684399266778112	1.1376005620198213	6.3025375702615385	-1.9511118327700088	0.05512442182975447	0.9976212131247688	-4.428193529448417	
C1R	-0.40819322013873194	-0.8781843258818187	0.06179788560435484	6.829595546353846	1.7327806745286864	0.0876231957832224	0.9976212131247688	-4.476014190319194	
HS90A	-0.34648566846246587	-0.7547619175159087	0.06179058059097697	6.600280388938462	1.6931623688987334	0.09495634735127632	0.9976212131247688	-4.484183571588904	
SLPI	0.6069573857293526	-0.12233913723966716	1.3362539086983725	6.206361013384615	-1.6604335707716587	0.1013867069442118	0.9976212131247688	-4.490811100377933	
NID2	0.4058654579464212	-0.08297674506657132	0.8947076609594138	6.1545254794615385	-1.6564595940587485	0.10219107752291688	0.9976212131247688	-4.4916083022028515	
TARSH	0.4411011054567584	-0.11105971861604214	0.9932619295295589	6.075468462292307	-1.5938226853913084	0.11556807658223164	0.9976212131247688	-4.503956421732555	
LAMA4	0.34096866156750183	-0.09101919214985488	0.7729565152848585	6.253826299030769	-1.5747455032873978	0.11991099964085837	0.9976212131247688	-4.507635468672974	
SDF1	0.400996947187092	-0.11794333206656105	0.919937226440745	6.312803851630769	-1.5416689765075688	0.1277495012044082	0.9976212131247688	-4.513922844216242	
COMP	0.4966171486030915	-0.15776383909959402	1.1509981363057769	6.503868660507692	-1.5141136929565866	0.13458592813013212	0.9976212131247688	-4.519071512523596	
MMP7	-0.9000782312061908	-2.091714873911789	0.291558411499407	5.778786086523077	1.506967398241013	0.13640531469881276	0.9976212131247688	-4.520393470490361	
IGJ	-0.622660321001065	-1.4553032290802494	0.20998258707811934	6.263511073123077	1.491969179564958	0.14028677892517868	0.9976212131247688	-4.523150005002244	
FBN1	0.3713580633234659	-0.12905633288046903	0.8717724595274008	6.3969386732461535	-1.4805753375321598	0.14329307111947506	0.9976212131247688	-4.5252278245031725	
CATG	0.45519340285508647	-0.16710058964651764	1.0774873953566906	6.445851500615385	-1.4593780123249678	0.14902016873972038	0.9976212131247688	-4.529055926630986	
CADH1	0.36597616292870844	-0.13770724222146374	0.8696595680788806	6.480813503107692	-1.4496481478384966	0.1517080803941742	0.9976212131247688	-4.530796680738652	
KVD11	-0.33925686466463456	-0.8095992995790604	0.13108557024979134	6.8117298968	1.4390700307160715	0.15467297459656812	0.9976212131247688	-4.5326774484553285	
LAMB1	0.27203676431390456	-0.11018271121194428	0.6542562398397533	6.388506121123077	-1.4199800286197188	0.16013721103472475	0.9976212131247688	-4.536040545310677	
APOB	-0.45309381136948274	-1.0977545316735484	0.1915669089345829	6.363269661907692	1.4022465144956757	0.1653456871859947	0.9976212131247688	-4.539128712806571	
ELNE	-0.6050144538749981	-1.4689868758231013	0.2589579680731052	6.466840065938461	1.3971187401022207	0.16687578783394402	0.9976212131247688	-4.540015202521285	
FBLN5	0.29470478785433124	-0.12645953704387453	0.715869112752537	6.3996083086153845	-1.3960567175883833	0.16719404500350143	0.9976212131247688	-4.540198441133665	
LAMC1	0.2796045104352762	-0.12326094780413921	0.6824699686746916	6.176698156215385	-1.3846869154391028	0.17063050397546078	0.9976212131247688	-4.542152322955661	
SBSPO	-0.38166427870374336	-0.9473335701537964	0.1840050127463097	6.083766038892308	1.346128006182942	0.1826878915056797	0.9976212131247688	-4.548671478702717	
KLKB1	-0.48791546028233773	-1.2212335684005604	0.245402647835885	6.631301113107693	1.327454420727223	0.18875430744602675	0.9976212131247688	-4.551768838643523	
APOC4	0.33980239281243835	-0.17225484492358184	0.8518596305484585	6.666372163723077	-1.3239615466225605	0.18990569107207167	0.9976212131247688	-4.552343845609214	
HS90B	-0.3118773339218993	-0.7834019144498795	0.15964724660608087	6.530995945138462	1.319614027759031	0.1913461746648206	0.9976212131247688	-4.5530576273876555	
KV240	-0.283256228812272	-0.7118434030726222	0.14533094544807812	6.893140298676923	1.318583832192775	0.19168871517689223	0.9976212131247688	-4.553226454202913	
CO6A1	0.4042789772857594	-0.2146736159848321	1.0232315705563508	6.277855681907692	-1.3031404312851764	0.19687902908305996	0.9976212131247688	-4.555742938116285	
CO2A1	0.5625211410867962	-0.30360255425703675	1.428644836430629	6.135864734892308	-1.2957653933014894	0.19939447396337467	0.9976212131247688	-4.556935178894337	
APMAP	-0.3243795533206699	-0.8276465382948076	0.17888743165346777	6.782667789753846	1.2859452492787975	0.2027810302527449	0.9976212131247688	-4.558513124934698	
CO5A3	0.5126252298616951	-0.2837676221274744	1.3090180818508648	6.085212332030769	-1.2842218995860222	0.20337973253355765	0.9976212131247688	-4.55878891195881	
HV307	-0.37913232120260276	-0.9711454652425349	0.21288082283732934	6.717500678846154	1.277694156516025	0.20565943778988902	0.9976212131247688	-4.559830484267297	
PON1	-0.5813716738560755	-1.4963758061275771	0.3336324584154262	6.259298779076923	1.2676467880789528	0.20920530939340268	0.9976212131247688	-4.561424177127177	
FETUA	0.685782060227134	-0.40248029895499304	1.774044419409261	6.285300882676923	-1.2572451236133992	0.21292368703035774	0.9976212131247688	-4.563061944197445	
APOD	-0.3738299397476431	-0.9723350721740988	0.22467519267881253	6.585284112892308	1.2461595488014694	0.21693998485710508	0.9976212131247688	-4.564793787798027	
HPT	-0.4156253103629998	-1.08303162556048	0.25178100483448024	6.660808729830769	1.2424505798758851	0.21829610202443622	0.9976212131247688	-4.565370081306593	
CO6A2	0.3620297197176615	-0.22185525678748075	0.9459146962228038	6.340007227123077	-1.2370417893921934	0.2202848713484123	0.9976212131247688	-4.566207664248953	
VWA1	0.30130050282437615	-0.19168495805715496	0.7942859637059072	6.436839447030769	-1.2193635062936286	0.22687763165252126	0.9976212131247688	-4.568921818446117	
C1S	-0.3170208168939162	-0.842920124405641	0.20887849061780855	6.830640315292308	1.2026870361153597	0.2332275178350617	0.9976212131247688	-4.5714491828117145	
HSP7C	-0.1872706897516883	-0.5006985181487262	0.12615713864534955	6.439874408507692	1.1920643615816995	0.23733888948917356	0.9976212131247688	-4.573042333341882	
CRLF1	0.27877930389880956	-0.19542093718660164	0.7529795449842207	6.462537790692307	-1.172914099192397	0.2448824585893819	0.9976212131247688	-4.575881396521302	
A1AG1	-0.4770710966067609	-1.300602929248248	0.3464607360347262	6.8533866190769235	1.1557666604580479	0.25178167292920606	0.9976212131247688	-4.578387375058652	
THRB	0.4126382123033477	-0.31158966478379485	1.1368660893904903	6.698906562369231	-1.1367413377728455	0.25959730061638464	0.9976212131247688	-4.58112766541524	
CO3A1	0.4889462693775001	-0.38049788263893825	1.3583904213939384	6.092711576123077	-1.1219845950373906	0.2657765075518396	0.9976212131247688	-4.58322397374367	
NID1	0.25979330342514273	-0.20464311426968668	0.7242297211199722	6.049888816215384	-1.1160126917425328	0.26830635898927313	0.9976212131247688	-4.58406506877629	
CATZ	-0.3646376834790746	-1.0167488508075102	0.28747348384936094	6.434032038907692	1.1155970551982857	0.2684830604595894	0.9976212131247688	-4.584123451974165	
HMCN1	0.2529392595062055	-0.19976901271860342	0.7056475317310145	6.186323713692308	-1.114718632467289	0.26885677703723804	0.9976212131247688	-4.584246774555429	
FCN3	-0.3041268732086423	-0.8518123689543848	0.24355862253710026	6.667361446738462	1.107875619284571	0.2717805695049797	0.9976212131247688	-4.585204365822135	
APOC2	0.3398735709464077	-0.30537497265487024	0.9851221145476856	6.543951456569231	-1.050891331039008	0.2969923437369816	0.9976212131247688	-4.592963952322015	
ITIH1	0.18607702475753218	-0.16995394229545385	0.5421079918105183	6.456327516061538	-1.0427313414972559	0.3007294628574121	0.9976212131247688	-4.594043599565067	
SAMP	0.29030066592218584	-0.26618935913708786	0.8467906909814595	6.315572452707692	-1.0407779816416536	0.30162879437350293	0.9976212131247688	-4.594300872980414	
VTDB	-0.2318334424318652	-0.679397574837151	0.21573068997342065	6.756901893415384	1.0334471140823285	0.30502025009264727	0.9976212131247688	-4.595262354360424	
CFAD	-0.2816358247497764	-0.8336228192753266	0.27035116977577384	6.809833582707692	1.017950124556388	0.3122743974423949	0.9976212131247688	-4.5972737655963565	
PGS1	0.33919076995304476	-0.3287090672925398	1.0070906071986294	6.1136980586	-1.0132115597560298	0.3145155304486297	0.9976212131247688	-4.597883073364428	
HEMO	-0.23837121879823195	-0.7088625395899041	0.23212010199344016	6.941901905630769	1.0108102765899993	0.3156553479624104	0.9976212131247688	-4.598190816586568	
AMBP	0.2281510368823343	-0.2240381284516541	0.6803402022163227	6.495695481292308	-1.006629706257292	0.3176463472612773	0.9976212131247688	-4.5987249425343455	
CO3	0.21106387749506852	-0.20869718346556212	0.6308249384556992	6.962753769846154	-1.003180799691304	0.3192952106486275	0.9976212131247688	-4.599164012518023	
ITIH3	0.17113667303433078	-0.17022666110536955	0.5125000071740311	6.6676054595538465	-1.0002156859397022	0.32071734901891447	0.9976212131247688	-4.599540352720001	
FBLN1	0.20731508939499965	-0.20830474106192287	0.6229349198519222	6.500437664384616	-0.9951810561030642	0.3231417511629464	0.9976212131247688	-4.600176946633954	
MIME	0.40715363265227844	-0.41048866595530353	1.2247959312598604	5.876964114184616	-0.9934875095721697	0.32396000789750734	0.9976212131247688	-4.600390400261057	
CO8G	0.22932471214621666	-0.23139188729292423	0.6900413115853575	6.7238938548923075	-0.9930804788325288	0.32415687495682244	0.9976212131247688	-4.6004416508694	
CD5L	-0.3793040330663567	-1.142291759048733	0.3836836929160196	6.416767759230769	0.9918302660477407	0.3247620585615132	0.9976212131247688	-4.600598944998452	
A2MG	-0.28576065915559884	-0.8612765807747651	0.28975526246356736	6.7716783252	0.9906324363971496	0.3253425898745349	0.9976212131247688	-4.6007494725633915	
APOC3	0.2985653736178721	-0.3065310747580486	0.9036618219937929	6.593242104384616	-0.9844242030003032	0.32836247371307337	0.9976212131247688	-4.601526880582699	
FIBA	-0.5295355247461534	-1.604359663610579	0.5452886141182721	6.301411127	0.9829357643063928	0.3290892505512063	0.9976212131247688	-4.601712577595769	
PGBM	0.25177882883501296	-0.26281460327518363	0.7663722609452095	6.016957915353846	-0.9761631702389172	0.33240962423668097	0.9976212131247688	-4.602554159050171	
HRG	-0.25818292906444446	-0.7908122981228902	0.27444643999400137	6.961294159384615	0.9670966118850297	0.336889151055357	0.9976212131247688	-4.603672150558181	
LTBP1	0.22582486984787245	-0.24096923137267404	0.692618971068419	6.2782025118923075	-0.9651923191495106	0.3378350258025823	0.9976212131247688	-4.603905708906535	
CCL18	0.3254612143408435	-0.35358513685529547	1.0045075655369824	6.4453848808	-0.9562407971331404	0.3423046414860017	0.9976212131247688	-4.604997736954468	
ITB1	0.18475307524330653	-0.2024488130485152	0.5719549635351282	6.251581810861539	-0.9519664817134217	0.34445243658939684	0.9976212131247688	-4.605515763416009	
LYOX	-0.28541426049544616	-0.8937291644094447	0.3229006434185524	6.269994970523077	0.9360836493820766	0.35251018910359033	0.9976212131247688	-4.6074213307636755	
OSTP	0.4865973495405383	-0.5661243223706449	1.5393190214517214	6.189533959723077	-0.9221968263349427	0.359654395495976	0.9976212131247688	-4.609062386208246	
SAA4	-0.2975619342088144	-0.9438841307258652	0.3487602623082364	6.402932341707692	0.9185350856790262	0.361553593526476	0.9976212131247688	-4.609491208720409	
THSD4	0.32434932552442397	-0.38525160067514586	1.0339502517239938	5.954289691661539	-0.911940016834374	0.3649903655459249	0.9976212131247688	-4.610259441221304	
PLTP	-0.3880869067779107	-1.2383963066845811	0.46222249312875974	6.322584565507692	0.910582833515922	0.3657001897098152	0.9976212131247688	-4.610416877972005	
PERM	-0.34266152971463454	-1.0950000714426844	0.4096770120134153	6.773197532492308	0.9086978202664837	0.36668753540086574	0.9976212131247688	-4.610635172712575	
LUM	0.3107987491817179	-0.3752044029939924	0.9968019013574282	6.2433246408	-0.9039004423594699	0.3692079939186099	0.9976212131247688	-4.611188784859286	
ITAM	-0.19304246359724975	-0.6235959226975971	0.23751099550309768	6.5709445878	0.8945265116601411	0.37416457909611733	0.9976212131247688	-4.612262438559032	
ASPN	0.3350454535952713	-0.42448839163144686	1.0945792988219896	6.1455597639692305	-0.8800838388773362	0.3818832242306257	0.9976212131247688	-4.613895674772525	
IGLL5	-0.19898900328093572	-0.6504986913648539	0.2525206848029825	6.817362121723077	0.8792845681434407	0.38231327675624627	0.9976212131247688	-4.613985315921481	
SCUB3	0.281601589759062	-0.3766860079559754	0.9398891874740994	6.025802225707692	-0.8534672825583388	0.3963672327160025	0.9976212131247688	-4.6168387900898065	
HPLN1	0.2690849047977262	-0.3625037681465818	0.9006735777420342	5.566424825953846	-0.8500068987684971	0.39827487555880503	0.9976212131247688	-4.617215046066793	
PCOC1	0.1853702476143905	-0.25554354546213465	0.6262840406909156	6.753641444338461	-0.8387910598280128	0.4044966986573977	0.9976212131247688	-4.618424470099407	
COEA1	0.2088541594977662	-0.291773324576695	0.7094816435722274	6.170333550615385	-0.8323306519905396	0.40810733739661587	0.9976212131247688	-4.619114092640196	
HV439	-0.19526155553448668	-0.6696615382084488	0.27913842713947534	6.833940274861538	0.8211822022280756	0.414384023482699	0.9976212131247688	-4.620292069759398	
A2AP	-0.3487060446123948	-1.1970817296167544	0.4996696403919649	6.735655240769231	0.8200469368884657	0.41502644669777056	0.9976212131247688	-4.620411166644474	
ANX11	0.210949828986331	-0.3036155267652926	0.7255151847379545	6.392202140630769	-0.8179110631400024	0.41623672285629365	0.9976212131247688	-4.6206348036074605	
CO1A2	0.29468993764069323	-0.42874756612571446	1.0181274414071009	6.249420481492308	-0.8127027615667044	0.4191968767602473	0.9976212131247688	-4.621177782329759	
GELS	0.17318831533650986	-0.25449986003814684	0.6008764907111666	6.158473281338462	-0.807902203189446	0.421936464006587	0.9976212131247688	-4.621675290165654	
APOA	-0.32867282580889884	-1.1436615877577945	0.48631593613999685	5.9238775486	0.8045992556206863	0.4238276077008194	0.9976212131247688	-4.622015941169085	
ITA1	0.16190077841406944	-0.24594368279444204	0.569745239622581	6.219983289661538	-0.791993862501027	0.4310914095006555	0.9976212131247688	-4.623303620835821	
SAP	0.22882839344779302	-0.3518306513703934	0.8094874382659795	6.2939799617538466	-0.7862418634121825	0.4344303446434783	0.9976212131247688	-4.623884678469856	
HS71B	-0.14774628457129993	-0.5239321149963283	0.22843954585372842	6.251945757969231	0.783576825345997	0.435982514026645	0.9976212131247688	-4.62415250849689	
FIBB	-0.44464769955700395	-1.5817873944213967	0.6924919953073889	6.215118087430769	0.7801348476090423	0.43799201570374324	0.9976212131247688	-4.624497117982588	
MMP2	-0.20569377870773511	-0.7419747215032397	0.33058716408776956	6.465994339461538	0.7652374929072149	0.446751954025411	0.9976212131247688	-4.625971708754799	
PRELP	0.26020943503753385	-0.424211834177667	0.9446307042527347	6.038433741953846	-0.7585199196733355	0.4507351184233984	0.9976212131247688	-4.626627631508394	
ITIH5	-0.1812019660121242	-0.6604001651399924	0.29799623311574397	6.293683001476923	0.7544234444138108	0.4531741644350389	0.9976212131247688	-4.627024872405429	
CO6A3	0.2305001408738245	-0.38340773793698013	0.8444080196846292	6.336039674	-0.7490924777346628	0.4563596007819466	0.9976212131247688	-4.627538701165196	
SMOC2	-0.17646658920910632	-0.6497196256117043	0.2967864471934917	6.363744500046153	0.7439376361937265	0.4594519950527598	0.9976212131247688	-4.628032193677276	
VINC	0.1636567214368853	-0.2752544675780678	0.6025679104518384	6.089869517723077	-0.7439172722147692	0.4594642351601784	0.9976212131247688	-4.628034136643651	
CLC11	-0.18663472825659166	-0.6875650507281986	0.3142955942150153	6.272080383092308	0.7433315823728287	0.459816353619948	0.9976212131247688	-4.628089996355241	
IBP5	0.2450446896258423	-0.41285000990986226	0.9029393891615469	6.638623011830769	-0.7431155613526267	0.45994626505351355	0.9976212131247688	-4.628110588417378	
LG3BP	-0.21737753094987175	-0.80420879500012	0.36945373310037644	6.025524526353846	0.7390415507852384	0.46240023496967575	0.9976212131247688	-4.6284978532885015	
COGA1	0.24727878138534493	-0.4279595275015627	0.9225170902722526	6.122242572861539	-0.7306295384269476	0.4674907360947641	0.9976212131247688	-4.629290938510549	
AEBP1	0.21924448238199507	-0.3834408458115289	0.8219298105755191	6.191872342123077	-0.7257808438495956	0.470439271989485	0.9976212131247688	-4.629744068196414	
SFRP2	-0.20749451622939977	-0.779774831502006	0.3647857990432065	6.7413651514	0.7233779452688297	0.471904377180566	0.9976212131247688	-4.629967542342455	
FIBG	-0.39449457639812474	-1.4950938054655314	0.706104652669282	6.2915227688615385	0.7151205865102674	0.4769586266622846	0.9976212131247688	-4.630730001715911	
PA2GA	-0.22462819431148962	-0.8683238608629285	0.4190674722399492	6.1004127459076924	0.6962274282220838	0.4886360718088164	0.9976212131247688	-4.63244250472784	
CRIP2	-0.14713071463433253	-0.5724339876693335	0.27817255840066846	6.115765959384615	0.6901954109337656	0.49239723613096287	0.9976212131247688	-4.632979854224823	
ITB2	-0.18119884511437948	-0.7096397678245777	0.3472420775958188	6.544538790492307	0.6841107754220247	0.4962072273415804	0.9976212131247688	-4.633517275643811	
LAMB2	0.13583166160798765	-0.2705420211845843	0.5422053444005597	6.1474515116	-0.6668726195174917	0.5070878808499555	0.9976212131247688	-4.635014627450644	
LEG1	0.1967962175003477	-0.39686578819023677	0.7904582231909322	5.977689197892308	-0.6613706830282889	0.510587462698981	0.9976212131247688	-4.635484690589443	
HV330	-0.18547970103865064	-0.7451624932306229	0.3742030911533216	6.7893960209076925	0.6611833075345661	0.510706872239206	0.9976212131247688	-4.635500632252856	
CO4A2	0.19665722749987186	-0.39935615837761546	0.7926706133773591	6.2278486436	-0.6582961973065959	0.5125486366681328	0.9976212131247688	-4.635745706297078	
LTBP4	0.1661847129657847	-0.33774358059488513	0.6701130065264544	6.323841313430769	-0.6579452808851831	0.5127727365334229	0.9976212131247688	-4.6357754226628884	
TRFL	-0.31448696482641253	-1.2693751769987245	0.6404012473458995	6.353972031292308	0.6570789657224892	0.5133262001966918	0.9976212131247688	-4.635848717861748	
APOE	-0.14319210202309007	-0.5786184337301248	0.2922342296839447	6.536298503492308	0.6561026979597978	0.5139502901625804	0.9976212131247688	-4.635931202648219	
COFA1	0.16258601956240404	-0.34699123644017127	0.6721632755649793	6.241362022123077	-0.6365618552932643	0.5265263382555312	0.9976212131247688	-4.637556996220943	
FA9	0.13018536960159002	-0.28515340038843995	0.5455241395916199	6.6374199787846155	-0.6253557621898478	0.5338101424576551	0.9976212131247688	-4.638467650166419	
GANAB	0.11387071486615957	-0.2505897021865262	0.47833113191884535	6.658444412107692	-0.6233459286093318	0.5351219873403181	0.9976212131247688	-4.638629303605427	
TENA	-0.1818922702424113	-0.7680505605377375	0.4042660200529149	6.3818902454769235	0.6191085185259788	0.5378932333226617	0.9976212131247688	-4.638968454437804	
QSOX1	0.15687032740527457	-0.350518497041931	0.6642591518524801	6.677198378846154	-0.6168326498670422	0.5393846742511539	0.9976212131247688	-4.639149673743928	
ANXA4	-0.16351572939203934	-0.6940374285476374	0.36700596976355876	6.666188280815384	0.6149273817959926	0.5406348760294479	0.9976212131247688	-4.639300880794905	
MFAP4	0.1854871352660654	-0.418049325581078	0.7890235961132088	6.067451753476923	-0.6131655265934792	0.5417922890133557	0.9976212131247688	-4.639440298470708	
IBP3	0.18261408703284765	-0.4122142302560522	0.7774424043217475	6.614854660630769	-0.612505635712911	0.5422261152368955	0.9976212131247688	-4.639492415541386	
IPSP	0.15168352514388617	-0.34432186728149694	0.6476889175692693	6.769794228938461	-0.610125902464701	0.5437920712200499	0.9976212131247688	-4.63967990621458	
FHR3	0.21201040904594848	-0.4851944216313727	0.9092152397232697	6.445508146584616	-0.6066863787864596	0.5460594660795335	0.9976212131247688	-4.639949630131471	
CBPB2	0.1647889542007259	-0.37745318440165676	0.7070310928031086	6.857953244415385	-0.606320540427233	0.5463009147219684	0.9976212131247688	-4.639978230876408	
TINAL	0.20799220834512563	-0.4764360699099244	0.8924204866001757	5.895054660507692	-0.606298605212776	0.54631539340108	0.9976212131247688	-4.639979945204342	
FGL2	0.14816609495475772	-0.3435461526236906	0.6398783425332061	6.253347277846154	-0.6011810144174315	0.5496986407129579	0.9976212131247688	-4.64037824447039	
CYTC	0.147740112106347	-0.343596345168078	0.6390765693807721	6.725981142969231	-0.5999110784818562	0.5505398289365471	0.9976212131247688	-4.640476570302635	
LOXL1	0.14078596914933858	-0.33289985754514284	0.6144717958438201	6.292904888938462	-0.5929750664873088	0.5551455437464387	0.9976212131247688	-4.641009998599306	
S10A4	0.150265810271791	-0.35689107197345704	0.657422692517039	6.274858693523077	-0.5911331328310566	0.5563718671616278	0.9976212131247688	-4.6411506338412805	
HPTR	-0.22382072280169288	-0.9842749660439574	0.5366335204405717	6.445275645676923	0.5872116379521731	0.5589872103292464	0.9976212131247688	-4.641448617800693	
ANGI	0.1666179766343003	-0.40309908880082435	0.736335042069425	6.329974374415385	-0.5834855100851866	0.5614778981492787	0.9976212131247688	-4.6417299530058385	
FRIH	-0.18978481109672585	-0.8475877230839799	0.4680181008905282	6.488563403553846	0.5756163325751535	0.566755916494687	0.9976212131247688	-4.642318325188142	
ITIH4	-0.13110383613301238	-0.5911468815025772	0.3289392092365524	6.819881367984616	0.5685705718421015	0.5715021880544691	0.9976212131247688	-4.642838473609121	
ECM1	0.123470102630835	-0.3098049177422668	0.5567451230039369	6.815514595061538	-0.5685459964652054	0.5715187766517295	0.9976212131247688	-4.642840276856273	
ANT3	-0.10854463929194505	-0.49136352654348936	0.2742742479595993	6.881733508261538	0.5656951705894295	0.5734446960249469	0.9976212131247688	-4.6430489398316395	
PODN	0.11795609323770351	-0.3010444529914044	0.5369566394668115	6.3848164806	-0.5616596679345841	0.5761763063837089	0.9976212131247688	-4.643342551578656	
IGHG1	-0.13627176889960224	-0.6229721214321613	0.3504285836329568	6.974044382215385	0.5586138259584905	0.5782421677648271	0.9976212131247688	-4.64356279020943	
CD109	-0.15544446047466012	-0.7155278450439682	0.40463892409464797	6.600577429369231	0.5537197430284598	0.5815690458178955	0.9976212131247688	-4.643914205476923	
EMIL2	0.11992797213196535	-0.31688814112857344	0.5567440853925042	6.409503882107693	-0.5477587047601729	0.585633526050074	0.9976212131247688	-4.6443381245418465	
ALS	-0.16159162369900493	-0.7517824567948556	0.4285992093968457	6.639256246415385	0.5462529973937548	0.5866623073101311	0.9976212131247688	-4.644444488865391	
FHR2	0.13805606930207306	-0.37513571017350344	0.6512478487776495	6.897161046107692	-0.5367144166253042	0.5931993850428441	0.9976212131247688	-4.645111607676729	
IGKC	-0.12577392046397118	-0.6001024759865445	0.3485546350586022	6.774277358769231	0.529028142315084	0.5984917052115557	0.9976212131247688	-4.645640760847619	
CD44	-0.1313330754387011	-0.6309524328988141	0.3682862820214119	6.388445082676923	0.5244478456068173	0.6016558056891198	0.9976212131247688	-4.645952512098546	
CO4A1	0.1731862850176442	-0.49513800308873224	0.8415105731240207	6.163666808753846	-0.5170037579019884	0.6068146161233737	0.9976212131247688	-4.646453485517691	
CO1A1	0.19762239938319984	-0.5688740843895003	0.9641188831558999	6.284635238523077	-0.5143911036276299	0.6086299827343292	0.9976212131247688	-4.646627639181923	
DERM	0.14703205566732333	-0.4250826289032421	0.7191467402378888	6.439405596753846	-0.5127390354598518	0.6097791733854467	0.9976212131247688	-4.6467373135245404	
SPP24	0.20016886979889395	-0.5851271473341968	0.9854648869319846	6.412730911015385	-0.5085464068844934	0.6127000096349275	0.9976212131247688	-4.6470140844022625	
CRAC1	-0.12981300683430258	-0.6450821632806483	0.38545614961204305	6.548293804107693	0.5026335927984182	0.6168299311822463	0.9976212131247688	-4.647400602705146	
CO8A	-0.11930681194192656	-0.5962125368581496	0.35759891297429647	6.945771024461538	0.49911446090058736	0.6192938436233825	0.9976212131247688	-4.647628530595979	
HV118	-0.13777905132802815	-0.6887368974926924	0.4131787948366361	6.937835121169231	0.4989215533542861	0.6194290342188937	0.9976212131247688	-4.647640979203555	
CAD13	0.17707701845070983	-0.5315356200777028	0.8856896569791224	5.989557509569231	-0.4985638149642657	0.6196797739251702	0.9976212131247688	-4.647664052023048	
AMPN	0.10383837120028201	-0.31518234872929524	0.5228590911298593	6.625528189246154	-0.49441292594081093	0.6225924417340697	0.9976212131247688	-4.647930575333893	
PROP	-0.11056781314935489	-0.5612968874524583	0.3401612611537485	6.409702400461539	0.4894187402135277	0.6261048628346311	0.9976212131247688	-4.6482483313480305	
APOL1	0.14944242368961794	-0.4598000710633422	0.758684918442578	6.654580382861538	-0.48938557327066645	0.6261282183370355	0.9976212131247688	-4.648250430958755	
PCYOX	-0.08096378033407442	-0.4136699452859932	0.2517423846178444	6.734502723446154	0.4855091034996774	0.6288605864215354	0.9976212131247688	-4.648494860701465	
CERU	-0.17488215545548172	-0.9083186602634116	0.5585543493524482	6.757865651907692	0.4757189189848401	0.6357843935434115	0.9976212131247688	-4.649103633247241	
CO7	0.11950999808300677	-0.38262268719580483	0.6216426833618184	6.922805922523077	-0.47484645004513654	0.6364030141709428	0.9976212131247688	-4.64915729070967	
S10A6	-0.11143055734441251	-0.581901848460419	0.35904073377159396	6.384268984538462	0.47254005054078735	0.638039604982484	0.9976212131247688	-4.649298667357423	
S10AB	0.09609693234622256	-0.3143830721477954	0.5065769368402405	6.5356294834461535	-0.4670732181159197	0.6419259938743529	0.9976212131247688	-4.649631054375143	
MUC18	0.09018156406501752	-0.29776257996987204	0.4781257080999071	6.397410960661539	-0.4637842654765021	0.6442689682776969	0.9976212131247688	-4.649829183506901	
PRDX2	-0.11520831027434611	-0.6173197576764806	0.38690313712778845	6.479694456369231	0.45777401008346286	0.6485598673239308	0.9976212131247688	-4.650187670993098	
B2MG	0.13922967143255427	-0.4713708029720487	0.7498301458371572	6.269568246276923	-0.4549274145321448	0.6505963165021926	0.9976212131247688	-4.650355845738884	
EMIL1	0.06233810200806932	-0.21248168274695767	0.3371578867630963	6.423707824246153	-0.45255673039757227	0.6522943372914017	0.9976212131247688	-4.650495112364198	
CATD	-0.15065724628897076	-0.8276475355418573	0.5263330429639159	6.489143702615385	0.4439918864505912	0.6584442810131378	0.9976212131247688	-4.6509922602834735	
CD14	-0.15627722546804307	-0.8587037149100907	0.5461492639740047	6.568792419953846	0.44387660849290045	0.6585272182662353	0.9976212131247688	-4.650998887530644	
CCN2	-0.10555232023016291	-0.5901003643620529	0.37899572390172714	6.573031794784615	0.43460867155162136	0.6652090488118902	0.9976212131247688	-4.651526122815875	
SOST	-0.17592531388868438	-0.983589884936697	0.6317392571593282	5.5188851604923075	0.43457501108998553	0.6652333667401211	0.9976212131247688	-4.651528017630678	
RARR2	0.12261087569358611	-0.4427673859998412	0.6879891373870134	6.5875832369846155	-0.43267055021864537	0.6666098259810175	0.9976212131247688	-4.651634986941766	
PROC	0.19573629406107415	-0.7112765417366707	1.102749129858819	6.446154829753846	-0.4305517672872406	0.6681425365970374	0.9976212131247688	-4.651753447760537	
YBOX1	-0.10421651156696793	-0.5910861675999238	0.38265314446598797	6.3890902338	0.4270623364330849	0.6706698453110875	0.9976212131247688	-4.651947286500341	
APOH	0.10812442078575875	-0.39921531350598444	0.615464155077502	6.712092460415384	-0.4251991276078663	0.6720208850020681	0.9976212131247688	-4.65205014862492	
S10AA	0.09664896949614865	-0.3569739372771932	0.5502718762694905	6.521426850738462	-0.4250790472839335	0.6721079941897208	0.9976212131247688	-4.652056762621481	
CSPG2	0.13661865805971415	-0.5060826554208687	0.7793199715402971	5.777450321369231	-0.42410000306331674	0.6728183844801512	0.9976212131247688	-4.652110619127266	
F13A	0.11400932136661324	-0.43651042906614723	0.6645290717993737	6.5662823142	-0.4131758261697262	0.6807650409791253	0.9976212131247688	-4.652703207026455	
TAGL2	-0.08394647126033038	-0.48948401011922643	0.32159106759856565	6.457415340676923	0.4129893303966088	0.6809010231199639	0.9976212131247688	-4.652713190605887	
LTBP2	0.09337524796603465	-0.35874468916966473	0.545495185101734	6.246217945138461	-0.4120458624200941	0.6815891088332462	0.9976212131247688	-4.652763628338311	
SFRP3	-0.10413712363822286	-0.6083842671342925	0.40011001985784683	6.522833700661539	0.41203070290704924	0.6816001671110803	0.9976212131247688	-4.652764437831886	
FRIL	-0.1625004861832655	-0.958354963933206	0.6333539915666749	6.438026612615385	0.4073694423081746	0.6850036812952593	0.9976212131247688	-4.653011942064673	
ANXA2	0.09816378185340417	-0.3897641200341797	0.5860916837409881	6.3735075414	-0.40138679045515807	0.6893816221058169	0.9976212131247688	-4.6533255201493775	
KNG1	0.11968385732971558	-0.47615910617668983	0.715526820836121	6.936597093415385	-0.4007478588888614	0.6898498067261882	0.9976212131247688	-4.653358737695734	
CYTB	-0.1333508274913208	-0.7997231590574172	0.5330215040747757	6.340546461507692	0.3992511782423616	0.6909469918811887	0.9976212131247688	-4.653436343576487	
TIMP3	0.1176691869618445	-0.4763137779673611	0.71165215189105	6.437067194723077	-0.39523574100024855	0.6938938984479956	0.9976212131247688	-4.653643129764817	
HPLN3	0.12118122492158105	-0.4982872932202637	0.7406497430634258	5.665199159538462	-0.3902865149386987	0.6975326218605254	0.9976212131247688	-4.653895152382047	
AACT	0.08189142549933942	-0.3370077296472753	0.5007905806459542	6.8338279092	-0.3900285464425316	0.6977224789771208	0.9976212131247688	-4.653908202202655	
IC1	-0.09031221576333222	-0.5708988817790571	0.39027445025239266	6.711111488984615	0.3749231252135481	0.7088729762433266	0.9976212131247688	-4.654657413214229	
CD59	0.07842715233904743	-0.3391151928912145	0.4959694975693093	6.529976405538462	-0.3747428608427056	0.7090064350771021	0.9976212131247688	-4.654666176844756	
PGS2	0.14801320856258632	-0.6460748777867025	0.942101294911875	6.113891835815385	-0.371876933156442	0.7111294500568419	0.9976212131247688	-4.654804943308475	
TENX	0.08711850692471074	-0.3841673802124658	0.5584043940618872	6.258082927646154	-0.3688021437132171	0.7134097336174667	0.9976212131247688	-4.65495264699767	
HTRA1	-0.10653772222321163	-0.683955275464295	0.47087983101787173	6.112053370615385	0.3681127611513874	0.7139213443392395	0.9976212131247688	-4.654985595825759	
S10A9	-0.19961451150744156	-1.3036325141434575	0.9044034911285744	6.035152610430769	0.36073094786283083	0.7194077998656287	0.9976212131247688	-4.655334571043393	
GRP75	-0.07299991697554851	-0.47786944608696424	0.3318696121358672	6.635381056323077	0.35972839627271275	0.720154084285989	0.9976212131247688	-4.655381425335251	
KV320	-0.08597218981059852	-0.5725192392884247	0.4005748596672277	6.6761043269076925	0.35253366298641875	0.7255176941594996	0.9976212131247688	-4.655713872184339	
PGCA	0.12980723788633552	-0.6058134588001911	0.8654279345728622	5.446918179153847	-0.35205654058894903	0.7258738751179197	0.9976212131247688	-4.655735682722229	
IGHA1	-0.10914508473727653	-0.7308052436778155	0.5125150742032624	6.688475593030769	0.3502826246322147	0.7271986680631589	0.9976212131247688	-4.655816515824289	
TTHY	-0.09545341362345043	-0.6404931532794358	0.44958632603253496	6.899135976830769	0.3494063100267367	0.7278534238411337	0.9976212131247688	-4.6558562977092715	
C1QC	0.06908015130201385	-0.32558271080020823	0.4637430134042359	6.555529247153846	-0.34921626810974327	0.727995444225453	0.9976212131247688	-4.655864911944527	
C1QA	0.0899130466367894	-0.42379736867356593	0.6036234619471448	6.672036096707692	-0.3491980345177913	0.7280090708882919	0.9976212131247688	-4.655865738193483	
SULF1	0.07845755391533743	-0.37421678943701836	0.5311318972676933	6.569745058646154	-0.345793106780378	0.7305552399662333	0.9976212131247688	-4.656019280051838	
SERPH	-0.07711480154517195	-0.5251247326829653	0.3708951295926214	6.233650748430769	0.34341364879818964	0.732336378488804	0.9976212131247688	-4.6561256921143235	
FBLN3	0.0777053144112425	-0.37888617230207655	0.5342968011245616	6.249956424676923	-0.33953954337709286	0.7352394834889808	0.9976212131247688	-4.656297384482503	
MMP12	0.14128671280644753	-0.6907959576783103	0.9733693832912054	6.316843357292307	-0.33876793092894625	0.7358181635130316	0.9976212131247688	-4.656331349603873	
IBP7	-0.10394192469592599	-0.7237913288389458	0.5159074794470938	5.912115486046154	0.3345584583697841	0.7389777981741938	0.9976212131247688	-4.656515291433289	
CATF	-0.07794691521649835	-0.5429994426251664	0.38710561219216977	6.331604510969231	0.3343985390775638	0.7390979230160549	0.9976212131247688	-4.65652223437665	
FHR1	0.11279267120009723	-0.5642874415358474	0.7898727839360418	6.747718104661539	-0.3323596339542691	0.7406300346842054	0.9976212131247688	-4.65661046484667	
OAF	-0.06645307608363045	-0.46773088487907744	0.33482473271181656	6.762107723707692	0.33039798774977835	0.7421050840814105	0.9976212131247688	-4.656694845786103	
IGHG4	-0.09689549248088195	-0.6831211569188264	0.4893301719570625	6.546493399569231	0.3297662417716351	0.7425803285661635	0.9976212131247688	-4.656721914870385	
CFAH	-0.06112439865871344	-0.4347612477694989	0.31251245045207204	6.762888936307692	0.32638661973221983	0.7451244211789614	0.9976212131247688	-4.6568658503366995	
CO4B	0.10448800987367275	-0.5344999393122242	0.7434759590595698	6.818705867015384	-0.326243026723035	0.745232577483123	0.9976212131247688	-4.656871933204964	
FHR5	0.0933039742395275	-0.4775589330243305	0.6641668815033855	6.722754109446154	-0.3260887122354109	0.7453488150796426	0.9976212131247688	-4.6568784672884025	
GRN	0.09610460385540162	-0.49565648421787545	0.6878656919286787	6.5813989014923076	-0.32401508997737066	0.7469113476187081	0.9976212131247688	-4.6569659717864695	
CO5	-0.07934614469814402	-0.5727693265122012	0.41407703711591326	6.776112004169231	0.32082908180704334	0.7493141650310953	0.9976212131247688	-4.6570993361502735	
CD97	-0.057737100665738804	-0.4228724568719183	0.30739825554044076	6.451507698861539	0.31547760236470523	0.7533557244595906	0.9976212131247688	-4.6573203964452	
THIO	0.06686038027501674	-0.3587869432265795	0.49250770377661296	6.375545406061539	-0.31339090129806213	0.7549335293585003	0.9976212131247688	-4.657405592279385	
LYSC	-0.12290679743142553	-0.9075455164349142	0.6617319215720632	6.5125773746615385	0.31251697738982204	0.75559463529478	0.9976212131247688	-4.657441105765399	
TRFE	0.06471643105551372	-0.35091356850414773	0.4803464306151752	6.800267402876923	-0.31065269115006156	0.7570055413449766	0.9976212131247688	-4.657516534750721	
FBLN2	0.06266778197271541	-0.34361690831155633	0.4689524722569872	6.418478857353846	-0.3077381327280008	0.7592129590012063	0.9976212131247688	-4.657633558143405	
PLMN	-0.10526626315331924	-0.7884510700272253	0.5779185437205868	6.965008733076923	0.3074103281039836	0.7594613563419869	0.9976212131247688	-4.657646651281371	
MARCO	0.08302667519790229	-0.4590387721813688	0.6250921225771734	6.531422014246154	-0.30558594088029606	0.760844267295491	0.9976212131247688	-4.65771926712415	
A1AT	0.07229956486788618	-0.4011662472668636	0.5457653770026359	6.888466364138462	-0.3046593466265435	0.7615469381288273	0.9976212131247688	-4.657755983560064	
SODE	0.10066198672425754	-0.5639384585958197	0.7652624320443348	6.090188801415384	-0.30218459280432347	0.7634246196822623	0.9976212131247688	-4.657853502219311	
CO6	-0.07430604284294377	-0.5656725505494107	0.4170604648635231	6.874488654384615	0.3017074474475688	0.7637868104017093	0.9976212131247688	-4.657872213317844	
COBA1	-0.10541011996568708	-0.8102487698615723	0.5994285299301982	6.0351088276461535	0.2983733599610643	0.7663191142937975	0.9976212131247688	-4.65800213736351	
TSP1	0.0734578319398423	-0.4219499735082845	0.5688656373879691	6.5921075020461535	-0.2958303377279289	0.7682523070009001	0.9976212131247688	-4.658100269006834	
PDIA1	-0.05706103937874336	-0.44778232235331966	0.33366024359583296	6.653077697430769	0.29136679564089557	0.771649026836787	0.9976212131247688	-4.658270489384435	
PPT1	-0.06584018776133414	-0.5342541703355997	0.40257379481293143	6.519470813492307	0.2804327029600892	0.7799885816820572	0.9976212131247688	-4.658676583747032	
SAA1	0.14079963232747592	-0.8882473922646598	1.1698466569196115	5.574893557892308	-0.27298183411078436	0.7856863682738993	0.9976212131247688	-4.658944450773501	
CLUS	-0.05069674469045442	-0.4230528437558287	0.3216593543749198	6.562367097615384	0.27163707771183154	0.786715983918551	0.9976212131247688	-4.6589920310343755	
TIMP2	-0.06365880210239155	-0.5320249533390639	0.40470734913428075	6.610509654184615	0.27116923057437303	0.7870742815698875	0.9976212131247688	-4.659008529561502	
LAMA5	0.04839241798709511	-0.3133389977337445	0.4101238337079347	6.1401509126	-0.26690612646629785	0.7903412652335331	0.9976212131247688	-4.6591575618658	
DEF1	-0.09981481369839963	-0.8542367805649613	0.6546071531681621	6.670908724476923	0.26396607995563576	0.7925965377595415	0.9976212131247688	-4.659258971298737	
GDN	-0.07188864116253255	-0.6220451816156412	0.478267899290576	6.567713684123077	0.2607002467437842	0.7951037968566156	0.9976212131247688	-4.659370306043143	
PLIN2	-0.06836502340519983	-0.5991668413920955	0.4624367945816959	6.617910110092308	0.2569620646451238	0.7979763449246938	0.9976212131247688	-4.659496048544688	
COIA1	0.06972968757450947	-0.4815965451505422	0.6210559202995611	5.876594643876923	-0.2523344287240517	0.8015362518340896	0.9976212131247688	-4.659649203249181	
FINC	-0.041768943338807506	-0.37483349703581986	0.2912956103582049	6.480996021092308	0.2502030048774502	0.80317731724577	0.9976212131247688	-4.659718811220838	
CO8B	0.06168002480591845	-0.4356252578812235	0.5589853074930604	6.816216057676923	-0.24745083009001761	0.8052976343344779	0.9976212131247688	-4.659807821167325	
FMOD	-0.08279736864669028	-0.7504432663500615	0.5848485290566809	5.852339885169231	0.24742170647084566	0.8053200794673285	0.9976212131247688	-4.659808757827496	
CO8A1	-0.07503047316961725	-0.6847749403675112	0.5347139940282766	6.358387259138461	0.24550326087156643	0.8067989567102967	0.9976212131247688	-4.659870215957021	
PXDC2	0.06400533772281113	-0.46649215880623274	0.594502834251855	6.485658627876923	-0.24071341963766915	0.8104943858267624	0.9976212131247688	-4.660021578832215	
COLA1	0.06985973371728683	-0.516720139114889	0.6564396065494627	6.370708754076923	-0.23761136914255476	0.8128899717172781	0.9976212131247688	-4.660118020051643	
C1QB	-0.061725337785271894	-0.5857171610019247	0.46226648543138094	6.684409114953846	0.23502086112099835	0.8148918874101199	0.9976212131247688	-4.660197602121693	
MFGM	0.05837106556726184	-0.4737400645073186	0.5904821956418422	5.986503059	-0.21885815124287514	0.8274096532970779	0.9976212131247688	-4.660674485140211	
TR11B	0.0673396251484724	-0.5467096366804035	0.6813888869773482	6.4740147904	-0.21879375852201982	0.8274596164898922	0.9976212131247688	-4.660676317314286	
APOC1	-0.04915934260216485	-0.5039089877828747	0.405590302578545	6.6469667648461535	0.21567566488967255	0.8298798381985334	0.9976212131247688	-4.660764393333498	
PLOD1	-0.050998439429340875	-0.5328698778732719	0.4308729990145902	6.598414655276923	0.21115100320615457	0.8333947484034292	0.9976212131247688	-4.660889957697031	
TIMP1	0.0697835789635134	-0.6195608939382292	0.759128051865256	6.623561263046153	-0.20196884844448615	0.8405381539738345	0.9976212131247688	-4.661136608919397	
ITIH2	-0.06918810925946405	-0.758849148641666	0.6204729301227379	6.674164504630769	0.20015351351121438	0.8419520334431745	0.9976212131247688	-4.661184077291953	
CO9	0.04822998376154955	-0.44260335455405675	0.5390633220771559	6.847793680953846	-0.19604262563769032	0.8451557304488613	0.9976212131247688	-4.661289990268643	
FCGBP	0.04788953690111843	-0.44930771583510404	0.5450867896373409	6.4220616385384615	-0.19216724547467862	0.8481782908318407	0.9976212131247688	-4.661387827177294	
IGHG2	0.049335515778623384	-0.4665576308975532	0.5652286624548	6.830824940507692	-0.1907951638252217	0.8492489805245136	0.9976212131247688	-4.661421999141704	
TSP2	0.05576867337482368	-0.5577020421852185	0.6692393889348659	6.459935594953846	-0.18136936201155832	0.8566118870380074	0.9976212131247688	-4.661650144154367	
APOA4	-0.05608130670381596	-0.7169089541278596	0.6047463407202277	6.6013723662	0.16931575347424438	0.8660460158113513	0.9976212131247688	-4.66192508411847	
LRP1	0.0348844099197224	-0.39276090205681097	0.4625297218962558	6.508004274784615	-0.16274779514513135	0.8711949443533291	0.9976212131247688	-4.6620669548983225	
POSTN	-0.05842712072375696	-0.789584918861161	0.672730677413647	6.226026557353846	0.15943028281891936	0.8737978334624188	0.9976212131247688	-4.662136484400387	
LEG3	0.044535132134617184	-0.5371732382817536	0.626243502550988	6.191709718246154	-0.1527442534035605	0.8790478440699836	0.9976212131247688	-4.662272267280667	
A1BG	-0.030332969047173888	-0.4288640545596664	0.3681981164653187	6.755570949184615	0.1518518781383362	0.8797489724665759	0.9976212131247688	-4.662289950654255	
HORN	-0.032147806854039174	-0.4711296606604099	0.40683404695233155	6.421418491938462	0.14610740593357774	0.8842646172658333	0.9976212131247688	-4.662401306239166	
HSPB1	0.035446919782448745	-0.45562523016107986	0.5265190697259774	5.901130353707693	-0.14401265118701856	0.8859122376932065	0.9976212131247688	-4.662440845596684	
PEDF	-0.05251904740126827	-0.795048193514372	0.6900100987118355	6.805131982261538	0.14111422099987606	0.8881928155763923	0.9976212131247688	-4.662494614125016	
PROS	-0.04035786886965454	-0.6203768346140677	0.5396610968747586	6.830347622138461	0.13882045970700757	0.8899982922625662	0.9976212131247688	-4.662536391463554	
MSRE	-0.038219661367769206	-0.6000203458672675	0.523581023131729	6.556693824969231	0.13572880290118883	0.8924327334541918	0.9976212131247688	-4.662591619070431	
ANGL4	0.02688388273124079	-0.37357285741928214	0.4273406228817638	6.561798632676923	-0.13393800704971665	0.8938433225106828	0.9976212131247688	-4.662623040513094	
ZPI	-0.031921455146465376	-0.5150593887504434	0.45121647845751267	6.863049862615385	0.13181929693388406	0.8955126487030705	0.9976212131247688	-4.662659677140006	
COCA1	0.03111253426555174	-0.4425549034145623	0.5047799719456657	6.3466090088	-0.13104767061067835	0.8961207289609228	0.9976212131247688	-4.662672875084992	
CO5A1	-0.039756416067701965	-0.6478097612333252	0.5682969290979213	6.308670255184615	0.13044666874977429	0.8965943918090262	0.9976212131247688	-4.662683101031163	
CO8A2	0.04389223467945699	-0.6316517789505637	0.7194362483094777	6.217879974784616	-0.12962879701370295	0.8972390350734663	0.9976212131247688	-4.662696941543525	
MGP	0.0666812291400383	-0.979274151582074	1.1126366098621505	5.944470915492308	-0.12719144055520182	0.8991605592531	0.9976212131247688	-4.662737672146187	
CPXM2	0.039118901587841544	-0.5942951388502749	0.672532942025958	6.4360086456307695	-0.12321580362600823	0.9022961000738519	0.9976212131247688	-4.662802451370419	
F13B	0.04600480472282267	-0.6992948777022342	0.7913044871478795	6.593608219061538	-0.1231514992525277	0.9023468291614838	0.9976212131247688	-4.662803482258942	
VWF	0.03307856563323642	-0.5251166182016409	0.5912737494681137	6.565760792815385	-0.11823009324854977	0.906230471292897	0.9976212131247688	-4.662880783877513	
OMD	-0.031247238135409028	-0.5601194874255411	0.49762501115472296	6.552370725061539	0.11787679131663678	0.9065093627083151	0.9976212131247688	-4.662886212097373	
ANXA1	0.023203500506548434	-0.3743028638492708	0.4207098648623677	6.448121015215385	-0.11646002245399607	0.9076278574796868	0.9976212131247688	-4.6629078166237035	
APOA2	0.03538936990256126	-0.5751938266327716	0.6459725664378941	6.763771271707692	-0.11563663090954625	0.9082779855528665	0.9976212131247688	-4.662920252706394	
CFAB	0.02513998174423429	-0.41620244180815424	0.46648240529662277	6.799462825923077	-0.11364667406477309	0.90984946097604	0.9976212131247688	-4.662949943939977	
PRDX1	0.025854655762880287	-0.43054592586773033	0.48225523739349085	6.2479676762923075	-0.11302122717623178	0.9103434531891728	0.9976212131247688	-4.662959169572442	
AGRIN	-0.022077082487154336	-0.43849232111156305	0.39433815613725437	6.3445451685538465	0.10577487339705527	0.9160693214879724	0.9976212131247688	-4.6630623470769965	
CATB	-0.02331703711687261	-0.4990049244614787	0.4523708502277335	6.480950830723077	0.09779546567612245	0.9223795692262509	0.9976212131247688	-4.6631680604812376	
FA10	-0.023991643680145648	-0.5752273327621836	0.5272440454018924	6.737322890046154	0.08683406313314182	0.9310560931360566	0.9976212131247688	-4.663299775038693	
MEGF6	-0.0313674852045485	-0.8034263063218726	0.7406913359127757	5.878794352923077	0.08105816359315311	0.9356314585357879	0.9976212131247688	-4.6633628903055095	
FA12	-0.02571386405563989	-0.7159048501160009	0.6644771220047211	6.8457202278615386	0.07433023543230385	0.9409637010719452	0.9976212131247688	-4.663430935281433	
ITA8	-0.018532143714859464	-0.5182208794132167	0.4811565919834978	5.963379803738461	0.07399349614859672	0.941230658077457	0.9976212131247688	-4.663434186207069	
HV169	-0.023626019384999548	-0.6779343170510239	0.6306822782810249	6.80634362716923	0.07204031050143134	0.9427792183637254	0.9976212131247688	-4.663452751487884	
ANXA6	0.013699184526234037	-0.36662308569857766	0.3940214547510457	6.409636342107692	-0.0718638378465445	0.9429191436124003	0.9976212131247688	-4.663454404428167	
CO4A	-0.015190004620851376	-0.4673598837259044	0.4369798744842017	6.896061038753846	0.06702297866926768	0.9467581499639319	0.9976212131247688	-4.663498166112771	
KV315	0.01825245025596133	-0.541553008759421	0.5780579092713437	6.667972987292308	-0.06505062779045265	0.9483226752564	0.9976212131247688	-4.6635151218350455	
BGH3	0.01817232286752506	-0.5720516963968979	0.6083963421319479	6.401245696569231	-0.061427241505584936	0.9511973754477396	0.9976212131247688	-4.663544951577905	
APOA1	-0.027329385327249232	-0.9235248023415044	0.8688660316870058	6.397617979461539	0.0608407547813968	0.9516627407663586	0.9976212131247688	-4.663549619186716	
ECM2	0.015570065242708458	-0.5232474819384931	0.55438761242391	6.443197236646154	-0.05765223520255041	0.9541930569466053	0.9976212131247688	-4.663574211980929	
CO5A2	-0.014752798293930528	-0.5627193694621809	0.5332137728743199	6.376903195384616	0.053714036194553026	0.9573189454644084	0.9976212131247688	-4.66360276041546	
EDIL3	-0.012160296919361581	-0.47458711417226684	0.45026652033354364	6.235751265538462	0.05246487171374865	0.9583105941946009	0.9976212131247688	-4.6636113940213795	
RNAS4	0.015235092830255275	-0.5729724474634733	0.6034426331239838	6.522019672415385	-0.05167517609383964	0.9589375278671319	0.9976212131247688	-4.663616747217007	
MFAP5	0.015189885820301265	-0.582208588380455	0.6125883600210574	5.891346030923077	-0.05072918068998075	0.9596885809495923	0.9976212131247688	-4.663623053074222	
CTHR1	-0.009633614981112246	-0.416316368084173	0.3970491381219485	6.548779852353846	0.047260790142496054	0.9624425440509311	0.9976212131247688	-4.663645176321791	
ITAV	-0.007492712550026623	-0.36126873314106556	0.34628330804101226	6.410861670907693	0.04225500204651795	0.9664180266623648	0.9976212131247688	-4.663674344952387	
MXRA5	0.010141974185457788	-0.4790340428495676	0.4993179912204832	6.642287343015385	-0.04136421550435633	0.9671255613162757	0.9976212131247688	-4.663679193668528	
ALBU	-0.009893274749218252	-0.5013119252860848	0.4815253757876483	6.868096492153846	0.04016575021328015	0.968077520923164	0.9976212131247688	-4.663685554161128	
S10A8	0.02056754709667933	-1.027466019862112	1.0686011140554705	6.059266148630769	-0.03915387551391104	0.9688813049769724	0.9976212131247688	-4.663690778802416	
LV310	0.009791313891877741	-0.5406558588742897	0.5602384866580451	6.775299431092308	-0.035488919420088694	0.9717928322024447	0.9976212131247688	-4.663708586503102	
IGHG3	0.007927842405996621	-0.5732058520882081	0.5890615369002014	6.623747980646153	-0.02721738518216627	0.9783652844334194	0.9986846015958637	-4.663742350445174	
CEMIP	-0.00679466287643583	-0.6495177186717105	0.6359283929188388	6.345544775492308	0.02109169499289785	0.9832336702772577	0.9986846015958637	-4.663761614357118	
S10AC	-0.009845965731976483	-1.1459108514102399	1.1262189199462869	6.036726989184615	0.01729110035079687	0.9862545214739993	0.9986846015958637	-4.66377111059215	
ANXA5	-0.0026435718597823715	-0.3742386007683776	0.3689514570488129	6.511036290892307	0.014193472893230275	0.9887167797192735	0.9986846015958637	-4.663777459393498	
ICAM1	-0.0027505968026078176	-0.48421772954570325	0.47871653594048763	6.459355039415384	0.011397975950534033	0.9909389738437993	0.9986846015958637	-4.663782116537201	
TETN	0.0024958238881065244	-0.5063529769810775	0.5113446247572906	6.562439700892308	-0.009785716497433549	0.992220623592007	0.9986846015958637	-4.663784339862263	
HEP2	-0.0010491620561756698	-0.5286983413242897	0.5266000172119384	6.8972015686	0.003967023348127969	0.996846282493171	0.9993412177301844	-4.663789549190551	
VTNC	0.00017530558540092	-0.42189076070301357	0.4222413718738154	6.7060702631076925	-0.00082867219053489	0.9993412177301844	0.9993412177301844	-4.663790528952901	
