	logFC	CI.L	CI.R	AveExpr	t	P.Value	adj.P.Val	B	
IBP5	0.8580527089068049	0.39477377981966727	1.3213316379939424	6.40465499827907	-3.7271890055117765	0.0005246039202124557	0.16210261134564882	-1.0870604125727805	
CRLF1	0.5336627946816421	0.16463135693310954	0.9026942324301748	6.430440978837209	-2.910137830380087	0.005530514582313426	0.7608408473420584	-2.516958386892796	
OSTP	1.1631114975183445	0.3277143012358672	1.9985086938008219	5.997011879116279	-2.801807755346593	0.007386804343126781	0.7608408473420584	-2.69226223304178	
FETUA	1.199204498919003	0.25216167540071543	2.1462473224372904	6.213536066883721	-2.548200692129352	0.014198155488298683	0.8161568560361598	-3.0862402595507987	
FIBA	-1.0918142576260792	-2.0084961461173036	-0.17513236913485486	6.4029572576744185	2.3968458737925435	0.020616304941615315	0.8161568560361598	-3.3094188101997455	
FIBB	-1.1593208475841692	-2.1331173657389315	-0.185524329429407	6.331036759790698	2.3957716747171625	0.020669973479690972	0.8161568560361598	-3.3109687506985708	
FIBG	-1.0866294248601114	-2.0278427024807173	-0.14541614723950536	6.401775443186047	2.3232899493856904	0.02459482389617598	0.8161568560361598	-3.4144065411063282	
RARR2	0.4154371176157196	0.04920834679042335	0.7816658884410159	6.375132348511628	-2.2827735648713143	0.027068120066771412	0.8161568560361598	-3.4712278605714673	
COGA1	0.5863081815219326	0.05558618807372928	1.117030174970136	6.226287745395349	-2.2231505138142613	0.03111102411048348	0.8161568560361598	-3.5535101434716756	
ICAM1	-0.4579967988664309	-0.8776593846281386	-0.038334213104723125	6.587982322348838	2.1962015208979073	0.033107838703246545	0.8161568560361598	-3.590170214358274	
MMP7	-1.0968282538921965	-2.1134703375954897	-0.08018617018890328	5.3464782858837205	2.1711035804231793	0.035068489190069226	0.8161568560361598	-3.624010635359745	
KNG1	0.629987740408009	0.040332721713765673	1.2196427591022523	6.679328860255814	-2.150027904444204	0.036793244703123465	0.8161568560361598	-3.652200872843548	
F13B	-0.6432563801033028	-1.2470541100734878	-0.03945865013311778	6.777295163511628	2.1438906199947567	0.03730932665356741	0.8161568560361598	-3.660370740371581	
ANGI	0.4111301097778439	0.022390670702532145	0.7998695488531558	6.124695537232558	-2.1282893811005477	0.03864996569474355	0.8161568560361598	-3.681058864991651	
APOA	-0.7891046780468961	-1.539105404565364	-0.03910395152842827	6.0850410478837205	2.1173026036265603	0.03961926485612426	0.8161568560361598	-3.695558735160879	
CYTC	0.3600714031899352	0.009159415228675805	0.7109833911511946	6.563997144883721	-2.064906654280662	0.04454042798414107	0.8601870154437243	-3.7639138222845183	
A2AP	-0.7334649820996677	-1.4720400171415955	0.005110052942259968	6.77255703327907	1.9984567691590351	0.05154091760268586	0.9368319728958782	-3.8486828364574133	
CO3A1	0.6975140881662022	-0.02347264168193175	1.4185008180143361	6.353355739883721	-1.946864428155189	0.05761358367473911	0.9615317255412346	-3.9129864560499126	
SLPI	0.5206364639330512	-0.0343831790785778	1.0756561069446802	6.271896331697675	-1.8877141250739171	0.06532190566879105	0.9615317255412346	-3.9850500332066945	
CO8G	0.42034350596399656	-0.036915500342773244	0.8776025122707664	6.422237498697674	-1.8499162683961783	0.0706942884056173	0.9615317255412346	-4.030155212936132	
CO2A1	0.63934060187564	-0.0663641506992565	1.3450453544505365	6.4998264580697676	-1.8231367311597277	0.07472316477650341	0.9615317255412346	-4.0616601160281816	
TARSH	0.5295999464300072	-0.05600910820394778	1.1152090010639621	6.244978208651163	-1.8199109875366004	0.07522128921187109	0.9615317255412346	-4.0654295820551045	
HS71B	-0.3213158193939582	-0.6775426949160558	0.034911056128139384	6.381287307209302	1.815162136234873	0.07595970592562924	0.9615317255412346	-4.0709688823429975	
BGH3	-0.4256429870069014	-0.9059081619429914	0.05462218792918866	6.594182623023256	1.7835052157177063	0.08103969358272987	0.9615317255412346	-4.107589376000678	
PROC	0.7726711831954228	-0.10898819831512585	1.6543305647059716	6.329392206837209	-1.7636153902780927	0.08437483531504532	0.9615317255412346	-4.1303241816980805	
SDF1	0.3387554489573244	-0.05858626565989178	0.7360971635745406	6.39279358344186	-1.7156635546652756	0.09288900714011052	0.9615317255412346	-4.184257794444255	
THRB	0.5933877945617938	-0.11579860811133602	1.3025741972349236	6.577401603255814	-1.6837910876255826	0.0989331207632777	0.9615317255412346	-4.219413277009457	
CYTB	-0.40657502337080587	-0.8957428748751772	0.08259282813356544	6.418363850348837	1.6726026716380629	0.10113024785913331	0.9615317255412346	-4.231621742214189	
PCOC1	0.344566840432357	-0.07322275303816894	0.762356433902883	6.657626326232558	-1.659685730497085	0.10371656035417004	0.9615317255412346	-4.245630277562139	
HSP7C	-0.26240088520482036	-0.5897153556563381	0.06491358524669744	6.484687526674419	1.613281255022402	0.11345891624907375	0.9615317255412346	-4.2951904297609245	
ELNE	-0.5621796154611332	-1.2640320177842468	0.13967278686198048	6.308090523023256	1.61190447497614	0.11375896890373619	0.9615317255412346	-4.296642426729349	
CADH1	0.35736999537200725	-0.0891065978932069	0.8038465886372215	6.455438343604651	-1.6107546302013573	0.1140100579026137	0.9615317255412346	-4.297854273627123	
LYOX	-0.4113958703213378	-0.9304215710111035	0.10762983036842794	6.395463119348837	1.5950748302206363	0.11747917866334437	0.9615317255412346	-4.314305248912678	
COMP	0.45276718746387234	-0.12403723831190616	1.0295716132396509	6.598978529302325	-1.5796335861472564	0.12097863503083009	0.9615317255412346	-4.330370201375814	
CO9	0.3552471362404074	-0.10390815065362125	0.814402423134436	6.502048080813953	-1.5569726865263789	0.12626624676467083	0.9615317255412346	-4.353701338259223	
APOB	-0.5745161738179057	-1.3293655483254323	0.1803332006896211	6.36219279927907	1.5316232757485655	0.13239970668218576	0.9615317255412346	-4.379453047032281	
CO4A2	0.37435880139542593	-0.12873879757110768	0.8774564003619596	6.244837519046512	-1.49742748782713	0.14104847135092777	0.9615317255412346	-4.413605923984842	
TRYB2	0.4581338160487164	-0.15958858754721317	1.075856219644646	6.414376621976744	-1.4924816299158552	0.14233569453357536	0.9615317255412346	-4.4184895838901035	
F13A	-0.34745502195953226	-0.8162295418452319	0.12131949792616742	6.776802851372093	1.491573274107967	0.14257311505281334	0.9615317255412346	-4.41938497302476	
FBN1	0.3277605118417838	-0.11609537248584628	0.7716163961694138	6.521996660790697	-1.4860199672675651	0.14403143677695196	0.9615317255412346	-4.424848582087858	
OLFL3	0.25411016632838496	-0.095556807021274	0.6037771396780439	6.60607172727907	-1.4624378668836409	0.15035611047073164	0.9615317255412346	-4.447849656673007	
DERM	0.3380433633243417	-0.12856558952549996	0.8046523161741834	6.436034329558139	-1.4579053990690656	0.15159640173993047	0.9615317255412346	-4.452233228994273	
SODE	0.4027406014947555	-0.1557805693929209	0.9612617723824319	6.164072113325582	-1.4510947544395643	0.15347521766925082	0.9615317255412346	-4.458797505037512	
PROP	-0.3041959441193798	-0.7368266517176725	0.12843476347891297	6.480600394767442	1.4149662300640977	0.163749027534206	0.9615317255412346	-4.493162818599023	
CO8B	0.3509164048487843	-0.1481921710391168	0.8500249807366853	6.506700411046512	-1.4148768371088858	0.16377509632470316	0.9615317255412346	-4.493246893150237	
PEDF	0.42172731140195385	-0.17877255741405773	1.0222271802179654	6.322062095418604	-1.4132819358168704	0.1642407447028836	0.9615317255412346	-4.494746110923175	
CATZ	-0.40676017701753486	-0.9863680166291255	0.17284766259405582	6.325331339906977	1.4122584252039323	0.1645401115474793	0.9615317255412346	-4.495707423969044	
SBSPO	-0.44197207634800734	-1.0762295415757557	0.19228538887974106	6.219696711255814	1.4022945355598697	0.1674766625341457	0.9615317255412346	-4.505033363289128	
APOD	-0.3940099971556526	-0.9622110487069582	0.1741910543956529	6.326708986255814	1.3954529745834774	0.16951642971860886	0.9615317255412346	-4.511402749436322	
CO7	0.3360677868845747	-0.15188606351875805	0.8240216372879074	6.605350283860465	-1.3859837369689372	0.17237128934264528	0.9615317255412346	-4.520172508851721	
IBP3	0.35256066004613973	-0.1607191551170153	0.8658404752092947	6.633041023674418	-1.3822597510760402	0.17350414667634062	0.9615317255412346	-4.523606768419034	
CD44	-0.29417383650837525	-0.7254293798330743	0.1370817068163238	6.52582652	1.3727117514160743	0.17643494337290236	0.9615317255412346	-4.532374101859915	
FBLN5	0.2667990456114333	-0.12657739458498196	0.6601754858078486	6.391753391790697	-1.3648531405534559	0.17887563905135628	0.9615317255412346	-4.539549268559172	
IGJ	-0.43341874063991614	-1.0789025254923192	0.21206504421248706	5.83859003072093	1.3512395449383436	0.18316494142227324	0.9615317255412346	-4.5518912959027595	
MGP	0.5839437434936556	-0.29309134019853966	1.4609788271858508	6.058919491697674	-1.3398742495267533	0.18680576971858312	0.9615317255412346	-4.56210970292853	
LYSC	0.3689707280711008	-0.19161083955223063	0.9295522956944322	6.103044200186046	-1.3245339581434195	0.19180716503012632	0.9615317255412346	-4.575778476342882	
COLA1	0.31496611781716044	-0.17245901933900232	0.8023912549733232	6.47511087544186	-1.300366918791311	0.19989167076300413	0.9615317255412346	-4.597023248109574	
LV310	-0.345396912091645	-0.8822754156974084	0.19148159151411837	6.701234951744186	1.2946501705519629	0.20184113876262275	0.9615317255412346	-4.601996848476082	
TINAL	0.36289758234342584	-0.2098919696985163	0.935687134385368	6.03325688844186	-1.2749671199090453	0.20866274229696752	0.9615317255412346	-4.6189688151057	
ALS	-0.40619142657886037	-1.0488167620465805	0.2364339088888598	6.560226993813954	1.2719876850005154	0.20971019575578942	0.9615317255412346	-4.621517247285341	
MUC18	0.28041675249791836	-0.16978232786351505	0.7306158328593517	6.401879716883721	-1.2534567389173508	0.21631333542301398	0.9615317255412346	-4.63724539982761	
SERPH	-0.26111080657455044	-0.6862957882953493	0.1640741751462485	6.389736654627907	1.2358248616529521	0.2227384120656067	0.9615317255412346	-4.652014567246397	
RNAS4	0.2842313689521541	-0.1845567771106294	0.7530195150149377	6.242877611674419	-1.2201279701486163	0.2285761075943436	0.9615317255412346	-4.665001583567741	
ANGL4	-0.2628208295831958	-0.7010568688279494	0.17541520966155777	6.750283606139535	1.2068733285075222	0.233592493486664	0.9615317255412346	-4.6758492487577765	
HS90B	-0.2912730186561532	-0.7770275442318986	0.19448150691959226	6.40548464283721	1.206683568395376	0.23366489120645462	0.9615317255412346	-4.676003758463372	
PRG4	0.2749330035099165	-0.18910122330064072	0.7389672303204737	6.98000816472093	-1.1923036109122886	0.2391990324453115	0.9615317255412346	-4.687647374528724	
SAMP	0.32126353035257754	-0.22382364527074566	0.8663507059759008	6.25928430272093	-1.1860567260554562	0.2416326734156094	0.9615317255412346	-4.692665467691707	
CO3	0.257867917899959	-0.18188788642182818	0.6976237222217462	6.939814617604651	-1.1800372882477292	0.24399468145147088	0.9615317255412346	-4.697477844534494	
SAA4	-0.3947190499585052	-1.0715029997614662	0.2820648998444559	6.441598847790698	1.1736754860638168	0.24650918334757402	0.9615317255412346	-4.702539355733685	
PGBM	0.2503627905884524	-0.17949933272394714	0.6802249139008519	6.170470993837209	-1.172062043199289	0.24714986686690626	0.9615317255412346	-4.70381900774346	
CD5L	-0.37032500068175245	-1.0155672996895067	0.27491729832600176	6.0963316174651165	1.1549686604879577	0.25401152716262787	0.9615317255412346	-4.717276059024324	
S10A4	0.20011568980007982	-0.14897268611119047	0.5492040657113502	6.405640145953488	-1.1536013354777181	0.254566259119942	0.9615317255412346	-4.7183446013960815	
TIMP2	0.19897431208430574	-0.14911296104346364	0.5470615852120752	6.437754193976744	-1.1503205139847306	0.25590085549323566	0.9615317255412346	-4.72090372638162	
HEP2	0.25041653111208734	-0.19489414577347153	0.6957272079976462	6.697887359325581	-1.1316441555459646	0.2635937888268337	0.9615317255412346	-4.735342923925982	
CO8A	0.25085537392576357	-0.19602145723530462	0.6977322050868318	6.569943860651163	-1.1296543213039054	0.26442302955318703	0.9615317255412346	-4.736868378311242	
C1R	-0.26067766185603397	-0.7254008351129808	0.20404551140091293	6.614421321906977	1.1288064585987718	0.2647769302885287	0.9615317255412346	-4.737517611917879	
IGKC	-0.23861644095430729	-0.6648267773021196	0.18759389539350502	6.537414609069767	1.1266431576931377	0.2656814260402322	0.9615317255412346	-4.73917206219887	
TENA	-0.31176542119195977	-0.86962490814091	0.2460940657569904	6.476363570279069	1.1246389466726645	0.26652136338408217	0.9615317255412346	-4.740702209906995	
FRIH	-0.2860453742274799	-0.8074771946910128	0.23538644623605298	6.368324749279069	1.1039448964836363	0.2753043427163767	0.9615317255412346	-4.756353073203312	
ECM2	0.2692868257230839	-0.2292874516705835	0.7678611031167513	6.384877131046512	-1.0869141337486754	0.28268403815168214	0.9615317255412346	-4.769029977640104	
PXDC2	0.27539143211482403	-0.23502771877264467	0.7858105830022928	6.3310528829069765	-1.0857590586413288	0.28318951818067123	0.9615317255412346	-4.7698830944173976	
COIA1	0.260355212017336	-0.22540592858426495	0.7461163526189369	5.977261695395349	-1.0785828342916233	0.286344118111437	0.9615317255412346	-4.775164312837071	
CO1A2	0.3262404082874523	-0.28397240745575764	0.9364532240306622	6.542484723372093	-1.0758864182051637	0.287535748699879	0.9615317255412346	-4.7771402253322846	
ITAM	-0.2562387037297014	-0.7389940487388515	0.22651664127944876	6.696547724744186	1.0681386629954253	0.2909789312041148	0.9615317255412346	-4.782791950246704	
SCUB3	0.26865044720606834	-0.24535670802082143	0.7826576024329581	6.249930172790697	-1.051788458409102	0.29833879985040335	0.9615317255412346	-4.794593191272458	
C1S	-0.21319322214819061	-0.6327743373489108	0.20638789305252955	6.697276496046512	1.0225097507232823	0.3118367352389128	0.9615317255412346	-4.815298448580044	
AGRIN	-0.1631570748508046	-0.48493823475367176	0.15862408505206255	6.547438158116279	1.02036439395623	0.3128418782627423	0.9615317255412346	-4.8167939630551455	
CATD	-0.3344464913713597	-1.0042339873879396	0.33534100464522026	6.32780984872093	1.0048462271231624	0.32017800951946124	0.9615317255412346	-4.82752337236643	
AMBP	0.21748525037940955	-0.21970651160690938	0.6546770123657285	6.493232285790698	-1.0010778139980339	0.3219768975591041	0.9615317255412346	-4.830105472463903	
COBA1	-0.40032856721524107	-1.209465103768135	0.4088079693376528	6.227949451604651	0.9956455744159671	0.32458199344630057	0.9615317255412346	-4.833811493091886	
HV307	-0.21173071250237233	-0.6427685038889859	0.2193070788842412	6.39908681372093	0.988504174878029	0.3280282368936981	0.9615317255412346	-4.838654550161673	
PERM	-0.308059171253089	-0.9352486284547704	0.3191302859485924	6.607996241372093	0.9884287998374047	0.328064741077867	0.9615317255412346	-4.838705491181515	
GELS	0.17214032659098066	-0.17922413645901208	0.5235047896409735	6.294039000325581	-0.9859043557128344	0.32928890281907386	0.9615317255412346	-4.840409474279173	
CO4A1	0.27724362691346305	-0.29436503068678854	0.8488522845137146	6.210097336116279	-0.9760515856001512	0.3340959460297166	0.9615317255412346	-4.847020567994518	
CATB	-0.21914723185413282	-0.671357392290352	0.23306292858208627	6.365000553813953	0.975226897338752	0.334500409983718	0.9615317255412346	-4.8475710727451435	
CD97	-0.16996418622625728	-0.5249094953992542	0.1849811229467397	6.51924755444186	0.9636203784778171	0.34022731789192473	0.9615317255412346	-4.855272000664261	
CLUS	-0.17886299929265678	-0.5550822977265931	0.19735629914127958	6.63227579772093	0.9567300994792458	0.3436576474138111	0.9615317255412346	-4.8598023366034075	
OMD	0.2155782091636232	-0.24283490252082268	0.673991320848069	6.429163267604651	-0.946363161702428	0.34886165513553025	0.9615317255412346	-4.866560405658271	
APOE	-0.2680650468671483	-0.8421695455569074	0.3060394518226108	6.519344513930233	0.9396351129287037	0.35226652599258	0.9615317255412346	-4.870908893043553	
IGHG3	-0.234341384089474	-0.7362808450334671	0.2675980768545191	6.517949004186047	0.9395235020195808	0.352323191606594	0.9615317255412346	-4.870980780939037	
QSOX1	0.2187074925531781	-0.2509821806454027	0.6883971657517589	6.469303909813953	-0.937049746325093	0.3535806632265346	0.9615317255412346	-4.872572026907268	
FA12	0.2739677402001643	-0.32193058046112727	0.8698660608614559	6.475997718953488	-0.9252034927683709	0.35964294970801824	0.9615317255412346	-4.880136802613583	
FA9	0.1842239696698083	-0.21792690513265572	0.5863748444722723	6.6610811053720935	-0.9218645531860947	0.3613637523451042	0.9615317255412346	-4.882252425646715	
LG3BP	-0.2866695574634021	-0.9191631038322965	0.3458239889054923	6.058734640697675	0.9120853394506212	0.36643431497249424	0.9615317255412346	-4.888406799768368	
HS90A	-0.19967958468796232	-0.6409906024370271	0.2416314330611024	6.423147422837209	0.9105397129773629	0.3672399026275469	0.9615317255412346	-4.889373784900502	
FINC	-0.14132698856617892	-0.4537309848086374	0.17107700767627954	6.553460929534884	0.9103712246619566	0.36732778834750923	0.9615317255412346	-4.889479101127064	
CCN2	0.14486954010019565	-0.1769080732632171	0.4666471534636084	6.459200157232559	-0.9060063736021162	0.36960926655976345	0.9615317255412346	-4.892200938345481	
ITIH1	0.16309557571620523	-0.20007984114872848	0.526270992581139	6.492718942093023	-0.9037238296966581	0.37080595072142697	0.9615317255412346	-4.893619317902238	
HORN	-0.24291980973961533	-0.7918716276558715	0.3060320081766408	6.536411932883721	0.8905097981451013	0.37778247645115426	0.9615317255412346	-4.901763400663979	
PLMN	-0.2553582362590025	-0.8376039033291995	0.3268874308111946	6.830474889348837	0.8825790258052043	0.3820094764900813	0.9615317255412346	-4.906596239132319	
SULF1	0.1809841006764226	-0.23682855351034796	0.5987967548631932	6.50860996416279	-0.8717035858553983	0.38785443646172857	0.9615317255412346	-4.9131562297966624	
CFAH	-0.16992995656633494	-0.5691863845835559	0.22932647145088594	6.671509419116279	0.8565013011277103	0.39611859085706747	0.9615317255412346	-4.922195542781003	
CD59	0.163823198152547	-0.22539031121607875	0.5530367075211727	6.5147528127906975	-0.8470274630795528	0.4013238081773087	0.9615317255412346	-4.927751559639077	
CO5A1	-0.1932923172141012	-0.6615906340693208	0.2750059996411184	6.586535796860465	0.8306192526475167	0.4104387252888283	0.9615317255412346	-4.9372338744223	
A1AG1	0.3116151806360792	-0.45177712613350296	1.0750074874056614	6.297461362697675	-0.8214494161642656	0.41558754330969383	0.9615317255412346	-4.942455442199376	
IPSP	0.1969623072196936	-0.2883614687882239	0.6822860832276111	6.7890310498139534	-0.8166981139856474	0.4182708017981165	0.9615317255412346	-4.945139030543983	
LUM	0.22413777214699573	-0.32974105661557096	0.7780166009095624	6.416470780883721	-0.8143484673525205	0.4196016288520299	0.9615317255412346	-4.946460598709289	
CO6A3	-0.20268620700074083	-0.704839676482758	0.2994672624812764	6.608887577767442	0.8122649725746074	0.4207838564324431	0.9615317255412346	-4.947629401409961	
HPT	-0.22538851122775094	-0.7860160700174568	0.3352390475619549	6.518462611976744	0.8090350367762434	0.4226205899882315	0.9615317255412346	-4.94943563539619	
COFA1	0.16543409344536458	-0.24673891576166002	0.5776071026523892	6.396855539976744	-0.807710008924116	0.4233754803361325	0.9615317255412346	-4.950174607465753	
MXRA5	0.16790208254373756	-0.25294092770554466	0.5887450927930198	6.5997198744186045	-0.8028713526829454	0.42613905623704973	0.9615317255412346	-4.9528632258674605	
TIMP1	0.2586285713418315	-0.39157471875073113	0.9088318614343941	6.34318324827907	-0.8004557629055232	0.4275227663278993	0.9615317255412346	-4.954199629969757	
MFAP4	0.18427599801308286	-0.2809071149455767	0.6494591109717425	6.229783895023256	-0.7971771265583667	0.42940516751111846	0.9615317255412346	-4.956007295110539	
LTBP4	0.14435525109212502	-0.22076805867442226	0.5094785608586723	6.435865352906977	-0.795615113833851	0.4303037302907343	0.9615317255412346	-4.956865988864823	
APOL1	0.2705322602083327	-0.4151674791066278	0.9562319995232933	6.633044860790697	-0.7939535121392443	0.4312608186558824	0.9615317255412346	-4.957777646825357	
LAMB2	0.15632333303729784	-0.24353087978711846	0.5561775458617142	6.297240562627907	-0.7867416238377908	0.43542963742730356	0.9615317255412346	-4.961713220195769	
CO5A2	-0.18218137626940442	-0.648179262268247	0.28381650972943817	6.63915300055814	0.7867378230077833	0.43543184080154607	0.9615317255412346	-4.961715285193715	
LAMC1	0.1475953449043951	-0.23367733759696066	0.5288680274057509	6.37653584483721	-0.7790170588108707	0.4399213294800429	0.9615317255412346	-4.9658901033342895	
CFAD	0.1630726824240311	-0.25827084161874475	0.584416206466807	6.386895945	-0.7788519102614386	0.44001765914692803	0.9615317255412346	-4.965978969022705	
PLOD1	-0.18024387716982368	-0.6469919906731402	0.28650423633349276	6.590194909697674	0.7771197512719812	0.4410287645589652	0.9615317255412346	-4.966909939209192	
TTHY	0.20954145977499233	-0.33744047545510164	0.7565233950050863	6.612451918232558	-0.7709158579109768	0.4446613961303938	0.9615317255412346	-4.970227861874606	
ITIH5	-0.15890557073363357	-0.5764096754067605	0.2585985339394933	6.355205271255814	0.7659287481823865	0.4475942898449037	0.9615317255412346	-4.972876390625033	
MFAP5	-0.21066619235945513	-0.7663914156071151	0.3450590308882048	5.924627276232558	0.7628598082476202	0.449404747510194	0.9615317255412346	-4.974497964117591	
FCGBP	0.18727672830728215	-0.30699919730519026	0.6815526539197545	6.254622435209303	-0.7624727960328029	0.4496333614963728	0.9615317255412346	-4.974702007314995	
FHR1	0.25314680167261516	-0.4185373890699162	0.9248309924151465	6.4913259932790695	-0.7584331652540979	0.4520236936653369	0.9615317255412346	-4.97682582786778	
MIME	0.26894825928731375	-0.4447913042810228	0.9826878228556504	6.250861484883721	-0.7582963480190147	0.45210478088723227	0.9615317255412346	-4.976897567855496	
NID1	0.1567916130733321	-0.2624866729610992	0.5760698991077633	6.2639891399767444	-0.7525414995140596	0.455523177103622	0.9615317255412346	-4.979903769880925	
ASPN	0.2691814886298062	-0.45209304742655165	0.990456024686164	6.392759353534884	-0.7510253356817258	0.45642627669015634	0.9615317255412346	-4.98069208876316	
CO1A1	0.24277310861120727	-0.4113641059040811	0.8969103231264957	6.548256425837209	-0.7468643325937245	0.45891010212703587	0.9615317255412346	-4.982847661214181	
LEG3	-0.18603307495681748	-0.6880450579143003	0.31597890800066536	6.339292822302325	0.7457376647637565	0.459583986716506	0.9615317255412346	-4.983429325964522	
CSPG2	0.22934673412472223	-0.39582595203473175	0.8545194202841762	5.914875362465116	-0.7382484816588064	0.4640779457508485	0.9615317255412346	-4.987274135764081	
PRDX1	-0.13433866436096728	-0.5068343988584217	0.2381570701364872	6.318082140093023	0.725754470668413	0.4716310394720088	0.9615317255412346	-4.9936045636553645	
APOC3	0.25797473467947823	-0.4582834492782228	0.9742329186371792	6.729017974139535	-0.7247989822718395	0.4722115350302073	0.9615317255412346	-4.994084372178698	
ITB1	0.13165302883078617	-0.2362656476255342	0.49957170528710654	6.374118886046512	-0.7200937116740861	0.475076087064911	0.9615317255412346	-4.996438221994467	
THSD4	0.18979453944076566	-0.3474994014281789	0.7270884803097102	6.32539583844186	-0.7108562200144685	0.48072838148556085	0.9615317255412346	-5.001016042154568	
HV330	-0.17368578530522796	-0.6670800489070141	0.31970847829655824	6.612466010744186	0.7084026519820206	0.48223602060687776	0.9615317255412346	-5.0022223036986215	
ANXA4	0.3182255729526181	-0.5940880440776428	1.230539189982879	6.325443212116279	-0.7019414970847739	0.4862188628085884	0.9615317255412346	-5.00537944193011	
CEMIP	-0.2424193830674271	-0.9376425914562652	0.4528038253214109	6.2599919484418605	0.7017025870812613	0.4863664851801025	0.9615317255412346	-5.005495642197738	
GANAB	-0.10717957924415088	-0.41619103821319414	0.20183187972489236	6.746220774232558	0.6979872040205537	0.48866543569406773	0.9615317255412346	-5.007297766949623	
CLC11	-0.1795020565168699	-0.7023896595273054	0.34338554649356556	6.33849184955814	0.6908298279194982	0.4931111695842174	0.9615317255412346	-5.010743173064308	
IC1	-0.13963720345638012	-0.5543849388120318	0.2751105318992716	6.609538909069768	0.6775277955591251	0.5014326966683095	0.9615317255412346	-5.017054640756044	
CRAC1	0.1665355888372146	-0.33137524960578124	0.6644464272802104	6.4167223289534885	-0.6730781224124461	0.5042333855406673	0.9615317255412346	-5.019139212363471	
CO4B	0.1811588654129569	-0.36246179166545656	0.7247795224913703	6.681646290558139	-0.6706155794269103	0.5057870008702325	0.9615317255412346	-5.020287103940346	
FRIL	-0.24895051310319374	-0.9996895798482558	0.5017885536418684	6.274940290744186	0.6673197942340499	0.5078703720502422	0.9615317255412346	-5.021816985381681	
LAMA5	0.13397460830558974	-0.272242018038795	0.5401912346499745	6.192166557860465	-0.6637045556436652	0.5101610175208455	0.9615317255412346	-5.023486702243395	
PCYOX	0.1335548662562578	-0.27284629990713694	0.5399560324196525	6.557111770860465	-0.6613247385702279	0.5116719299323991	0.9615317255412346	-5.024581004784637	
TRFL	-0.2527314507400402	-1.0327170812142206	0.5272541797341402	6.121408997767442	0.6520526828258666	0.51758155546505	0.9615317255412346	-5.028807956270508	
VWA1	0.16803982964780242	-0.35671878972290405	0.6927984490185088	6.639290542069768	-0.6444105612445526	0.5224796131718513	0.9615317255412346	-5.032248050208969	
ITB2	-0.1323450458846759	-0.5480055661351847	0.28331547436583293	6.362872588209302	0.6407356812686537	0.524843677916685	0.9615317255412346	-5.033888190328415	
CPXM2	0.1677749880429473	-0.362685321076491	0.6982352971623856	6.408207363790698	-0.6364793532468195	0.5275888424733073	0.9615317255412346	-5.0357763826408934	
KV315	0.15382048026544826	-0.33608717406959276	0.6437281346004893	6.476635601604651	-0.6318441017110173	0.530586975428079	0.9615317255412346	-5.03781868181713	
LTBP2	0.11534050486898154	-0.2523385966242373	0.4830196063622004	6.324494434348837	-0.63128126406579	0.5309516323218461	0.9615317255412346	-5.038065675454731	
IGHG1	-0.13967851432458558	-0.5867474298791306	0.3073904012299594	6.753450840046511	0.6287313705672128	0.5326053261589854	0.9615317255412346	-5.039181965408929	
CATG	0.1981298916746893	-0.43608108732799744	0.832340870677376	6.67914149355814	-0.628675077178039	0.5326418647076321	0.9615317255412346	-5.039206559634812	
LRP1	0.12881868771496668	-0.2840295861112343	0.5416669615411677	6.482678590209303	-0.6279114394214093	0.5331376511313252	0.9615317255412346	-5.039539975409417	
LOXL1	0.12977763833922298	-0.2884897061739887	0.5480449828524347	6.456410443953488	-0.6243899515155679	0.5354270660177909	0.9615317255412346	-5.041072382423249	
PLIN2	-0.12278068603896679	-0.5232475729953987	0.2776862009174651	6.6022691142790695	0.616983346115762	0.5402589414978086	0.9615317255412346	-5.044267917291362	
LTBP1	0.12854389718101233	-0.2915022201550207	0.5485900145170454	6.435848701930232	-0.6158351671956714	0.5410099949950068	0.9615317255412346	-5.044759951521688	
APOC4	0.15971258604439778	-0.3665673727758816	0.6859925448646771	6.878773012674419	-0.6107061695152451	0.5443715694446731	0.9615317255412346	-5.046946948858845	
COCA1	-0.14616083214601636	-0.6284127347198907	0.3360910704278579	6.4470044357906975	0.6099118268649777	0.5448931433088277	0.9615317255412346	-5.047284054063948	
KV240	-0.11974130864157367	-0.5176226101401089	0.27813999285696156	6.638060776302326	0.6056203612870498	0.5477153902745013	0.9615317255412346	-5.049097846583561	
SFRP2	0.14543855831176009	-0.33803194644689194	0.628909063070412	6.526781503930232	-0.6053681591560628	0.5478814808340522	0.9615317255412346	-5.049204049866404	
HPLN1	0.16192549686250715	-0.3800114735891853	0.7038624673141995	5.680870064906976	-0.6012795823793479	0.5505776404532778	0.9615317255412346	-5.050919719866771	
PGCA	0.19355923783900206	-0.45555045727804633	0.8426689329560505	5.53810140255814	-0.600075374972931	0.5513730233016254	0.9615317255412346	-5.0514228642439765	
KLKB1	-0.22101213323383218	-0.9624716317526661	0.5204473652850018	6.267738613511628	0.5998444997724853	0.5515255837159558	0.9615317255412346	-5.051519216086552	
GRP75	0.10629388988421212	-0.25287344266832146	0.4654612224367457	6.623086615697674	-0.5955544429959564	0.5543643088117717	0.9615317255412346	-5.053302988118092	
MEGF6	0.1589572794020921	-0.3828448449639857	0.7007594037681699	5.920687160883721	-0.5904045764291576	0.5577816895905559	0.9615317255412346	-5.055427688027417	
CO6	0.15182541848152573	-0.37006631543657076	0.6737171523996223	6.616434535255814	-0.5854287765782658	0.5610935852283736	0.9615317255412346	-5.057463386856213	
IBP7	0.16621190391635549	-0.4197709583006472	0.7521947661333581	5.841962956906976	-0.5708042619774296	0.5708841866627984	0.9615317255412346	-5.063348712235434	
PON1	-0.26344971021237146	-1.2022974040571417	0.6753979836323989	5.8544266597209305	0.5646932272899482	0.5750000554647625	0.9615317255412346	-5.065764673795234	
S10AC	0.30381168234721656	-0.7847158017164932	1.3923391664109264	6.04542651955814	-0.5616620338731215	0.5770469697457382	0.9615317255412346	-5.066953562740497	
VTDB	-0.11996911225631862	-0.5504387030177365	0.3105004785050992	6.627069205302326	0.5608373975490119	0.5776044457633305	0.9615317255412346	-5.067275912472483	
CAD13	0.12879059510881358	-0.3344752080046454	0.5920563982222726	6.226762291372093	-0.5594533832188195	0.5785406641257453	0.9615317255412346	-5.06781587693506	
FMOD	-0.16215238369832205	-0.7558990339204252	0.4315942665237811	6.064818840674419	0.5495815726845292	0.5852397338104913	0.9615317255412346	-5.071629274929326	
AEBP1	0.13831993263160736	-0.36863920904017333	0.645279074303388	6.3624725406744185	-0.5490625308318071	0.585592986203938	0.9615317255412346	-5.071827930054715	
EMIL2	-0.13038784196495504	-0.6111746555855325	0.3503989716556225	6.5072906758139535	0.545751008793766	0.5878491633808343	0.9615317255412346	-5.073091018550701	
ANXA1	0.08806956020130736	-0.23710754387689054	0.41324666427950524	6.484783261232558	-0.5450243004581947	0.588344832823283	0.9615317255412346	-5.073367196100281	
VINC	0.11230172475942757	-0.3024529439900899	0.527056393508945	6.214410085418605	-0.5448853613936676	0.588439622359725	0.9615317255412346	-5.073419957166816	
TIMP3	0.14357756840371724	-0.3955377825539812	0.6826929193614157	6.362264712023256	-0.5359384221629782	0.5945588465263852	0.9615317255412346	-5.076789632156683	
HRG	-0.11465359955048417	-0.5455827980208713	0.3162755989199029	6.7154255513488375	0.5354165237325321	0.5949167220448291	0.9615317255412346	-5.076984500114792	
ANX11	0.2015452173208042	-0.5580504144351384	0.9611408490767468	6.380099799744186	-0.533949317665148	0.5959233564719615	0.9615317255412346	-5.077531329036195	
MSRE	0.11232265838011601	-0.32760155066497804	0.5522468674252101	6.451139443627907	-0.5138063996569608	0.6098235146831218	0.9615317255412346	-5.084889246287066	
IGLL5	-0.09949412165094168	-0.49151509605501853	0.29252685275313517	6.55165075244186	0.510737934939022	0.6119539865443482	0.9615317255412346	-5.085985654827008	
CO8A1	0.12101485907927186	-0.3567471578166762	0.5987768759752199	6.3900431636976744	-0.5097263415906412	0.6126570926420876	0.9615317255412346	-5.086345694029668	
CD14	0.15355266825748493	-0.4557421423662573	0.7628474788812272	6.289237661372093	-0.5071540358653609	0.6144466271504057	0.9615317255412346	-5.087258042501581	
S10A8	0.2215983360649579	-0.705739873598863	1.1489365457287788	5.807211125023255	-0.48088179718125096	0.6328583762145403	0.9615317255412346	-5.096315631394798	
B2MG	0.13772351945693323	-0.45403971011072825	0.7294867490245946	6.241428080674418	-0.46834957893264967	0.6417254645206687	0.9615317255412346	-5.100468747899695	
SPP24	0.1596715333556886	-0.527858679394496	0.8472017461058733	6.486152236116279	-0.4673537223153774	0.6424323669099163	0.9615317255412346	-5.100794125340747	
APOC2	0.17968750979030942	-0.596968515742918	0.9563435353235369	6.842631113767442	-0.46558520552716764	0.643688561493058	0.9615317255412346	-5.101370268809902	
PGS1	0.13122022605853692	-0.4437714874790468	0.7062119395961206	6.405513785697674	-0.4592500299626742	0.6481971113277455	0.9615317255412346	-5.103416417336755	
THIO	-0.07945055783325396	-0.42770954217094304	0.26880842650443515	6.5331228369767445	0.4590971738652153	0.6483060599428794	0.9615317255412346	-5.103465444918744	
CTHR1	0.09538418595810154	-0.32420254761576606	0.5149709195319692	6.4973959323953485	-0.4574721149942218	0.6494648055660109	0.9615317255412346	-5.103985674641019	
ALBU	0.09518518658000966	-0.32429112074305033	0.5146614939030696	6.731097137674419	-0.45663787135125145	0.650060002236673	0.9615317255412346	-5.104252032726917	
S10AA	-0.09825901115600112	-0.5341421913833732	0.3376241690713709	6.668751028395349	0.4536409758442012	0.6522000572993241	0.9615317255412346	-5.105204920848288	
MFGM	0.1061860055123012	-0.36713843321662976	0.5795104442412321	6.045863909790698	-0.4514590391731376	0.65376002144381	0.9615317255412346	-5.10589478459303	
APOA1	0.21003519582110727	-0.7361943197368032	1.1562647113790177	6.1879985211395345	-0.44668933431742786	0.6571755337869941	0.9615317255412346	-5.107391373290846	
SMOC2	0.08703093230861197	-0.3078858464519025	0.4819477110691264	6.257081311930232	-0.4434840935380383	0.659474924113578	0.9615317255412346	-5.1083882507666125	
CFAB	0.09588452555245489	-0.34333677825494635	0.5351058293598562	6.668188986255814	-0.4393140819077378	0.662471403490401	0.9615317255412346	-5.109674559268009	
CO6A2	-0.11867658529414499	-0.6633512554640473	0.42599808487575735	6.662353097139535	0.43846795646456554	0.6630800942899799	0.9615317255412346	-5.109934093673431	
TAGL2	0.09315285160078543	-0.3438163225972666	0.5301220257988375	6.341440154953489	-0.4289980822742651	0.6699081841668031	0.9615317255412346	-5.112805039215879	
POSTN	-0.13006577266715943	-0.7435164427569764	0.48338489742265744	6.3643280835581395	0.4266712475651991	0.6715902561413666	0.9615317255412346	-5.113500963782719	
HPTR	-0.1606281256903699	-0.9284749858449	0.6072187344641602	6.149623605860465	0.4209756505007949	0.6757147697111167	0.9615317255412346	-5.115188630177008	
YBOX1	0.1084291215601146	-0.4137537647845874	0.6306120079048166	6.347162445906977	-0.41786240789958906	0.6779735161978344	0.9615317255412346	-5.116101626345396	
APOA4	0.13866999311352368	-0.5303964403314109	0.8077364265584582	6.318849581906977	-0.4170837305928161	0.67853893738022	0.9615317255412346	-5.116328933858447	
NID2	0.09104098816683814	-0.3551326291858897	0.537214605519566	6.435569625860465	-0.4106228132514524	0.6832375881180195	0.9615317255412346	-5.118198776545771	
AACT	0.08862576498437325	-0.3468023013561946	0.5240538313249411	6.768645684976744	-0.40959399004487923	0.6839869684927591	0.9615317255412346	-5.118493857908827	
PA2GA	0.09589885692022174	-0.37717230896956266	0.5689700228100062	5.922773085372093	-0.4079406184726985	0.6851919343250615	0.9615317255412346	-5.118966532665482	
TSP1	0.12058078519558073	-0.47878000751989164	0.7199415779110531	6.514376908697675	-0.40485524972607284	0.68744274075482	0.9615317255412346	-5.119843529382859	
AMPN	0.06998862419611909	-0.28228957404338595	0.4222668224356241	6.6842136879069765	-0.39980819121446065	0.6911307845119563	0.9615317255412346	-5.121263901695545	
IGHA1	-0.10461255388335308	-0.6317165921002931	0.42249148433358685	6.331722134395349	0.39939025018850854	0.6914365282102257	0.9615317255412346	-5.121380729471268	
HMCN1	0.08460919587670945	-0.34623316099390244	0.5154515527473214	6.416658072604651	-0.39519293522862137	0.694509936995876	0.9615317255412346	-5.122547296915218	
HTRA1	-0.09689214087475727	-0.5907382339815659	0.3969539522320513	6.187997716511628	0.3948270756914071	0.6947780778930632	0.9615317255412346	-5.122648402132557	
KVD11	-0.08957849592628123	-0.5499137330309225	0.3707567411783601	6.495295307488372	0.39159716931416294	0.697147005326175	0.9615317255412346	-5.12353695900736	
KV320	-0.08986307871993993	-0.56118243809104	0.38145628065116016	6.477828095162791	0.383686052608122	0.7029621500133725	0.9615317255412346	-5.125682761020276	
ANXA6	-0.057758083430725055	-0.36125344294885264	0.24573727608740256	6.530270218325581	0.38297525704335417	0.7034855133670976	0.9615317255412346	-5.125873430240287	
FBLN1	-0.08115454611049108	-0.5124159344201143	0.35010684219913224	6.675929041697675	0.37868863728571406	0.7066448471326097	0.9615317255412346	-5.127015871758674	
HV118	-0.1000271013946838	-0.6378453016167901	0.43779109882742245	6.6587353680232555	0.37427617850477696	0.7099023861020779	0.9615317255412346	-5.128178527934734	
SAP	-0.10691559083374867	-0.6969445338083836	0.48311335214088624	6.490466381093023	0.3646512629833687	0.7170270212510736	0.9615317255412346	-5.130667720750136	
ITIH4	-0.08035325220636316	-0.5244931986555263	0.3637866942428001	6.6719772756976745	0.3640773159443148	0.717452684997383	0.9615317255412346	-5.13081412157582	
MMP2	-0.08712066959561593	-0.574520255788723	0.4002789165974911	6.397433306186047	0.35970464510383426	0.7206986112890389	0.9615317255412346	-5.131921975185543	
VTNC	0.08225744842188627	-0.3784134663596376	0.5429283632034101	6.626460553348838	-0.3593307949804963	0.7209763704661583	0.9615317255412346	-5.132016076713967	
S10A9	-0.15094073474219355	-0.9992814349956056	0.6973999655112186	5.881381148534884	0.35805204125962575	0.7219267324451988	0.9615317255412346	-5.132337216419832	
ITIH2	0.11608784683856258	-0.5550655507030101	0.7872412443801352	6.455518734325581	-0.3480767062606659	0.7293554538136842	0.963108874357172	-5.134803347910104	
A1BG	-0.06818860291125584	-0.4692765546639671	0.33289934884145544	6.686397309418605	0.3421229228309513	0.7338018777540354	0.963108874357172	-5.1362422819204685	
HPLN3	0.11257381178647362	-0.5590295331860645	0.7841771567590118	5.775577298465116	-0.3373141181698303	0.7373999557459527	0.963108874357172	-5.137386489024571	
FGL2	0.08100052718522419	-0.4068739874773766	0.5688750418478249	6.400785484930233	-0.3341101819124811	0.7398005363885274	0.963108874357172	-5.138139900761781	
TSP2	0.09494643146582411	-0.48201122633287846	0.6719040892645267	6.3688766946279065	-0.3311652067585927	0.742009399509798	0.963108874357172	-5.138826114991301	
CO5	-0.08410480216732062	-0.5990372343767325	0.43082763004209124	6.575483005325581	0.3286854997291321	0.7438709948402931	0.963108874357172	-5.139399233852836	
A1AT	0.07106578773558622	-0.366048281519052	0.5081798569902244	6.779622700418605	-0.3271717423228601	0.7450081820118133	0.963108874357172	-5.139746994423639	
GDN	-0.09672345723614545	-0.7070407618706522	0.5135938473983614	6.468273014186047	0.3189232088295887	0.7512147937002773	0.963108874357172	-5.141613918018237	
SAA1	-0.12693016550318947	-0.947673369553277	0.693813038546898	5.731413181395348	0.31122003599474996	0.7570261047273241	0.963108874357172	-5.1433146064005	
LEG1	-0.06762328508136187	-0.5226650831262383	0.3874185129635146	6.2318314136046515	0.29905768798053	0.7662302638580542	0.963108874357172	-5.145915580042696	
APOH	0.061259927581350564	-0.3642705132072164	0.4867903683699175	6.6215021917674415	-0.2897049017468507	0.7733315424557206	0.963108874357172	-5.147845553851223	
CO6A1	-0.0742554594571913	-0.6071782299735836	0.45866731105920105	6.604494879023256	0.28039748262752723	0.7804178805080787	0.963108874357172	-5.1497055779306065	
HEMO	0.05197996242310222	-0.3322978015570748	0.4362577264032792	6.689050074116279	-0.27220788667876367	0.7866687858674002	0.963108874357172	-5.151292202767115	
TR11B	0.08011761281021824	-0.5147981148565609	0.6750333404769974	6.328302965558139	-0.27100827242457676	0.7875856243558961	0.963108874357172	-5.151520679873919	
TRFE	0.05362269808838553	-0.3471991088667436	0.4544445050435147	6.774856115418604	-0.2692199990016054	0.7889529260439084	0.963108874357172	-5.151859406654921	
CBPB2	0.0798032328839238	-0.5231932575456207	0.6827997233134683	6.7204430447209305	-0.2663273074693184	0.7911660782675825	0.963108874357172	-5.152402599048506	
LAMB1	-0.05272037273238516	-0.45325121160250637	0.34781046613773603	6.570539670372093	0.264882038162067	0.7922724836519479	0.963108874357172	-5.1526718036007155	
FHR3	0.1028293180923096	-0.6940613992470648	0.8997200354316839	6.355086287372093	-0.25967383119441995	0.7962631210901296	0.963108874357172	-5.153629812056748	
CERU	0.06764779691587783	-0.47335528685059913	0.6086508806823548	6.386893620046512	-0.2516308673070302	0.8024365950149922	0.963108874357172	-5.155072017734735	
ANT3	0.04494711448014063	-0.3256089188812964	0.4155031478415777	6.752881293418604	-0.24409446122800504	0.8082328405591712	0.963108874357172	-5.156382360139231	
CO8A2	0.06188917385930223	-0.44882904379315647	0.572607391511761	6.426831039325581	-0.24386155197551676	0.8084121460031297	0.963108874357172	-5.15642222317811	
FHR5	0.06272995127169582	-0.4700958926087337	0.5955557951521253	6.5929887178837205	-0.23691887752462906	0.813761701551177	0.963108874357172	-5.157593063643204	
C1QC	-0.05008363565213304	-0.4797526782907629	0.37958540698649684	6.503558532302326	0.23456962898417943	0.8155739206468832	0.963108874357172	-5.157981617714211	
EDIL3	0.045628233552313456	-0.35094735808029226	0.44220382518491913	6.257986868627907	-0.23153554497636816	0.8179159312079427	0.963108874357172	-5.158477728157742	
EMIL1	0.03181775262977455	-0.2461574455090968	0.3097929507686459	6.502214718906977	-0.23034216804503527	0.818837560614211	0.963108874357172	-5.158671095681502	
ITA8	0.05753037839464551	-0.4465744472629339	0.5616352040522249	6.009930284186047	-0.22966053559578586	0.819364092536074	0.963108874357172	-5.158781096225278	
S10AB	0.04525267304155379	-0.35162573829366234	0.4421310843767699	6.524065042302325	-0.22945459531784024	0.8195231891511188	0.963108874357172	-5.1588142665400465	
FCN3	0.04927420474304879	-0.3867452758488696	0.48529368533496714	6.3364175344418605	-0.22741741995296963	0.8210973960221613	0.963108874357172	-5.159140791172637	
CATF	-0.04735688759424563	-0.46851694201142213	0.3738031668229309	6.310707914651163	0.22627989904532925	0.8219767281826655	0.963108874357172	-5.159321853227791	
PODN	0.03976639897792822	-0.31571634972523843	0.39524914768109487	6.59173452616279	-0.22511671022909133	0.8228761411359292	0.963108874357172	-5.159506064726992	
HSPB1	0.05331632171459303	-0.42602259317911745	0.5326552366083035	6.041780770604651	-0.22383473872054493	0.8238676788569752	0.963108874357172	-5.159707990950799	
PROS	0.05753652724830868	-0.4670736033813492	0.5821466578779666	6.755533360976744	-0.22070743839477958	0.8262876966400132	0.963108874357172	-5.16019575477232	
ITIH3	0.036390129800293214	-0.2991406259330567	0.3719208855336431	6.664705164348837	-0.2182535252911029	0.8281878181703795	0.963108874357172	-5.160573698574112	
APOA2	0.07004871380074476	-0.5823842425567809	0.7224816701582704	6.657132815465117	-0.2160599506643867	0.8298872332692497	0.963108874357172	-5.160907978508998	
SOST	0.08026300637873424	-0.6777775032742439	0.8383035160317123	5.439814545767442	-0.21307524947450537	0.8322008720173623	0.963108874357172	-5.161357409772592	
ITA1	0.03913489717146545	-0.33789416813180106	0.416163962474732	6.404369569465116	-0.20888120454966277	0.8354544866117153	0.9632665535933583	-5.161978404187638	
VWF	-0.05321861048167185	-0.5935197133814153	0.48708249241807156	6.595025979744186	0.19821552846328458	0.8437415808230957	0.9692050129157493	-5.163502142744404	
PPT1	-0.03847347779584485	-0.4489494340948639	0.37200247850317414	6.384382919744186	0.18861825396507845	0.8512138680637876	0.9727108511043052	-5.164805147921937	
GRN	0.047924722854787785	-0.4726832217800345	0.5685326674896101	6.5011909503953484	-0.1852502558299506	0.853839449144139	0.9727108511043052	-5.165247120212683	
IGHG2	-0.04403044822458467	-0.5400992756420004	0.4520383791928311	6.676129713604651	0.17861633216915587	0.8590159033289508	0.9727108511043052	-5.166094424652712	
APOC1	0.04114217050032035	-0.44125085385076424	0.523535194851405	6.691864635744186	-0.17163117599375116	0.8644731917495789	0.9727108511043052	-5.166953255848826	
PGS2	0.07796716270753695	-0.8424855537225957	0.9984198791376697	6.206493317697674	-0.1704591207817455	0.8653895445075466	0.9727108511043052	-5.167094010554545	
SFRP3	0.042825667441660824	-0.47704927843010725	0.5627006133134289	6.463576290697675	-0.1657735545061352	0.8690547349590059	0.9727108511043052	-5.167647090889886	
A2MG	0.04459083850568515	-0.5075308017254785	0.5967124787368487	6.394206297581396	-0.16252525915582033	0.8715973603612883	0.9727108511043052	-5.168021483476099	
S10A6	0.02736322547918334	-0.31246081788109276	0.36718726883945946	6.4090832608604655	-0.16204035418787552	0.8719770412812056	0.9727108511043052	-5.168076738155109	
C1QB	0.03757378510444	-0.45414177777897724	0.5292893479878572	6.561389452023255	-0.15377331994215274	0.878454748055149	0.976406260976948	-5.168993396642028	
HV169	-0.0369785790362343	-0.5402652478931802	0.46630808982071165	6.459787236372093	0.1478579870573	0.8830949480968374	0.976406260976948	-5.169619879879704	
FBLN2	-0.026820675672711417	-0.3971999214764391	0.3435585701310163	6.549971726511628	0.1457246661808504	0.8847694274224771	0.976406260976948	-5.169839795059367	
DEF1	-0.0402494590660741	-0.6863457069290616	0.6058467887969133	6.462969745418604	0.12536399595408987	0.9007765152761333	0.9905232789408976	-5.171778044871059	
IGHG4	0.029784373582667643	-0.4766840014649784	0.5362527486303137	6.348574786186046	-0.11834397048130503	0.9063055199524244	0.9905232789408976	-5.172378885214891	
PRELP	-0.031181487272884372	-0.5664162661128559	0.5040532915670871	6.4074306507674414	0.11723640650530584	0.9071782781238642	0.9905232789408976	-5.172470522180552	
CRIP2	0.022037055836249556	-0.39953697602162197	0.44361108769412105	6.042304854046511	-0.10519369696022766	0.9166751505697783	0.9915639665218875	-5.173411324918336	
PRDX2	-0.023189264623602223	-0.518839180428162	0.4724606511809576	6.345513250348837	0.09415034969793637	0.9253947670904668	0.9915639665218875	-5.174184565662474	
CD109	0.02603275250604841	-0.5359466383386576	0.5880121433507545	6.390003768813954	-0.09322012865142175	0.9261296899567018	0.9915639665218875	-5.174245788383928	
ECM1	-0.017302778767779897	-0.3915099187631004	0.35690436122754055	6.862805672186046	0.09304944409432457	0.926264546694767	0.9915639665218875	-5.174256956057624	
ITAV	-0.014443772081008928	-0.34644382603546164	0.31755628187344376	6.448270859627907	0.08754925808421701	0.9306113560914511	0.9915639665218875	-5.174605875250102	
TETN	0.020348386510575946	-0.47257125992395577	0.5132680329451077	6.488807258372093	-0.08307375620257326	0.9341499393457163	0.9915639665218875	-5.174874114909152	
ANXA5	-0.013404718215965864	-0.34681847966830104	0.32000904323636936	6.553820737651163	0.08090663999054179	0.9358638705900272	0.9915639665218875	-5.174998946536175	
CO5A3	0.023718500188252566	-0.5688330510740683	0.6162700514505736	6.554083741813954	-0.08055102695687069	0.9361451477516576	0.9915639665218875	-5.175019115768733	
PDIA1	-0.014576408315892932	-0.4092713484719219	0.3801185318401361	6.643317354023256	0.07431884712173184	0.9410758822206453	0.9915639665218875	-5.175358167702684	
C1QA	-0.016859495877516575	-0.49111617663819057	0.45739718488315745	6.636448524325582	0.0715387133079679	0.9432762140970434	0.9915639665218875	-5.1755006176712595	
APMAP	-0.01858775275353287	-0.5621769447854909	0.5250014392784251	6.518927221976744	0.06881229958456381	0.9454344635764166	0.9915639665218875	-5.175635042613273	
CCL18	-0.02136043709532587	-0.6601557156781743	0.6174348414875226	6.328692904093023	0.06729122514930473	0.9466387382652325	0.9915639665218875	-5.175707769668768	
CO4A	0.014047882175038147	-0.443745430639026	0.4718411949891023	6.847026129255814	-0.06175205420839986	0.9510252888363419	0.9927932913865866	-5.175958878495605	
MMP12	0.018694642636409933	-0.7632928465986206	0.8006821318714405	6.275214085953488	-0.04810911416870624	0.9618355850775406	0.9937768574712325	-5.176485438155037	
FA10	-0.01112544444867124	-0.5651365135140239	0.5428856246166814	6.770128807976744	0.04041186795213592	0.9679380051556259	0.9937768574712325	-5.176724819541483	
ZPI	-0.008577251347375046	-0.48185541679181787	0.4647009140970678	6.778440879813953	0.03647049564695747	0.9710635212551684	0.9937768574712325	-5.176831280164091	
PLTP	-0.014044769221051356	-0.8231352458599868	0.795045707417884	5.842313110186047	0.03493232690134739	0.9722834193798764	0.9937768574712325	-5.176869866781579	
ANXA2	0.006838750202458185	-0.4547078828614923	0.4683853832664086	6.475749102813953	-0.029817494725241686	0.9763403797199015	0.9937768574712325	-5.176986223112496	
OAF	-0.005827491655690582	-0.39990435548522546	0.3882493721738443	6.597256429232558	0.029758478293345606	0.976387194013671	0.9937768574712325	-5.176987458394739	
COEA1	-0.005486279349189284	-0.4335459637498155	0.422573405051437	6.391577467116279	0.025791914938402917	0.9795338215052412	0.9937768574712325	-5.177064873375996	
HV439	0.003982766899108851	-0.3235372842859339	0.33150281808415166	6.636107564255814	-0.024471297311970012	0.980581527212931	0.9937768574712325	-5.177088194665966	
TENX	0.0046950682595538066	-0.3880953524303311	0.3974854889494387	6.456017698906977	-0.024054205701970227	0.980912432131799	0.9937768574712325	-5.177095305610157	
MARCO	0.0017828018642538225	-0.4186952735674584	0.42226087729596606	6.4323058844186045	-0.008532370813305818	0.993228783609593	0.997545216759199	-5.177273015171123	
LAMA4	-0.001319914941913388	-0.4270387241254039	0.42439889424157706	6.49721725355814	0.006239260293983642	0.9950485479202782	0.997545216759199	-5.177284916233983	
FBLN3	-0.0013293029828375653	-0.4532175977813303	0.4505589918156552	6.32542978972093	0.005919743439590799	0.9953021121139418	0.997545216759199	-5.177286281207746	
FHR2	0.0007455045380307585	-0.48426236622696234	0.4857533753030238	6.845335065883721	-0.0030932249363276832	0.997545216759199	0.997545216759199	-5.177295231812932	
