	logFC	CI.L	CI.R	AveExpr	t	P.Value	adj.P.Val	B	
GRN	0.4448474094332123	0.158702404634458	0.7309924142319666	6.164293759694444	3.0809903552708957	0.0026084213021061804	0.414928560610547	-1.909109153535682	
IBP3	-0.45746248334239303	-0.7526279925794649	-0.16229697410532118	6.355876230407407	-3.0715339309354137	0.002685621751524576	0.414928560610547	-1.9286430350945087	
MMP12	0.7423367474072624	0.1987720795852066	1.2859014152293182	5.737587229	2.7065445630157803	0.007886367047173938	0.5397997260576485	-2.645034830702706	
HS90A	0.32527105040996845	0.055479150848935566	0.5950629499710014	6.336475732388889	2.3893619760475926	0.018583892486610236	0.5397997260576485	-3.205317730776244	
MGP	-0.6034020500136074	-1.111768486568443	-0.09503561345877176	5.883431583972222	-2.352314325589671	0.020440206587635207	0.5397997260576485	-3.266811827155719	
PERM	0.3330013603588268	0.043793917139160865	0.6222088035784927	6.176554067185185	2.2819282427117638	0.024422987658812744	0.5397997260576485	-3.3813126324468	
CO4A2	-0.31921066034222195	-0.5980089490242976	-0.04041237166014633	6.550513351555556	-2.2690952403209392	0.02521846237732294	0.5397997260576485	-3.401857459061172	
IBP5	-0.39450933482018186	-0.7483390151845717	-0.04067965445579197	6.3128799575925925	-2.2096753230773016	0.029205174589856803	0.5397997260576485	-3.4956429622242853	
CO6A3	0.32127081415366504	0.030282958304684138	0.612258670002646	6.369484744824074	2.188073222635056	0.030785233562136693	0.5397997260576485	-3.5291888644014566	
CCN2	-0.2500749367698719	-0.4768374788169729	-0.02331239472277094	6.4934563095	-2.1855678458399797	0.030973216128584516	0.5397997260576485	-3.533060409256887	
CATB	0.34672151699000353	0.0282692997575697	0.6651737342224373	6.132070161787037	2.1577541421905106	0.033128129364813436	0.5397997260576485	-3.57577402071834	
IBP7	-0.47004918071975715	-0.9048289898997042	-0.035269371539810135	6.432088843027778	-2.1425914836107927	0.034356785447974963	0.5397997260576485	-3.5988527715002423	
CO8A1	-0.34543691490287753	-0.6659500237829824	-0.024923806022772665	6.51113064837037	-2.135936766727292	0.03490837207456339	0.5397997260576485	-3.6089356231935126	
SCUB3	-0.36900297875050714	-0.7116353116216304	-0.02637064587938387	6.592525996675926	-2.134356547185997	0.03504047164736113	0.5397997260576485	-3.611325741776673	
GANAB	0.16861709862072802	0.011502084063911122	0.3257321131775449	6.5116871275	2.126911228746692	0.03566870475357584	0.5397997260576485	-3.6225655578662836	
CO4A1	-0.3543250932106501	-0.6855330629332932	-0.02311712348800704	6.474585829194444	-2.120149927817941	0.036247635499483025	0.5397997260576485	-3.632742133608875	
CLUS	-0.2271391339303695	-0.44444730091343887	-0.009830966947300124	6.596396252101852	-2.0714829301893496	0.04065918912987635	0.5397997260576485	-3.7051294434009887	
TENA	0.40674899325692654	0.014358929721966562	0.7991390567918866	6.1934710670185185	2.054347591969479	0.04231867253044284	0.5397997260576485	-3.730254793363317	
MXRA5	0.24876700339061059	0.00871948080230836	0.48881452597891284	6.410460203361111	2.0538134254516334	0.04237132444223274	0.5397997260576485	-3.7310349976755006	
APOC3	-0.32087208440538106	-0.6310442331090681	-0.01069993570169403	6.323637555157408	-2.050192208797489	0.04272974502662743	0.5397997260576485	-3.7363193031889503	
CATD	0.3917163117448308	0.011498645592312118	0.7719339778973495	6.016637744398148	2.0417605431049455	0.043574376267227856	0.5397997260576485	-3.748590553296058	
IGHG3	0.36232168284700117	0.007309031702717073	0.7173343339912852	6.2299370995	2.0226276362977518	0.045544154161453076	0.5397997260576485	-3.776265863388112	
LAMA5	-0.2922492018348998	-0.5801036889830002	-0.004394714686799306	6.670450417657407	-2.0120824446769494	0.04666196953819205	0.5397997260576485	-3.791418013329067	
BGH3	0.2615244404331232	0.0034261623195883106	0.519622718546658	6.3401852135925925	2.0081336621202626	0.04708653177838106	0.5397997260576485	-3.7970733891230015	
PLIN2	0.32229534634581863	-9.485965973110577e-05	0.6446855523513684	6.360977355138889	1.98124250600581	0.050066276520724554	0.5397997260576485	-3.835317233367615	
MMP7	0.7450377609434056	-0.0029230364210096615	1.492998558307821	4.818613021398148	1.9740806462216325	0.05088637631613081	0.5397997260576485	-3.845423326997751	
FRIH	0.31899090897830645	-0.003665181779845317	0.6416469997364582	6.00662996775926	1.9593132721783564	0.05261342605776579	0.5397997260576485	-3.8661560179522025	
SOST	-0.6198358517222277	-1.2492445372565948	0.00957283381213958	6.095349238092592	-1.9516835549104545	0.053525018355421304	0.5397997260576485	-3.876812012879195	
CO6A2	0.2941723759232741	-0.009909213109333292	0.5982539649558816	6.4284191828796295	1.9172431904778577	0.057808002032757815	0.5397997260576485	-3.924438872394628	
ECM2	-0.25881994989544965	-0.531639716805107	0.01399981701420766	6.56608132612037	-1.8801277398122922	0.06274334361163778	0.5397997260576485	-3.974893035583765	
FA9	-0.274806171652059	-0.5658229726736617	0.016210629369543594	6.332190715083334	-1.8714311817032698	0.06394948916716124	0.5397997260576485	-3.9865837217973485	
TRYB2	0.30910345666783945	-0.01936830466346595	0.6375752179991448	6.029444552314815	1.864967484656966	0.0648584769849628	0.5397997260576485	-3.9952404347505253	
TINAL	-0.3352567390524239	-0.6926490198148834	0.02213554171003551	6.7149951287314815	-1.8590787651628824	0.06569598857411357	0.5397997260576485	-4.003103045290449	
TRFL	0.34702548555691454	-0.023860509025801113	0.7179114801396302	5.544749992925926	1.8543272422437316	0.0663783351558613	0.5397997260576485	-4.00943054754412	
PGCA	-0.4915101303044021	-1.0170576953288655	0.03403743472006132	6.486524887537037	-1.8534713911253045	0.06650186724158157	0.5397997260576485	-4.010568677945406	
ITAM	0.22455196040081232	-0.020682508989296106	0.4697864297909208	6.523891118916667	1.8146830369238804	0.07230527241916992	0.5397997260576485	-4.061640398300407	
HPLN1	-0.46261086141604013	-0.9706757495832824	0.04545402675120214	6.3642929542777775	-1.8045215992379011	0.07389325470011056	0.5397997260576485	-4.074854435675343	
CO6A1	0.2878032242452524	-0.02900762733210477	0.6046140758226095	6.380487579240741	1.8003670171315238	0.07455078583340838	0.5397997260576485	-4.080237287607342	
VINC	-0.28768394832332145	-0.6045922412503163	0.029224344603673402	6.654287993305555	-1.7990675425485314	0.07475744127523717	0.5397997260576485	-4.081918579690523	
COMP	0.3168099507969768	-0.03351977374584836	0.667139675339802	6.394817750787037	1.7922032820846443	0.07585694934889484	0.5397997260576485	-4.090781042711599	
PGBM	-0.2630610233909043	-0.5543820007987862	0.028259954016977562	6.791966399537037	-1.7895761731646833	0.07628128018571065	0.5397997260576485	-4.094164591186176	
CD109	0.2796177950963864	-0.030203917411334325	0.5894395076041071	6.319144493435185	1.7886213010616703	0.07643599667234298	0.5397997260576485	-4.095393263963063	
THRB	-0.45179204114188437	-0.9533835946777505	0.04979951239398167	5.943130031185185	-1.7850640482938147	0.0770146578245698	0.5397997260576485	-4.099965167455402	
SFRP3	-0.2525564073566981	-0.5339174591115143	0.028804644398118084	6.397162077638889	-1.7789340757742063	0.07802031529353134	0.5397997260576485	-4.107823785966929	
ITB2	0.22216833273439257	-0.026037502757667752	0.4703741682264529	6.248384368638889	1.7739264525472633	0.07884986645123479	0.5397997260576485	-4.114224915232226	
CYTB	0.268762934885201	-0.03302886333047628	0.5705547331008782	6.082139826351852	1.764929588654638	0.0803585352707179	0.5397997260576485	-4.125683257439172	
ICAM1	0.21671789954700443	-0.030185855534450273	0.46362165462845917	6.429389756175926	1.7395324299453319	0.08474600883519331	0.557159930427122	-4.157736268923028	
MSRE	0.2508661110127935	-0.03986193443537084	0.5415941564609579	6.245038025	1.7100960767978595	0.09007505119854461	0.5626125004976746	-4.194344898082227	
B2MG	0.25207390608545555	-0.04065972969156911	0.5448075418624803	5.942921051990741	1.7065566375646066	0.0907338440599419	0.5626125004976746	-4.198707441186871	
EMIL2	0.24312071048479386	-0.039980319378973145	0.5262217403485608	6.3780746089629625	1.7019466755124337	0.09159777752842886	0.5626125004976746	-4.204376792696351	
SPP24	-0.3267127114183256	-0.710504162709539	0.05707873987288775	6.111210999777778	-1.6870819420879912	0.09442925230712626	0.5626125004976746	-4.222559814161676	
FA12	-0.3097096615958381	-0.6766405824829564	0.057221259291280246	5.937514009148148	-1.6727686658124794	0.09722249455179093	0.5626125004976746	-4.239927150142897	
HS90B	0.24629592562350106	-0.04608063768173343	0.5386724889287355	6.216693721166667	1.6694757399620541	0.09787449521281186	0.5626125004976746	-4.243903079972613	
TIMP3	0.2880009827512136	-0.05434337702821973	0.6303453425306469	6.154239530583333	1.6672327567883811	0.09832063115493343	0.5626125004976746	-4.246607088249607	
FBLN5	-0.21141225296648825	-0.4680768600853353	0.04525235415235879	6.614048934805555	-1.6324113688108888	0.10546015732571819	0.5836906969141753	-4.288148005406395	
APOC1	-0.22796984859167488	-0.504994974744103	0.04905527756075326	6.357067600425926	-1.630886325666023	0.10578213277409002	0.5836906969141753	-4.2899485123272765	
FCGBP	0.27076342471114007	-0.062395793275379974	0.60392264269766	6.337980203027778	1.6106590102719998	0.11012783175324285	0.5970087721360008	-4.3136796681978	
F13A	0.27084487664831225	-0.0653553624905398	0.6070451157871644	6.183524451157408	1.5965703094596577	0.11323831876147553	0.6018823974390373	-4.3300440839115515	
ITIH5	-0.21347052982764927	-0.47994643229524203	0.053005372639943454	6.930131255898148	-1.5876158578071577	0.11525147600976264	0.6018823974390373	-4.340374489759207	
NID1	-0.19247279984571886	-0.43381813074008313	0.04887253104864542	6.711954571037037	-1.580505110654393	0.1168703684347645	0.6018823974390373	-4.348538844989987	
MEGF6	-0.3226150458032149	-0.732404308726103	0.08717421711967321	6.5424484191481485	-1.5602330907309978	0.12158516716067888	0.6094973340876247	-4.371624636601212	
COIA1	-0.2987382889077057	-0.6807086266060292	0.0832320487906178	6.7242616309074075	-1.5499821344583402	0.12402605006915322	0.6094973340876247	-4.383191215059165	
SULF1	-0.17108740186959398	-0.3922038830871501	0.050029079347962135	6.576495662527778	-1.5334243612468135	0.12805034858116407	0.6094973340876247	-4.401721668789523	
COGA1	-0.3123842227933943	-0.718206041561193	0.09343759597440454	6.44457624212963	-1.5255243367718234	0.13000634465991115	0.6094973340876247	-4.410496491627707	
S10A9	0.3477055670638241	-0.10410824282406922	0.7995193769517175	5.256544058574074	1.525167649605792	0.1300952098068814	0.6094973340876247	-4.410891663011631	
CATZ	0.2838000145977032	-0.09111511614293955	0.658715145338346	5.991450053870371	1.5001852372121889	0.1364390671783719	0.6094973340876247	-4.438351508857126	
EDIL3	-0.20355402460947758	-0.47383367095826723	0.06672562173931207	6.523854806537037	-1.4925599824946119	0.13842284465443508	0.6094973340876247	-4.446647211091618	
ITB1	-0.1837344300027162	-0.4277463193148409	0.06027745930940853	6.751825401888889	-1.4922617277724894	0.13850089368253168	0.6094973340876247	-4.446970874016154	
PGS2	0.38734717952386855	-0.12717219742352992	0.901866556471267	6.205368211592592	1.4919837904935358	0.13857365685663314	0.6094973340876247	-4.447272433368682	
APOC2	-0.2966250780870924	-0.6908044170488675	0.09755426087468277	6.231663755018518	-1.4913495605726712	0.13873980819293535	0.6094973340876247	-4.447960367153886	
S10AB	0.14246436155649192	-0.04760270069355452	0.33253142380653833	6.537832790620371	1.4854731828088725	0.14028666873575274	0.6094973340876247	-4.45432111795903	
AMPN	0.17863644384264413	-0.06073990361647258	0.41801279130176083	6.403081373583333	1.4789526519109402	0.14201879629226208	0.6094973340876247	-4.461351187431692	
POSTN	0.2614730837819246	-0.09451877366973643	0.6174649412335855	6.33993763874074	1.4556345872532237	0.14834954380606322	0.6208613603077356	-4.486250711268908	
ELNE	0.2957335302728465	-0.10723972928592129	0.6987067898316143	6.041383248685185	1.4544198100774042	0.14868524486334123	0.6208613603077356	-4.487537555373221	
FETUA	-0.43841430609040083	-1.0488664093996989	0.17203779721889717	5.530450678638889	-1.4233069329465886	0.15748505045134617	0.6402339581392309	-4.5201472378277	
PROC	-0.43033919882110416	-1.0301338848285266	0.16945548718631842	5.727702117629629	-1.4219153256452772	0.15788779962921773	0.6402339581392309	-4.521590082026584	
KNG1	-0.2778487462510673	-0.6666602643608822	0.11096277185874759	6.10782454575	-1.416233168315539	0.1595405008955365	0.6402339581392309	-4.527467468875043	
PPT1	0.15932476386077565	-0.06852978585804201	0.38717931357959334	6.385441226092593	1.3857695701594521	0.16862806368661104	0.6603989260083034	-4.558594318442596	
TIMP1	0.25516965002645203	-0.11149281228815988	0.621832112341064	5.926989869944444	1.37920241599111	0.17063773520759584	0.6603989260083034	-4.5652196543781915	
CD44	0.16873055227951303	-0.07458433116939764	0.41204543572842367	6.409455230851852	1.3743283160286106	0.17214102191160227	0.6603989260083034	-4.5701174650719665	
F13B	0.33785933601272716	-0.15045981438598766	0.826178486411442	6.06103607337037	1.3711899130461203	0.17311428157499215	0.6603989260083034	-4.573262350937231	
CERU	0.24197273262652028	-0.11311006164330814	0.5970555268963487	5.971550274277778	1.3505238000848354	0.1796274978974719	0.6755153706495542	-4.593799147381384	
COEA1	-0.20908566331442333	-0.519471814107753	0.10130048747890638	6.595640400990741	-1.3350187389380495	0.1846341344262613	0.6755153706495542	-4.609010852432377	
CPXM2	-0.17542152307735498	-0.4375932261377346	0.08675017998302464	6.48755718024074	-1.326057951456043	0.18757494784883813	0.6755153706495542	-4.617725245905506	
RNAS4	-0.1973653971970025	-0.49380612328868556	0.0990753288946806	6.386513964435185	-1.3194671627073467	0.18976023077688492	0.6755153706495542	-4.624098841918974	
CEMIP	0.2865390393586141	-0.1444748287440259	0.7175529074612541	6.008097265574074	1.3175223719190794	0.1904086771027214	0.6755153706495542	-4.625973716056089	
CO3A1	-0.2758864377671233	-0.6926508147578958	0.14087793922364916	6.302724427018519	-1.3119135058025653	0.19228808889295418	0.6755153706495542	-4.631366058172856	
SODE	-0.23645671835702972	-0.5937313227111707	0.12081788599711127	6.621809298009259	-1.3116409072034303	0.19237978193255914	0.6755153706495542	-4.631627570137848	
PDIA1	0.13072455021771284	-0.06817869027906687	0.32962779071449255	6.33565720062037	1.3025090199187186	0.19547030000326632	0.6786553112472954	-4.640357876256904	
SAMP	-0.2100328196837019	-0.5320852521081667	0.11201961274076283	6.432386245111111	-1.2924865161117416	0.19890453446325018	0.6829055683238255	-4.649872117838977	
SMOC2	-0.164444742053513	-0.4224276470458284	0.0935381629388024	6.4777486220185185	-1.2632651201019385	0.20917220339163553	0.7102660532748942	-4.677207748685605	
SAP	0.16497363734179316	-0.09795768206547123	0.42790495674905754	6.243391201212963	1.243476754451836	0.21634306433384942	0.718014912138457	-4.695376933815503	
FA10	-0.2562721882223934	-0.6687076906580274	0.15616331421324053	6.24303230887963	-1.2314332528099727	0.22079426655469864	0.718014912138457	-4.7062994815300465	
HSP7C	0.10960929157803469	-0.06730785876988897	0.28652644192595833	6.540123452861111	1.227843109241595	0.22213395266453978	0.718014912138457	-4.709535613506995	
CO8A2	-0.2018121018983334	-0.5290532383143657	0.1254290345176989	6.436757861703704	-1.2222069679838505	0.2242490044181115	0.718014912138457	-4.7145975857332205	
PCYOX	-0.13251041329725644	-0.3476065694865089	0.08258574289199608	6.5229205815092595	-1.220907610454765	0.22473867227358946	0.718014912138457	-4.715761383005496	
MUC18	-0.18107329847626158	-0.476537544012717	0.11439094706019381	6.714909395287037	-1.2145486646320465	0.22714623577793616	0.718014912138457	-4.721439656995921	
VTNC	-0.17700529761895104	-0.46836426225887384	0.11435366702097174	6.446987756518519	-1.2039912240601167	0.23118446091448755	0.718014912138457	-4.730803713356916	
CADH1	-0.16246187793688904	-0.4300503646364563	0.10512660876267821	6.536680160101852	-1.2032323157550495	0.23147672313436618	0.718014912138457	-4.731473791381537	
KVD11	0.2842186432038121	-0.18552722484434914	0.7539645112519734	6.161783355731481	1.1990989842837065	0.23307317549800585	0.718014912138457	-4.735116142449584	
OMD	-0.18480189975867528	-0.4914957315080327	0.12189193199068216	6.630456710388889	-1.1941718566056974	0.23498654611195866	0.718014912138457	-4.739442156798439	
FBLN2	-0.14342396763562382	-0.38314561134519476	0.09629767607394712	6.654043225675926	-1.1857139448780065	0.238297277056531	0.718014912138457	-4.746828004764284	
TTHY	-0.17934512895873725	-0.4797755538941767	0.12108529597670217	6.267536124703704	-1.1830718353060097	0.23933830404615233	0.718014912138457	-4.7491248030789635	
CO4B	-0.22282810462554542	-0.6042846649936134	0.1586284557425226	6.120052864296296	-1.1576847693416545	0.24950709556827272	0.7413239666403488	-4.770940909262527	
SAA1	0.34416178637319295	-0.25002586345762623	0.9383494362040121	5.426461373407407	1.1479010902706113	0.25350652915415856	0.7453654664139515	-4.779225946599538	
FRIL	0.2542363913458288	-0.1874586126199938	0.6959313953116515	5.471870478944444	1.1407242404275444	0.25646895668088915	0.7453654664139515	-4.785260093071066	
SERPH	0.1297608734649193	-0.09720543709468099	0.3567271840245196	6.541981743157407	1.1330466839366624	0.2596649514090209	0.7453654664139515	-4.791674562569111	
LOXL1	-0.14891820859857705	-0.4098611482789508	0.1120247310817967	6.646487280629629	-1.1310132544155647	0.2605160853485656	0.7453654664139515	-4.793366415388039	
VTDB	0.16287596626753403	-0.12569277430754872	0.4514447068426168	6.202324075685185	1.1185957451480886	0.26575614557419885	0.7478242842482691	-4.803633981192924	
HORN	-0.1782836387424556	-0.49556974850698277	0.1390024710220716	6.089553975231482	-1.113591407924138	0.2678885849805895	0.7478242842482691	-4.807740745684062	
ANXA5	0.09675865012625391	-0.07571045633231939	0.2692277565848272	6.642782830898148	1.111844186094633	0.26863590793384423	0.7478242842482691	-4.809170373312066	
ANXA2	0.10383439006581234	-0.08521018879751778	0.29287896892914245	6.40943584175	1.0885350817147992	0.27874462516488985	0.7690365104995622	-4.828033749533075	
CRIP2	-0.18137067597911452	-0.5162807017376059	0.15353934977937686	6.585314221685185	-1.0732585696931496	0.28551036039243727	0.7713475318002104	-4.840185623599188	
ITA1	-0.12940479250425613	-0.3689479681805744	0.11013838317206212	6.654649291212963	-1.07061173604545	0.28669394712505736	0.7713475318002104	-4.842274081394594	
CSPG2	-0.22484058380321956	-0.6413739211616782	0.19169275355523915	6.652104498277778	-1.0697699150686384	0.2870710878868097	0.7713475318002104	-4.842937259235487	
CO1A1	-0.1869637925024506	-0.5352555220403534	0.16132793703545217	6.3797875272870375	-1.0638485083252371	0.289733503996083	0.7717901097826694	-4.847587724526618	
PEDF	0.19645387595098865	-0.17245327901731747	0.5653610309192948	5.853926364666666	1.0553802558470393	0.2935702513461965	0.77382435950637	-4.854194690426223	
LAMB2	-0.1340564729774722	-0.38680809212936096	0.11869514617441657	6.711706281046296	-1.0511369053582935	0.2955057424652157	0.77382435950637	-4.857486016139176	
IPSP	-0.14044520493955748	-0.40889149043931394	0.128001080560199	6.493256402222222	-1.0368476771566542	0.30208698046335897	0.7811522419421663	-4.868474277559884	
S10A8	0.24181608916048397	-0.22353980901743237	0.7071719873384004	5.308786563712963	1.0298296991653253	0.3053552117249889	0.7811522419421663	-4.873817304488773	
PXDC2	-0.11732269282769063	-0.3433510103885454	0.1087056247331641	6.565335839583334	-1.0286902225595784	0.3058880947411072	0.7811522419421663	-4.874681485810903	
ITA8	-0.17107716309941678	-0.5039489454073626	0.161794619208529	6.6183784266388885	-1.018545654919172	0.3106598042268221	0.7868350779187544	-4.882333980579341	
IC1	0.14060517900524244	-0.13823101724111997	0.41944137525160485	6.213608716398148	0.9993499840313969	0.31982447430980937	0.8034614842417163	-4.896611440773751	
GELS	-0.14697089080544187	-0.4421311973389175	0.1481894157280337	6.659845195277778	-0.9868219833560851	0.3259014942469779	0.8121254977606142	-4.905786421073646	
COBA1	0.2575201147373233	-0.2715503985680132	0.7865906280426598	5.885580741694445	0.9646350576390184	0.3368493361804268	0.826286955974749	-4.921757400937774	
LTBP2	-0.11723294642222755	-0.36129888662633153	0.12683299378187646	6.598723680203704	-0.9519364249476561	0.34322195727108173	0.826286955974749	-4.930738407579585	
HSPB1	-0.1637676615268995	-0.5049636833766736	0.17742836032287465	6.597678066601852	-0.9512389627367411	0.34357421623725604	0.826286955974749	-4.931228306111313	
PROS	-0.1654350486933494	-0.5162795652488875	0.1854094678621887	6.306338358231481	-0.9344977762920391	0.3520996676273235	0.826286955974749	-4.9428817821098825	
S10AC	0.20912532247328805	-0.23442434864213976	0.6526749935887158	5.584528788027778	0.9343934899363733	0.35215319751946983	0.826286955974749	-4.942953740006231	
CO2A1	-0.19426114214572382	-0.6105533708949444	0.22203108660349674	6.474789254333333	-0.9248111901666467	0.3570940421152291	0.826286955974749	-4.949531962287051	
CO5A3	0.16133205137662548	-0.18692233326648366	0.5095864360197346	6.357768606083333	0.9180989798808544	0.36058123633624484	0.826286955974749	-4.954100278455873	
FGL2	-0.13437773990093438	-0.42605095306867885	0.1572954732668101	6.591847946333333	-0.9130535057097536	0.3632167242907621	0.826286955974749	-4.957512730181131	
OSTP	-0.2954087179147272	-0.9390204964568994	0.348203060627445	5.4475403017962964	-0.9096299814489152	0.36501193271808785	0.826286955974749	-4.959817688489169	
ANGL4	0.1166863858464268	-0.13772261779973768	0.37109538949259124	6.44838505675	0.9089775420465123	0.36535469154057587	0.826286955974749	-4.960255993048443	
COFA1	0.1252647942565036	-0.14800118127062584	0.39853076978363305	6.585801925287037	0.9084664859230774	0.3656233169439298	0.826286955974749	-4.96059910173311	
THSD4	-0.14515305397551492	-0.46860905566286765	0.1783029477118378	6.691196609768519	-0.8893575694054449	0.37575707206852926	0.826286955974749	-4.973292351844117	
SLPI	-0.16590623545526018	-0.5371449723370054	0.20533250142648501	6.433658879203704	-0.8856759758185021	0.37772949396679345	0.826286955974749	-4.97570744243067	
ANXA6	-0.0904130975608078	-0.29458544134899367	0.11375924622737806	6.66174770437037	-0.8776065907135998	0.382075254929488	0.826286955974749	-4.980966463192401	
KV315	0.1457477760097254	-0.1838294426036872	0.47532499462313804	6.160080456564815	0.8764157912947214	0.3827191810534112	0.826286955974749	-4.981738533336501	
MFAP5	0.12266644751366582	-0.1561392916143932	0.4014721866417248	6.038949968851852	0.8719458612449619	0.38514231069089877	0.826286955974749	-4.9846274804193795	
PROP	0.11410546214239593	-0.14531825697770473	0.37352918126249657	6.590219701148148	0.8716902633858333	0.38528115591914125	0.826286955974749	-4.984792236387347	
COLA1	-0.11613448165704748	-0.38407630049062	0.15180733717652506	6.6587968094074075	-0.8589860811566112	0.39222131684812567	0.826286955974749	-4.992921408619815	
MFGM	-0.14293021254559177	-0.4731693656674135	0.18730894057622996	6.726847601518519	-0.8577503807849062	0.39290044478878206	0.826286955974749	-4.993705849807905	
AMBP	-0.11739645974857546	-0.3890007179246492	0.15420779842749824	6.404815544398148	-0.8566114354528747	0.3935270365337915	0.826286955974749	-4.99442788614635	
CO5A1	0.13060139774225155	-0.17262122471204255	0.43382402019654565	6.485037893666667	0.8535946164246426	0.395189704288185	0.826286955974749	-4.996335845154477	
HPTR	0.21116657258058458	-0.2818179590588783	0.7041511042200475	6.009540445907407	0.848901537647578	0.39778475523876566	0.826286955974749	-4.999290780361677	
ALBU	-0.12240908729106739	-0.40834153642014404	0.16352336183800922	6.282362055962963	-0.8484292985151316	0.39804645652520076	0.826286955974749	-4.999587232285809	
LEG3	0.10678882857087858	-0.14330914226811348	0.3568867994098706	6.285631470037037	0.8462157344149392	0.3992745510240089	0.826286955974749	-5.000974652271776	
CATF	-0.10406109299426039	-0.34866164862363114	0.14053946263511033	6.596566777537037	-0.8431335785210302	0.40098838845256957	0.826286955974749	-5.002900550781984	
S10AA	0.09194153543069195	-0.12422749759358448	0.30811056845496837	6.490103175129629	0.8429148678414923	0.4011101728032762	0.826286955974749	-5.003036950419363	
ZPI	-0.1474429167572131	-0.49826045449489414	0.20337462098046794	6.414648096407407	-0.8329291463523928	0.40669446016733146	0.8322423059053339	-5.009227492444101	
ITIH2	0.147772720938521	-0.20859754379050238	0.5041429856675443	6.140399300203704	0.8217850802935533	0.41298174034591095	0.8395484063610953	-5.016050402401552	
HTRA1	-0.12695416333209808	-0.43787417915629046	0.1839658524920943	6.6089479596944445	-0.8092145974736084	0.42014339382020205	0.8485248934015845	-5.023638020962554	
MFAP4	-0.13607133238239255	-0.4748234193706025	0.20268075460581741	6.784525207444444	-0.7960678772438751	0.4277119134594449	0.8534346438715089	-5.031450194226288	
LYOX	0.10585600189570468	-0.15789559447348353	0.36960759826489287	6.676330113657407	0.7954004492811392	0.42809828414266626	0.8534346438715089	-5.031843436711108	
CO5A2	0.12344947421182953	-0.1862449926578353	0.43314394108149434	6.498049652	0.7899893568679196	0.43123833260097555	0.8541836203442401	-5.035019601253343	
IGHG1	0.10164810954971612	-0.1683704539819618	0.371666673081394	6.320147261833333	0.7460554811204625	0.4572296593897073	0.8931519538572827	-5.060015822972629	
CO3	-0.09441322542672788	-0.3460371848082531	0.15721073395479734	6.3201295282037036	-0.7436118204349784	0.4587010604348353	0.8931519538572827	-5.061364717110882	
CAD13	-0.11741461881154618	-0.4346026812189732	0.19977344359588084	6.562387502916667	-0.7336193544035058	0.46474573969617305	0.8931519538572827	-5.066835060141236	
LAMA4	0.07884394841867552	-0.13438559714247872	0.2920734939798298	6.660131301018518	0.7328016283367786	0.46524238220404934	0.8931519538572827	-5.0672794862792285	
IGKC	0.10967993108961517	-0.1870250215686966	0.4063848837479269	6.215510389231482	0.732601519485328	0.46536396301301786	0.8931519538572827	-5.067388168927863	
COCA1	-0.10656718469733509	-0.39977469099448915	0.186640321599819	6.539630419564815	-0.7203007222624678	0.47287188217925546	0.8938228784374166	-5.074012646010322	
CD14	0.1238430139973485	-0.21785452792014215	0.4655405559148391	5.979548296583333	0.7182821935628616	0.47411033629990196	0.8938228784374166	-5.075089119703346	
A1BG	0.0727858116539254	-0.12932846204892418	0.27490008535677496	6.456969099944445	0.7136991604253659	0.47692892117900854	0.8938228784374166	-5.077522149843278	
TAGL2	0.07806333927822835	-0.14094439811018528	0.297071076666642	6.553099968472222	0.7064039327356755	0.48143463916730544	0.8938228784374166	-5.08136327029503	
PLMN	0.13712340254352426	-0.24860271243342866	0.5228495175204771	6.035548629388889	0.7045275491206253	0.48259732712020054	0.8938228784374166	-5.082344925780403	
PRG4	-0.09468878249946064	-0.3613349589780114	0.17195739397909007	6.51831766612037	-0.7037665383013332	0.4830693226506426	0.8938228784374166	-5.082742323139152	
CO5	0.10870693664529116	-0.20365040179254548	0.4210642750831278	6.267266048166666	0.6897170878090702	0.4918285877339914	0.9046132952964484	-5.090002602702223	
VWF	-0.08560696990622026	-0.3360922025394406	0.16487826272700012	6.5597514989166665	-0.6773177235722514	0.4996303111256387	0.9063495917256569	-5.096289870578064	
CD5L	0.17721620479603542	-0.3416346332937358	0.6960670428858066	5.943783591203704	0.6769028629134517	0.4998924896380884	0.9063495917256569	-5.096498280403187	
A1AG1	0.11920077966136254	-0.23141920480466555	0.46982076412739066	5.716078704342593	0.6737641075686949	0.5018784775308038	0.9063495917256569	-5.098070974335753	
CO9	0.11397080743788919	-0.22333889542448615	0.4512805103002645	6.225876341712963	0.6696228006080488	0.504505274358618	0.9063495917256569	-5.100134934838298	
CRAC1	0.08108426723476747	-0.1612419379827029	0.32341047245223786	6.462817196462963	0.6631345516858462	0.5086354480259616	0.9084875921388563	-5.10334324823818	
CD97	-0.06554657682574093	-0.2651537610601239	0.13406060740864206	6.659436383898148	-0.6507876296363784	0.5165443907929865	0.9139110305287687	-5.109363136237985	
LV310	0.10937891567368561	-0.22454113016455585	0.4432989615119271	6.119634646222222	0.6491671937337861	0.5175871532120858	0.9139110305287687	-5.110144882430622	
APOB	0.14764422564578716	-0.3089273042866766	0.6042157555782509	6.053316700444444	0.6408746322676967	0.5229407131134327	0.9142663475806416	-5.114115243506064	
LAMC1	-0.06860329396749837	-0.2811424168474087	0.143935828912412	6.706165447712963	-0.6396928943559977	0.5237059660898821	0.9142663475806416	-5.114676926852482	
DEF1	0.1159943192139939	-0.25431119945782454	0.4862998378858123	5.948012385944445	0.6207860910081343	0.5360280525617324	0.9305206080987376	-5.123523695617308	
APOC4	-0.10466783454752593	-0.4489812357381669	0.23964556664311504	6.481619576194444	-0.6024551964089344	0.5481145034628068	0.9448094727362459	-5.131849800094556	
PCOC1	-0.07221767482698933	-0.3113461916343448	0.16691084198036615	6.388035540138889	-0.5985184922080825	0.550727861032414	0.9448094727362459	-5.133605619782894	
TSP2	-0.09572968775293263	-0.42126992151596154	0.22981054601009632	6.356899051759259	-0.5827837225962516	0.5612349563996487	0.9448094727362459	-5.140509497341929	
LUM	0.10086506945282835	-0.24289432302999564	0.44462446193565236	6.5834542417962965	0.5815025996686591	0.5620947527467604	0.9448094727362459	-5.141063577062252	
EMIL1	-0.04440640617384382	-0.1968737839952795	0.10806097164759187	6.631931644675926	-0.5772103869205518	0.564980065584667	0.9448094727362459	-5.142911121380389	
ITIH1	0.06613627508498014	-0.16323857180529383	0.2955111219752541	6.750619427601852	0.5714251897745352	0.5688803797003189	0.9448094727362459	-5.145379814473144	
PA2GA	-0.1117662960369516	-0.5013735151916481	0.2778409231177449	6.241598005731482	-0.568524657153313	0.5708407819360647	0.9448094727362459	-5.146608257302032	
PRDX1	0.06494510926415814	-0.16244220967374967	0.29233242820206595	6.5738263212222225	0.5660380845109474	0.572523990306595	0.9448094727362459	-5.147656438524623	
LEG1	-0.08945006739180764	-0.40396467190374374	0.22506453712012844	6.483123161537037	-0.563644530746554	0.5741464857552363	0.9448094727362459	-5.148661100801206	
ASPN	0.130492371628459	-0.3332763382151662	0.5942610814720842	6.42753587337963	0.557633841759336	0.5782305967551014	0.9448094727362459	-5.151165373842927	
FCN3	0.10374591664313129	-0.26683321625071066	0.4743250495369732	6.15506819625	0.5548243248291198	0.5801443305738285	0.9448094727362459	-5.152326779351598	
DERM	-0.06983745503280041	-0.3198288598021673	0.18015394973656645	6.663071193453703	-0.5536416695783352	0.5809508084785978	0.9448094727362459	-5.152813926455309	
C1S	-0.0991845825944488	-0.46441044353775945	0.2660412783488619	6.280178783518519	-0.5382054489382978	0.591525555004506	0.9517037817867889	-5.159077578584103	
CO6	0.089711549973918	-0.24765125767474439	0.4270743576225804	6.241468658425926	0.5270072619941664	0.5992526649425479	0.9517037817867889	-5.163511424033197	
HV118	0.0822494381233975	-0.22921215107539003	0.393711027322185	6.180467553287037	0.5233519979622708	0.6017849152480208	0.9517037817867889	-5.164938648850078	
PLTP	0.12512890622027203	-0.3546020334745179	0.604859845915062	5.839099622398148	0.51692241128632	0.6062509561667018	0.9517037817867889	-5.167425174589035	
CLC11	0.07474379437058774	-0.21407420157898333	0.36356179032015884	6.592508457555556	0.512880671811492	0.609066049942566	0.9517037817867889	-5.168972606395332	
HV439	0.07100744096915147	-0.20700938893006082	0.34902427086836374	6.547320233259259	0.5061721151551949	0.6137515612376867	0.9517037817867889	-5.171514411131989	
GDN	-0.08483640016447276	-0.4261747643252037	0.2565019639962582	6.319488361907407	-0.4925638906739789	0.6233051826618474	0.9517037817867889	-5.176568227636975	
LRP1	0.04438639736457749	-0.13522405785785568	0.2239968525870107	6.5340729709259255	0.48976046558642605	0.6252814015045273	0.9517037817867889	-5.1775923500791	
SBSPO	-0.09168763527809806	-0.4640779233184318	0.2807026527622357	6.595175685944445	-0.48795285996309057	0.6265570876858702	0.9517037817867889	-5.1782496059848455	
TENX	-0.06067680323079509	-0.3089752454766455	0.18762163901505535	6.618809469018519	-0.48429963171759877	0.6291387468975395	0.9517037817867889	-5.17957056213949	
TSP1	-0.09052039999202932	-0.4637137286936768	0.28267292870961813	6.290379945472222	-0.48070433060271295	0.6316839649686599	0.9517037817867889	-5.180860932533449	
APOD	0.09893680325767787	-0.3114765832806967	0.5093501897960524	6.129919063888889	0.47775121241793483	0.6337778805671958	0.9517037817867889	-5.181913666223168	
CFAB	-0.056139597516427726	-0.29348786934598237	0.1812086743131269	6.4130266054537035	-0.46875796768553457	0.640172840952842	0.9517037817867889	-5.185079843471661	
CATG	0.07354923503537958	-0.23746095005131124	0.3845594201220704	6.12950835387963	0.4686719807563315	0.6402341169173098	0.9517037817867889	-5.185109827270465	
IGHA1	0.09771239008502249	-0.320748331494017	0.516173111664062	6.096174468018519	0.4627648656396366	0.6444495772728239	0.9517037817867889	-5.187156545937239	
HPLN3	-0.10400297585352018	-0.5499871132236236	0.3419811615165832	6.629782185222222	-0.4621594053816847	0.6448823069708278	0.9517037817867889	-5.187364868459413	
LTBP1	-0.056300779917997645	-0.300222729875833	0.18762117003983766	6.6310115245	-0.4574345563047524	0.6482633932289616	0.9517037817867889	-5.188981238087499	
FHR5	-0.08471591000719925	-0.45259293991314253	0.28316111989874404	6.262009121453704	-0.45638120501215146	0.6490181744433756	0.9517037817867889	-5.189339335953028	
RARR2	0.05038234061162504	-0.17024257078512367	0.2710072520083737	6.461048128537037	0.45257361727222045	0.651749553950265	0.9517037817867889	-5.19062691261525	
FHR3	0.11684777148565857	-0.4076003001347645	0.6412958431060817	5.982174252611111	0.44155355227135124	0.6596814431242958	0.9517037817867889	-5.194292955206973	
APOA4	0.08024290881399676	-0.2812335130072037	0.4417193306351972	6.203487289990741	0.4399386631368631	0.6608470812169996	0.9517037817867889	-5.194822622742736	
CCL18	0.07700009890020738	-0.275662707902536	0.42966290570295074	6.313764883620371	0.4327101327642653	0.6660748770730176	0.9517037817867889	-5.19716982726898	
HV307	0.0604480206685148	-0.21846085937277726	0.33935690070980684	6.302068563314815	0.429521774176041	0.6683860088509528	0.9517037817867889	-5.198192826371021	
ITAV	-0.039514851220707276	-0.22665784602838987	0.14762814358697532	6.633021656583333	-0.4184583303315181	0.6764301414471452	0.9517037817867889	-5.201684151035675	
TRFE	0.042645651405315246	-0.15968510559678778	0.24497640840741824	6.266113555379629	0.41771328521113527	0.676973217899647	0.9517037817867889	-5.201916006411372	
IGHG2	-0.060570607099933775	-0.3554187763000596	0.23427756210019202	6.301849081092593	-0.40712608881654005	0.6847086971284441	0.9517037817867889	-5.205166227081021	
CO1A2	-0.06533673840094471	-0.3849009658568675	0.25422748905497805	6.467920723592592	-0.4051956132496955	0.686122839542967	0.9517037817867889	-5.205749914774395	
IGHG4	-0.06830661968856805	-0.4042366072568721	0.267623367879736	6.235733406212963	-0.4029762599266912	0.6877499727649101	0.9517037817867889	-5.206417530765859	
C1QB	0.0652048579304858	-0.2559723051481268	0.3863820210090984	6.381991448787037	0.4023469719353405	0.6882116065610411	0.9517037817867889	-5.206606165627462	
HMCN1	-0.05685797439120526	-0.3385364003730744	0.22482045159066388	6.6698359066111115	-0.4000398356751831	0.6899050845688968	0.9517037817867889	-5.207295238556263	
FINC	-0.04078826626924193	-0.2429857313745539	0.16140919883607005	6.651783314925926	-0.3997836060231795	0.6900932589280251	0.9517037817867889	-5.207371523144236	
ANXA4	-0.05215332724789565	-0.31076966976892806	0.20646301527313674	6.441005347537037	-0.3996607481178213	0.6901834923297074	0.9517037817867889	-5.207408083077276	
C1R	0.06014189805878588	-0.24117705410898166	0.36146085022655344	6.2323824648148145	0.3955634204077359	0.6931953386223293	0.9517037817867889	-5.208620948693089	
APOA1	-0.09675623771050086	-0.5863616339210572	0.39284915850005553	5.969203574555555	-0.3916500794183511	0.6960765376599414	0.9517037817867889	-5.209767724282963	
SFRP2	0.06562784584781946	-0.269444053023254	0.4006997447188929	6.35432188800926	0.3881642947553621	0.6986466994218402	0.9517037817867889	-5.210779640282039	
HV330	-0.066214049207632	-0.40681964086138955	0.2743915424461255	6.343303901851852	-0.38526877825670713	0.7007843082831483	0.9517037817867889	-5.211613347985398	
OAF	-0.050773296449664364	-0.3159607623351523	0.21441416943582356	6.468497303027778	-0.37944410448455146	0.7050916289082858	0.9517037817867889	-5.213271604577095	
CO8G	-0.050193558937768376	-0.31243376435774106	0.21204664648220428	6.283466501527778	-0.3793273487224478	0.7051780678923605	0.9517037817867889	-5.213304586984443	
ITIH4	0.05594607274180557	-0.2364838652927569	0.34837601077636804	6.319303033712963	0.3791518813778233	0.7053079806769407	0.9517037817867889	-5.21335413583617	
AEBP1	-0.05026668277586387	-0.31697767752033157	0.2164443119686038	6.533900482175926	-0.37351216301657125	0.7094881443021365	0.9531818982146094	-5.214934521563927	
TR11B	0.05684908530186827	-0.2578871009826161	0.37158527158635263	6.360771256037037	0.3579663843167661	0.721056332409543	0.9545863667651581	-5.219168586588588	
THIO	-0.031362397292797176	-0.20680084065586896	0.14407604607027463	6.450830747731482	-0.354282686056192	0.7238071357874103	0.9545863667651581	-5.2201455859590205	
CTHR1	-0.04083508495671209	-0.26940660267931205	0.1877364327658879	6.590920449629629	-0.3540599415445215	0.7239735867787563	0.9545863667651581	-5.2202043397196505	
TIMP2	-0.03760033004034422	-0.24862023186510754	0.1734195717844191	6.46804632987963	-0.3531292420323027	0.7246692165963995	0.9545863667651581	-5.220449433567369	
MIME	-0.06772346991852182	-0.45028221356780085	0.31483527373075726	6.775300982166667	-0.35083790673153525	0.7263828032780567	0.9545863667651581	-5.221050100903844	
CD59	0.038418689329623806	-0.18792149630098182	0.26475887496022943	6.484394060787037	0.33639251108544543	0.737217524682916	0.9545863667651581	-5.224747135968648	
GRP75	0.0316954897732252	-0.15963381126096454	0.22302479080741494	6.633367929074074	0.32830796866673284	0.7433046591275261	0.9545863667651581	-5.226748570310833	
TETN	-0.04661886805219867	-0.3286148396632315	0.23537710355883418	6.309107744027778	-0.3276304526118019	0.743815530266399	0.9545863667651581	-5.226914092827894	
KV240	0.044947644281530634	-0.22870913333003184	0.3186044218930931	6.350419282425926	0.32551137406269753	0.7454141277513258	0.9545863667651581	-5.227429598599956	
S10A6	-0.036964320108681774	-0.26234149108770133	0.18841285087033777	6.555740916907407	-0.32504107172768765	0.7457690669997828	0.9545863667651581	-5.227543556029404	
ANX11	-0.036413860634943764	-0.2599444198067323	0.18711669853684473	6.469808023296296	-0.32284589082086185	0.747426502161412	0.9545863667651581	-5.228073289071133	
QSOX1	-0.04715478873941479	-0.339024447645327	0.24471487016649743	6.286517944453704	-0.32018596766985397	0.7494364200001559	0.9545863667651581	-5.228710373363481	
APOE	0.06163828282790569	-0.3228425705423365	0.44611913619814786	6.276828017212963	0.3177175871794381	0.7513031472296609	0.9545863667651581	-5.229296876903772	
ITIH3	-0.03571236543512432	-0.2607965453487556	0.18937181447850698	6.498490661277778	-0.31444094097741393	0.7537834093550115	0.9545863667651581	-5.230068434151571	
PODN	-0.035922785664592095	-0.27046968494790424	0.19862411361872007	6.592871375231481	-0.3035328872551345	0.762058715743624	0.9581684684112866	-5.232579464331981	
CO7	0.047042659662200156	-0.26585121877618295	0.3599365381005833	6.2260549899907405	0.29796156241799643	0.7662960888323203	0.9581684684112866	-5.233827853113987	
APOL1	0.05316038884597917	-0.3091440779011434	0.41546485559310176	6.325579601314815	0.29079029128505285	0.7717607623307268	0.9581684684112866	-5.2354007746979985	
FMOD	-0.05371312334516982	-0.43799196428175624	0.3305657175914166	6.644098840194444	-0.27701250623131546	0.7822918065981516	0.9581684684112866	-5.238315419386109	
CFAD	0.03477104429761127	-0.21583113071103152	0.28537321930625403	6.32270647225	0.2749782477627585	0.7838501765209615	0.9581684684112866	-5.238733797479924	
A2MG	0.04549928030237731	-0.28817788790028737	0.379176448505042	6.1563122815	0.27023617047372384	0.7874863095851614	0.9581684684112866	-5.239697129978643	
MMP2	0.026974893781288985	-0.17361644529275944	0.2275662328553374	6.618457011277778	0.26650969210877623	0.7903470042008856	0.9581684684112866	-5.240442409177343	
MARCO	0.05157973543678785	-0.3320958205130443	0.43525529138662	6.18276623275	0.2664283413070233	0.7904094866373661	0.9581684684112866	-5.240458563745038	
LAMB1	-0.026847496298556393	-0.2307749976538515	0.1770800050567387	6.649760027787037	-0.2609116282281455	0.7946498292580736	0.9581684684112866	-5.2415425786164365	
HRG	0.034330669693888836	-0.22809785007458364	0.2967591894623613	6.185116854703704	0.25926069830545095	0.7959199959357548	0.9581684684112866	-5.2418625782166215	
HS71B	-0.029289397302419234	-0.2544237984910613	0.1958450038862228	6.551456552231482	-0.2578303365543458	0.7970209088259708	0.9581684684112866	-5.2421381853390505	
FBN1	-0.029126078676583452	-0.25613995114848725	0.19788779379532037	6.629910578185185	-0.2542699649163617	0.7997630097319492	0.9581684684112866	-5.242817599036171	
NID2	-0.028784533591539596	-0.25432898918112135	0.19675992199804213	6.593451527759259	-0.2529254218843356	0.8007991933287517	0.9581684684112866	-5.243071719819056	
KLKB1	0.05833611196202139	-0.4095138812863182	0.526186105210361	5.858004903592593	0.24711339925704046	0.8052823448113728	0.9581684684112866	-5.244154724051897	
CYTC	-0.024624456310743153	-0.22618007387301992	0.17693116125153363	6.433137144444444	-0.2421236350158888	0.8091364304614426	0.9581684684112866	-5.24506445260656	
ECM1	0.026776444374405937	-0.19556000630991938	0.24911289505873124	6.706229820046296	0.2386754116611464	0.8118025836744636	0.9581684684112866	-5.245682300668387	
PGS1	-0.03477856455720182	-0.3242652668305526	0.25470813771614903	6.7766801575	-0.23809401354668544	0.8122523374352539	0.9581684684112866	-5.245785602862325	
IGLL5	0.03775398250730003	-0.27679858327184115	0.35230654828644126	6.199302094685185	0.23786742987703943	0.8124276334102172	0.9581684684112866	-5.245825793867603	
C1QC	0.029699000249103467	-0.22252221898241056	0.2819202194806175	6.3553817325	0.2333595889670322	0.8159170844312946	0.9586250155485553	-5.246617443151156	
FBLN3	-0.03277380491896319	-0.3326532813830169	0.2671056715450905	6.642765285731482	-0.2165935713041178	0.8289273742765454	0.9631888063320895	-5.249429055265164	
S10A4	-0.026606143793034883	-0.27404578506276295	0.2208334974766932	6.676805167351852	-0.21309737423577854	0.8316465268772257	0.9631888063320895	-5.249988984130416	
CRLF1	-0.035405470563018474	-0.3724230831326373	0.30161214200660036	6.586520738888889	-0.20820119361468015	0.8354579396252046	0.9631888063320895	-5.250757826057258	
PRELP	0.03142156122185153	-0.27087926163235787	0.3337223840760609	6.784550483287037	0.2059936686759446	0.8371776666187308	0.9631888063320895	-5.251098632188447	
OLFL3	0.024328987708640885	-0.21348712159462954	0.2621450970119113	6.621423354814815	0.20274409363232332	0.8397106146590516	0.9631888063320895	-5.2515937106153485	
FIBA	-0.055390482549833996	-0.6172890557169146	0.5065080906172466	5.861725851425926	-0.19536315544080401	0.8454700539808844	0.9631888063320895	-5.25268899013916	
A1AT	0.030250302598153308	-0.27667629793609894	0.33717690313240556	6.2337809086944445	0.1953262606520596	0.8454988647626913	0.9631888063320895	-5.252694363145554	
ALS	-0.04001067233999711	-0.44870512162604864	0.3686837769460544	6.0808244061388885	-0.19401823607811858	0.8465204234920187	0.9631888063320895	-5.2528841962423565	
ANXA1	-0.018933617020277668	-0.21405229277691024	0.17618505873635487	6.636269034398148	-0.19230925713283634	0.8478555188424866	0.9631888063320895	-5.253130299427946	
APOA	-0.05521737089996293	-0.6552541037431103	0.5448193619431845	5.710012751509259	-0.18237417010711196	0.8556256944822143	0.9647499355438726	-5.254517924067207	
HEP2	-0.025568611871722824	-0.3062740557151689	0.25513683197172327	6.248836958462963	-0.18051851714411093	0.857078588249607	0.9647499355438726	-5.25476895184879	
LG3BP	-0.03186510774520322	-0.39454727581921284	0.33081706032880637	6.553152627842593	-0.17412239413220093	0.862090201053571	0.9647499355438726	-5.255614541763227	
CO8A	0.026200256485035926	-0.274129199659029	0.32652971262910085	6.2077174952037035	0.17289126624766651	0.8630554907245137	0.9647499355438726	-5.255773803195881	
APOH	-0.019721232862450176	-0.24879826553273823	0.2093557998078379	6.305619202564815	-0.17061529215311352	0.8648405571056721	0.9647499355438726	-5.256065254661467	
LTBP4	-0.016026579862598575	-0.21451903642846132	0.18246587670326414	6.6567381134722226	-0.16001558635510085	0.8731630675020146	0.9661125481492783	-5.257371761882318	
A2AP	0.04037742690910367	-0.46792684576614635	0.5486816995843536	5.7961116198888885	0.15742739940254546	0.8751974197121393	0.9661125481492783	-5.2576780617198455	
PLOD1	-0.023159155087535653	-0.3152824284461043	0.26896411827103306	6.389646787574074	-0.15711657180263036	0.8754417912032294	0.9661125481492783	-5.257714510972026	
PRDX2	-0.016505785308769443	-0.23744573694621068	0.20443416632867178	6.4607128505833336	-0.14805646611221923	0.8825700068902219	0.9705129257262581	-5.258745310593758	
AACT	0.015681409013496725	-0.24105238184339678	0.27241519987039026	6.284793190314815	0.12105075176615233	0.9038722850354941	0.9774856628474057	-5.261454883728427	
CO4A	-0.015694469586170677	-0.280119809183156	0.24873087001081465	6.342766205027778	-0.11762753982711721	0.9065778835601124	0.9774856628474057	-5.261759523601651	
FIBG	-0.03726621424971896	-0.6675484200889967	0.5930159915895588	5.631416690046296	-0.11717788962105977	0.9069333552441032	0.9774856628474057	-5.261798889962714	
VWA1	0.013430733560080987	-0.22169731096154582	0.2485587780817078	6.601576026925926	0.11320373173651943	0.9100759455894323	0.9774856628474057	-5.262140269775024	
SDF1	-0.015249514965540912	-0.28556343163030495	0.2550644016992232	6.512847214083333	-0.11180289962034054	0.9111840050550011	0.9774856628474057	-5.262257794533563	
ANT3	0.013100061643818215	-0.22489812887280594	0.25109825216044235	6.378405822759259	0.10908502261611223	0.9133343457550833	0.9774856628474057	-5.262481641912705	
FBLN1	-0.010640554227733637	-0.21434030444166427	0.193059195986197	6.608304173	-0.10352355918226551	0.9177364744102873	0.9774856628474057	-5.262922526148608	
TARSH	-0.017504775711163396	-0.36992705681319443	0.3349175053908677	6.6758264130092595	-0.09843706006117439	0.921764892239032	0.9774856628474057	-5.2633055676898035	
SAA4	0.022499876514743083	-0.43730659356183343	0.48230634659131966	6.125943845814815	0.09697739153126789	0.9229213045307789	0.9774856628474057	-5.263411926729494	
HEMO	0.011100731707359288	-0.2242362639413822	0.24643772735610078	6.325864418685185	0.09348175203876286	0.9256913675503403	0.9774856628474057	-5.263660179624788	
FHR2	-0.017127070991174793	-0.4005360464232377	0.36628190444088815	6.094200240324074	-0.08852914389050097	0.9296175377830276	0.9774856628474057	-5.2639963048642	
APOA2	0.016947116055372576	-0.36831292674381355	0.4022071588545587	6.288551848055556	0.08717807537439289	0.9306889003378156	0.9774856628474057	-5.264084824494391	
APMAP	0.013565789422119468	-0.29723597900797155	0.32436755785221044	6.3356710720462965	0.0865021759084575	0.9312249191242121	0.9774856628474057	-5.2641285974668595	
CBPB2	0.018835839374136125	-0.46393588901260413	0.5016075677608763	6.060122632546296	0.07732298133223363	0.9385074639124901	0.9774856628474057	-5.264689338984192	
FIBB	0.023837618510940236	-0.5910365366280745	0.638711773649955	5.676193545231482	0.07683198759358316	0.9388971586182664	0.9774856628474057	-5.264717562750479	
KV320	0.010661634805958562	-0.27933598493281087	0.30065925454472797	6.2729653275648145	0.07286094691418434	0.942049453769157	0.9774856628474057	-5.264939223499171	
IGJ	0.018538284120181058	-0.5011756598364353	0.5382522280767975	5.850040392296297	0.07069205500192739	0.9437715573832849	0.9774856628474057	-5.265055324404518	
C1QA	0.01076348115341933	-0.3025985219466259	0.3241254842534646	6.265361605407407	0.06807252528481297	0.9458518226258068	0.9774856628474057	-5.265190871138825	
CFAH	-0.007167488476491942	-0.25378186447145556	0.23944688751847168	6.401660275083334	-0.05759888225923038	0.9541729265113297	0.9827981143066696	-5.265681694858044	
HV169	-0.008305085101076056	-0.3630017312593223	0.3463915610571701	6.199397081657407	-0.04640368252233824	0.9630728723331079	0.9854345428010413	-5.266115878424769	
ANGI	-0.0060894981799258195	-0.26642950561839246	0.2542505092585408	6.387638263018519	-0.04635600851489794	0.963110782931762	0.9854345428010413	-5.266117527503375	
CO8B	-0.006688928954612973	-0.3896363740440378	0.3762585161348118	6.038628330972222	-0.034616475570424715	0.9724484733264955	0.9867617952704927	-5.266472006957736	
HPT	0.0067888498295933875	-0.38870778219766433	0.4022854818568511	6.091805294620371	0.03401878938970614	0.9729239897082456	0.9867617952704927	-5.266487304645439	
AGRIN	0.0029918508259886294	-0.17843725729640528	0.18442095894838254	6.702445452953704	0.03268123139956302	0.9739881797977354	0.9867617952704927	-5.2665205739847325	
FHR1	-0.0032098947774154337	-0.3999265257923858	0.3935067362375549	5.97008943775	-0.016035253529800668	0.9872353947335415	0.9944203026551252	-5.266822981856096	
LYSC	-0.0024586332289905162	-0.32525620977370384	0.32033894331572277	6.219956412694445	-0.015094854224677948	0.9879839252916616	0.9944203026551252	-5.266833898844631	
YBOX1	0.000953337007501089	-0.22270007257446395	0.2246067465894661	6.50939154525	0.008447658922205106	0.9932751670972908	0.9951557680828632	-5.266892257013298	
PON1	0.0019468365436666616	-0.6320945972065466	0.6359882702938799	5.387456403064815	0.006085234127294557	0.9951557680828632	0.9951557680828632	-5.26690506028436	
