	logFC	CI.L	CI.R	AveExpr	t	P.Value	adj.P.Val	B	
ITB2	-0.3177531817736068	-0.5571504415186963	-0.07835592202851732	6.248384368638889	2.6304888130960604	0.009752056774170929	0.7178219093126748	-3.696398851918382	
MGP	0.6377335874620124	0.1413193732145971	1.1341478017094277	5.883431583972222	-2.5460141215871506	0.01228420098131072	0.7178219093126748	-3.7626671874748423	
FHR3	-0.6337647984550604	-1.1342777594934859	-0.13325183741663493	5.982174252611111	2.5094497934274482	0.013552704827571763	0.7178219093126748	-3.7908065593731863	
CRLF1	0.4068248679214172	0.08540293053563847	0.728246805307196	6.586520738888889	-2.508405265574148	0.013590606100767141	0.7178219093126748	-3.791605531419256	
TRFL	-0.44442991652741887	-0.8040375544291654	-0.08482227862567232	5.544749992925926	2.449289407444646	0.0158965599645117	0.7178219093126748	-3.8363785965517323	
HPTR	-0.5456872889053419	-1.0195246726110174	-0.07184990519966639	6.009540445907407	2.2823394760918556	0.02439797984819585	0.7178219093126748	-3.958011573273383	
MFGM	0.35554802013926895	0.037706074767925646	0.6733899655106123	6.726847601518519	-2.216934084702858	0.028690478905080877	0.7178219093126748	-4.003682862010476	
CO8A1	0.3479526736877412	0.034051199067719584	0.6618541483077628	6.51113064837037	-2.1968102600173807	0.03013755209823949	0.7178219093126748	-4.017506489313131	
A1BG	-0.21299845211278823	-0.4074996479432511	-0.01849725628232532	6.456969099944445	2.170300636226019	0.032140594776207065	0.7178219093126748	-4.035551329486822	
C1R	-0.31443234914219526	-0.604038385549212	-0.02482631273517849	6.2323824648148145	2.151717919377297	0.033612741525981565	0.7178219093126748	-4.048087802419916	
ITAV	0.19132124224875294	0.0112843460509639	0.371358138446542	6.633021656583333	-2.106043809502903	0.03748177996812572	0.7178219093126748	-4.078504133976725	
FRIL	-0.45258391659701724	-0.8797274616924116	-0.025440371501622983	5.471870478944444	2.099863162153623	0.03803378372695489	0.7178219093126748	-4.082576548937734	
COEA1	0.31783926486585995	0.016995327509619906	0.6186832022221	6.595640400990741	-2.0937846412045595	0.038583487679258684	0.7178219093126748	-4.08657151029969	
FETUA	0.6005289700379761	0.007262605603442274	1.1937953344725099	5.530450678638889	-2.006087919591832	0.04730792176507053	0.7178219093126748	-4.143079131754461	
FHR5	-0.35464497745654444	-0.7094002206829016	0.00011026576981276737	6.262009121453704	1.9812109372640763	0.05007001405021992	0.7178219093126748	-4.158721290450151	
S10A6	0.21677475806661795	-0.0004761438216337732	0.43402565995486964	6.555740916907407	-1.9774834082144679	0.05049546469000641	0.7178219093126748	-4.161050229355648	
PRDX1	0.217959297499939	-0.0014778153741670519	0.4373964103740451	6.5738263212222225	-1.9684801736499038	0.05153575220783389	0.7178219093126748	-4.166659389303982	
CO8A2	0.31497512183203097	-0.002517068920496024	0.6324673125845579	6.436757861703704	-1.9661150661765947	0.05181202746828196	0.7178219093126748	-4.168129130198484	
LAMA5	0.2784520608180856	-0.0040798368083704295	0.5609839584445416	6.670450417657407	-1.9532088174098219	0.053341869409224266	0.7178219093126748	-4.176121820391584	
HTRA1	0.29122051236340935	-0.009539285871594305	0.5919803105984129	6.6089479596944445	-1.9189687524533325	0.05758689152586062	0.7178219093126748	-4.197099577121949	
HPT	-0.36580380388838357	-0.7473636195762359	0.015756011799468728	6.091805294620371	1.899989990787704	0.06006012621504414	0.7178219093126748	-4.208584814519504	
MFAP4	0.31353708285183096	-0.01424219123351661	0.6413163569371785	6.784525207444444	-1.8957154535911231	0.060629320391576653	0.7178219093126748	-4.211157540354555	
CFAH	-0.22561598231192617	-0.4636272344214807	0.012395269797628367	6.401660275083334	1.8786163522502943	0.06295173809604118	0.7178219093126748	-4.221397180031556	
HEMO	-0.20815823877504683	-0.43552953479822487	0.019213057248131243	6.325864418685185	1.8143609642878158	0.07235532679917249	0.7178219093126748	-4.259130751639529	
PEDF	-0.3264023185133162	-0.6846635041309526	0.03185886710432018	5.853926364666666	1.805590255798927	0.0737250625603392	0.7178219093126748	-4.264189516006288	
GDN	-0.29932219297933	-0.6295532948950313	0.030908908936371382	6.319488361907407	1.796332266137498	0.07519414411290927	0.7178219093126748	-4.269505304593588	
ITIH1	0.2000901693323851	-0.021941962279989763	0.42212230094476	6.750619427601852	-1.7859761274485673	0.07686610748413658	0.7178219093126748	-4.275422342343033	
CO7	-0.2715603060511547	-0.5741454975504903	0.031024885448180883	6.2260549899907405	1.7786248089832217	0.07807150083450261	0.7178219093126748	-4.279603760308001	
CFAB	-0.20438292326895174	-0.43410384785461764	0.02533800131671418	6.4130266054537035	1.7632332913707176	0.0806457946723669	0.7178219093126748	-4.288307785409505	
APOL1	-0.3113061474308828	-0.6617673786132641	0.0391550837514984	6.325579601314815	1.7604084345257318	0.08112577150260973	0.7178219093126748	-4.289897808722175	
APOH	-0.19600115227108675	-0.4175588821624012	0.025556577620227755	6.305619202564815	1.753224149009416	0.08235706559944155	0.7178219093126748	-4.2939311846388195	
HSPB1	0.2910582497781	-0.040316613630068554	0.6224331131862686	6.597678066601852	-1.7407086117297756	0.08453873111378421	0.7178219093126748	-4.300921796811501	
CATD	-0.32677263299153325	-0.701527725085979	0.04798245910291249	6.016637744398148	1.7280800678901216	0.08678791432036363	0.7178219093126748	-4.307929321142865	
MUC18	0.24924372232042974	-0.038562380820483244	0.5370498254613427	6.714909395287037	-1.7162871681790706	0.08893226057672243	0.7178219093126748	-4.3144311560322235	
A1AT	-0.25530153511252063	-0.5523941482809743	0.04179107805593307	6.2337809086944445	1.703049607642583	0.09139064030692132	0.7178219093126748	-4.321681070856758	
LAMB2	0.20966688913832734	-0.036221568003806326	0.455555346280461	6.711706281046296	-1.689886107935654	0.09388989734734711	0.7178219093126748	-4.328839544004756	
QSOX1	-0.24081045278704613	-0.5234738401861675	0.04185293461207526	6.286517944453704	1.688385062679009	0.09417838602453417	0.7178219093126748	-4.329652603440358	
C1QA	-0.25702312807097066	-0.5604083483106115	0.046362092168670155	6.265361605407407	1.6789722227740589	0.0960039188512385	0.7178219093126748	-4.334736101179793	
PON1	-0.517023025133222	-1.1309560605501563	0.09691001028371238	5.387456403064815	1.6689933543470217	0.0979704717352593	0.7178219093126748	-4.340096848960372	
OSTP	0.5265134063890708	-0.09904093990860574	1.1520677526867473	5.4475403017962964	-1.668054031558915	0.09815725379224324	0.7178219093126748	-4.340599953689927	
SCUB3	0.2833570850930889	-0.055280862617073157	0.6219950328032509	6.592525996675926	-1.6583041169938941	0.10011307757161772	0.7178219093126748	-4.345806694165028	
GELS	0.23903185457079262	-0.04811485859600195	0.5261785677375872	6.659845195277778	-1.6497481791756567	0.101855230158751	0.7178219093126748	-4.35035272535998	
SLPI	0.2964895314210196	-0.06447623133550501	0.6574552941775442	6.433658879203704	-1.6278301138539708	0.10642992414999733	0.7178219093126748	-4.361899788239939	
MFAP5	-0.22214701540760687	-0.4932226333934697	0.04892860257825596	6.038949968851852	1.6241111667051837	0.10722227691368401	0.7178219093126748	-4.363844926083408	
SOST	0.505350352219846	-0.11508347562512644	1.1257841800648185	6.095349238092592	-1.6142203948570817	0.10935265500419271	0.7178219093126748	-4.368998184647724	
ALS	-0.3221662556226974	-0.7182976294528005	0.07396511820740564	6.0808244061388885	1.6117828691095695	0.109882852043005	0.7178219093126748	-4.370263717810619	
S10A4	0.19471476121996376	-0.04513728824447949	0.434566810684407	6.676805167351852	-1.6088707971246274	0.11051896731204862	0.7178219093126748	-4.371773316276498	
C1S	-0.2837296285414398	-0.6382649371403031	0.07080568005742355	6.280178783518519	1.5860282625162911	0.11561153112150263	0.7178219093126748	-4.383527253115048	
FHR1	-0.3077832708975604	-0.6923807128538064	0.07681417105868565	5.97008943775	1.5860042455045826	0.1156169823226828	0.7178219093126748	-4.38353952962785	
ANXA2	0.14637880524211208	-0.037908483116665226	0.3306660936008894	6.40943584175	-1.5741588104869628	0.1183306298943343	0.7178219093126748	-4.389573461580564	
LEG1	0.24248262320625952	-0.06291846079261415	0.5478837072051332	6.483123161537037	-1.573532703721022	0.11847546076034438	0.7178219093126748	-4.389891228058286	
IC1	-0.21297783310478544	-0.48464626385062315	0.058690597641052306	6.213608716398148	1.5536777850609826	0.12314180698905429	0.7202892121935381	-4.399907366052949	
ITIH5	0.2042471805470837	-0.05717637774327203	0.4656707388374395	6.930131255898148	-1.5483782946684088	0.12441159629404529	0.7202892121935381	-4.402560830520189	
FRIH	-0.247803780829705	-0.5662228572397878	0.07061529558037777	6.00662996775926	1.5423203045907061	0.12587578465518143	0.7202892121935381	-4.4055837647875284	
HMCN1	0.20950716108057948	-0.0640227499175593	0.48303707207871827	6.6698359066111115	-1.5179580651502058	0.13190184089456558	0.7410485242985594	-4.417629243608994	
THIO	0.1292463897942764	-0.04112356920107818	0.299616348789631	6.450830747731482	-1.503457404001602	0.1355948026911339	0.7481927505635781	-4.424714051192473	
AACT	-0.18594198589415145	-0.4352161152869085	0.06333214349860561	6.284793190314815	1.4783115941264433	0.1421901512047117	0.7708202933729109	-4.436849473810176	
SDF1	0.19382411246697762	-0.06868482636151113	0.45633305129546636	6.512847214083333	-1.4632867286031965	0.14624853440514773	0.7781220334841634	-4.444009194862775	
KLKB1	-0.3316414987483849	-0.7861857256357621	0.12290272813899233	5.858004903592593	1.4459672247494268	0.15103756804777152	0.7781220334841634	-4.452177395491349	
CAD13	0.2243703453415829	-0.084490988915289	0.5332316795984549	6.562387502916667	-1.4396855288022294	0.15280415774908523	0.7781220334841634	-4.455117432927705	
THSD4	0.22686363024671785	-0.08851898474938491	0.5422462452428206	6.691196609768519	-1.4255841353780614	0.15682786775979268	0.7781220334841634	-4.461673593983225	
CERU	-0.24754844358738046	-0.5954511560269932	0.10035426885223228	5.971550274277778	1.410159090891369	0.16132199551848922	0.7781220334841634	-4.468775728877135	
C1QB	-0.22014922673842105	-0.5325311892064792	0.09223273572963711	6.381991448787037	1.3966800879105756	0.16532928700642385	0.7781220334841634	-4.474922345377813	
COGA1	0.27977638623449985	-0.11883127839657759	0.6783840508655773	6.44457624212963	-1.3910128344743151	0.16703665929956807	0.7781220334841634	-4.477490095762481	
APOB	-0.31013846908407355	-0.7547892631840454	0.13451232501589827	6.053316700444444	1.3822999511227794	0.16968774125996558	0.7781220334841634	-4.481418588752369	
ANXA1	0.13220249896770778	-0.05750194367047784	0.3219069416058934	6.636269034398148	-1.3811087890394962	0.17005264918393198	0.7781220334841634	-4.481953855830093	
ITA8	0.22622201696264668	-0.09889332885893173	0.5513373627842251	6.6183784266388885	-1.3789963832456926	0.17070124235613743	0.7781220334841634	-4.482902028001798	
F13B	-0.33271205178692254	-0.8114741720221981	0.14605006844835294	6.06103607337037	1.377255378514541	0.17123721125217836	0.7781220334841634	-4.4836824646281075	
S10A9	-0.30174820011039827	-0.7457688382940761	0.14227243807327966	5.256544058574074	1.3468128697153718	0.18081652022008443	0.801220480182733	-4.497178392770768	
SAA4	-0.3019511912830614	-0.7491768707138644	0.14527448814774152	6.125943845814815	1.3380604710797235	0.18364394373121945	0.801220480182733	-4.501005773417787	
IBP5	0.23721724599161595	-0.11449769222822473	0.5889321842114567	6.3128799575925925	-1.3366606759093782	0.184099204184382	0.801220480182733	-4.501615706901651	
APMAP	-0.2014594310843385	-0.5038181409631012	0.10089927879442417	6.3356710720462965	1.3204770140886177	0.1894243309637782	0.8016687793188465	-4.508623521166834	
DEF1	-0.2403543663093046	-0.6012223554939109	0.12051362287530173	5.948012385944445	1.3199861746172807	0.1895876180797468	0.8016687793188465	-4.508834799815405	
TSP2	-0.20996623099547107	-0.5271745563634178	0.10724209437247562	6.356899051759259	1.3118089857766857	0.19232340243878743	0.8016687793188465	-4.512343663202969	
RARR2	-0.1406756044193749	-0.355558360095769	0.07420715125701924	6.461048128537037	1.2974270585792684	0.1972062582562424	0.8016687793188465	-4.518464815748142	
CRIP2	0.2099015791843817	-0.11779990478757649	0.5376030631563399	6.585314221685185	-1.2694132410946535	0.20698035371553755	0.8016687793188465	-4.530203802152939	
APOC1	0.17306372497756878	-0.0998758082546587	0.44600325820979625	6.357067600425926	-1.2566239386516593	0.21155925904274359	0.8016687793188465	-4.535482002125347	
CD97	0.12279534175729657	-0.07191605081634546	0.3175067343309386	6.659436383898148	-1.2498452828538227	0.21401608845592315	0.8016687793188465	-4.538258938888325	
A1AG1	-0.21459202209276618	-0.5566849039070961	0.12750085972156378	5.716078704342593	1.2431835667195692	0.21645079648902327	0.8016687793188465	-4.5409740216054635	
IGKC	-0.18161510656866728	-0.4712139755948296	0.10798376245749505	6.215510389231482	1.2428560609538577	0.21657101161015052	0.8016687793188465	-4.541107144721451	
SAA1	-0.36288701699606657	-0.9449415767373124	0.2191675427451793	5.426461373407407	1.2355873720717634	0.21925162406106943	0.8016687793188465	-4.5440530786833095	
S10A8	-0.28271371717648475	-0.7380649446174918	0.17263751026452234	5.308786563712963	1.2304560199430667	0.22115849859483125	0.8016687793188465	-4.54612284123202	
C1QC	-0.15132720096052013	-0.3970292410196562	0.09437483909861591	6.3553817325	1.220601678634	0.22485422964436133	0.8016687793188465	-4.550074589336071	
FGL2	0.1751662327699555	-0.1099848222143168	0.46031728775422776	6.591847946333333	-1.217421965535788	0.22605622809333037	0.8016687793188465	-4.551343228471943	
ANXA6	0.12172907378659716	-0.07783918609494818	0.3212973336681425	6.66174770437037	-1.208839306848018	0.22932384432166963	0.8016687793188465	-4.554751741427227	
KVD11	-0.28016577484992905	-0.7407202341554744	0.18038868445561623	6.161783355731481	1.205590494345234	0.2305695901346199	0.8016687793188465	-4.5560359582728145	
IGHG1	-0.15889759503681622	-0.4226138509313231	0.10481866085769065	6.320147261833333	1.194114986748573	0.23500884703362973	0.8016687793188465	-4.5605456256604375	
FBLN3	0.17453771780313665	-0.1176974544804763	0.4667728900867496	6.642765285731482	-1.1836479067239125	0.2391111971760592	0.8016687793188465	-4.564622994135066	
CO6	-0.1949272843979383	-0.5240705947107686	0.13421602591489198	6.241468658425926	1.1736897882100006	0.24306136682752677	0.8016687793188465	-4.5684701779082495	
SODE	0.20687754272775033	-0.14399034875894595	0.5577454342144466	6.621809298009259	-1.1685181116100276	0.245131107904833	0.8016687793188465	-4.5704558928356205	
ANXA5	0.09959576246464694	-0.06941344852695855	0.26860497345625245	6.642782830898148	-1.1678745986356471	0.24538952061126226	0.8016687793188465	-4.570702387621636	
ICAM1	-0.14350672703900913	-0.3874057575734339	0.10039230349541559	6.429389756175926	1.1660788321762081	0.24611166303580448	0.8016687793188465	-4.57138955927494	
CD5L	-0.29593055105619026	-0.802641646182321	0.2107805440699405	5.943783591203704	1.1574310134207437	0.24961040685374006	0.8016687793188465	-4.574684545797327	
LAMC1	0.12001790560013645	-0.08752685037682043	0.32756266157709335	6.706165447712963	-1.14604060519783	0.25427230868232126	0.8016687793188465	-4.5789885839324755	
ELNE	-0.22883302107004444	-0.6253835700749961	0.1677175279349073	6.041383248685185	1.1436308572147544	0.2552663989859109	0.8016687793188465	-4.57989390481659	
PGBM	0.16508800705303692	-0.12300382297501991	0.4531798370810938	6.791966399537037	-1.1356651753724554	0.25857195027563507	0.8016687793188465	-4.582873510677674	
PERM	-0.16506556826795282	-0.45360074781918425	0.1234696112832786	6.176554067185185	1.1337660433378096	0.25936446127784646	0.8016687793188465	-4.583580936251635	
MMP2	-0.11185543161283579	-0.3074577109339772	0.08374684770830562	6.618457011277778	1.1333104487734502	0.2595548350276885	0.8016687793188465	-4.583750475692387	
GRN	-0.16604451748826535	-0.4568049041830333	0.1247158692065026	6.164293759694444	1.1317617938090907	0.26020268592984724	0.8016687793188465	-4.584326283581595	
TSP1	-0.20764171534848927	-0.5718305900508933	0.1565471593539148	6.290379945472222	1.1299355154712947	0.2609681320793044	0.8016687793188465	-4.5850043423024	
VINC	0.17772807977661936	-0.13575320715341344	0.49120936670665216	6.654287993305555	-1.1235959207602721	0.2636374850977067	0.8016687793188465	-4.587349927376334	
MIME	0.20890086776399044	-0.16432185376220262	0.5821235892901835	6.775300982166667	-1.1092716015317678	0.26973903721363285	0.8016687793188465	-4.592603011230416	
MXRA5	-0.13277881296271574	-0.3713089797085043	0.1057513537830728	6.410460203361111	1.1031922344857126	0.27235804817776893	0.8016687793188465	-4.594812849675649	
IGJ	-0.28083763992928307	-0.787651631511149	0.22597635165258295	5.850040392296297	1.0981772559976615	0.274531755663504	0.8016687793188465	-4.596626978422028	
TARSH	0.18986731299284457	-0.15382619714121934	0.5335608231269084	6.6758264130092595	-1.094824730367592	0.27599156612239184	0.8016687793188465	-4.597835285681872	
ZPI	-0.18573565038984405	-0.5290046376734584	0.15753333689377028	6.414648096407407	1.0723249928584917	0.28592758368075033	0.8016687793188465	-4.605852365814819	
OAF	-0.13982782554735676	-0.3986666421333429	0.11901099103862936	6.468497303027778	1.070606620328475	0.2866963755695357	0.8016687793188465	-4.606458051198116	
ITB1	0.1297846187605874	-0.11063486633809069	0.3702041038592655	6.751825401888889	-1.0698411271737536	0.2870393088127717	0.8016687793188465	-4.606727567361769	
COIA1	0.2031455771240175	-0.17349967084541093	0.5797908250934459	6.7242616309074075	-1.068908683194824	0.2874574134154529	0.8016687793188465	-4.6070556124180015	
LTBP2	0.12879496506729762	-0.11025968537917052	0.36784961551376577	6.598723680203704	-1.0677446772619124	0.2879799339365995	0.8016687793188465	-4.607464736171957	
S10AB	0.10044947460406099	-0.08681474232111848	0.2877136915292405	6.537832790620371	-1.0630620063570377	0.29008853607878893	0.8016687793188465	-4.609106247628742	
FBLN2	0.12611161739716423	-0.10923078453576432	0.3614540193300928	6.654043225675926	-1.061990520421466	0.2905725025362809	0.8016687793188465	-4.609480877572905	
CO8B	-0.1975088657401331	-0.5711272624618584	0.1761095309815922	6.038628330972222	1.0476689398587362	0.29709411611138525	0.8056195184947589	-4.614453162601398	
CO4A2	0.14617525284594227	-0.13215785775995995	0.4245083634518445	6.550513351555556	-1.0408177898026816	0.3002487438837343	0.8056195184947589	-4.616808719885739	
HV169	-0.18048745442956116	-0.5265908842999264	0.1656159754408041	6.199397081657407	1.033491342077515	0.3036471839674425	0.8056195184947589	-4.619311150370598	
CSPG2	0.2114303110177883	-0.1971523914461598	0.6200130134817364	6.652104498277778	-1.0255409303283725	0.3073642612912746	0.8056195184947589	-4.62200734502066	
HV330	-0.17153070662795059	-0.5041413008366413	0.16107988758074013	6.343303901851852	1.0220485460450242	0.30900667924637704	0.8056195184947589	-4.623185331803904	
PLMN	-0.19440260672701887	-0.57167356930275	0.1828683558487123	6.035548629388889	1.0212085213294446	0.3094026065455198	0.8056195184947589	-4.623468092877652	
HPLN1	0.2558581850989802	-0.2473164183672113	0.7590327885651716	6.3642929542777775	-1.0077349666147533	0.315799497449878	0.8056195184947589	-4.627972647569699	
KV320	-0.14370967946546656	-0.4267567320391098	0.1393373731081767	6.2729653275648145	1.0062203816986768	0.3165240487224916	0.8056195184947589	-4.628475386752395	
COLA1	0.13307640432343568	-0.1293178327099034	0.3954706413567748	6.6587968094074075	-1.005107449005033	0.3170571607673813	0.8056195184947589	-4.628844337471396	
CATB	-0.1606070799536284	-0.47795576865427514	0.15674160874701829	6.132070161787037	1.0029833051006518	0.3180763147455035	0.8056195184947589	-4.629547418175738	
PGS2	-0.2536621892127662	-0.7609768745892909	0.2536524961637585	6.205368211592592	0.9909323994051238	0.32389942716055775	0.8136985609155475	-4.6335088948270595	
FBN1	-0.11004158831761353	-0.3317191455941806	0.11163596895895354	6.629910578185185	0.9837864786284403	0.32738544880386766	0.8158234167773798	-4.635836016422172	
CO6A2	0.1489275406644046	-0.1528665103663046	0.45072159169511383	6.4284191828796295	-0.9779802157377745	0.33023605504496223	0.8163435280711466	-4.637714828026069	
TIMP3	0.16530780982930177	-0.17314546186610552	0.5037610815247091	6.154239530583333	-0.9679666208957274	0.33519041850437215	0.8176943268758785	-4.640929682927605	
PLTP	-0.2286287573570489	-0.6975873906954237	0.24032987598132594	5.839099622398148	0.966188906117775	0.3360750146059436	0.8176943268758785	-4.641497056381695	
SPP24	0.18263307327976383	-0.19695607726927514	0.5622222238288028	6.111210999777778	-0.953523415871731	0.34242142934927666	0.8184595018505068	-4.645510015018741	
CO2A1	-0.1918706995783455	-0.6000227443337879	0.21628134517709688	6.474789254333333	0.9316491854930279	0.35356383781081935	0.8184595018505068	-4.652319360667503	
APOD	-0.18807681571168905	-0.5893314446250744	0.21317781320169632	6.129919063888889	0.9289256047611723	0.35496728071919403	0.8184595018505068	-4.6531564286327525	
CO4A1	0.15408002542961605	-0.17597166446882692	0.484131715328059	6.474585829194444	-0.9251882464479056	0.3568989098396539	0.8184595018505068	-4.654301186993117	
ITIH3	-0.10240153224451043	-0.3223447797843256	0.11754171529530472	6.498490661277778	0.9227021826755025	0.35818752617582694	0.8184595018505068	-4.655060182089376	
TETN	-0.12660087019416402	-0.40219471171537435	0.14899297132704634	6.309107744027778	0.9104013823064939	0.36460705721319975	0.8184595018505068	-4.6587863284319155	
HV307	-0.12487856210126966	-0.3975573825744385	0.14780025837189922	6.302068563314815	0.9076161371147428	0.3660706775014042	0.8184595018505068	-4.659623263225594	
HS71B	0.09987910238507039	-0.12012241606634005	0.31988062083648083	6.551456552231482	-0.8997351315178305	0.3702321695630838	0.8184595018505068	-4.661977866171295	
CO5	-0.1384469485105515	-0.4442574258803984	0.1673635288592954	6.267266048166666	0.8972154704843043	0.37156891356118704	0.8184595018505068	-4.66272643774958	
ITIH4	-0.12896006657668296	-0.41483662213385836	0.15691648898049243	6.319303033712963	0.8940101181391422	0.3732738140512927	0.8184595018505068	-4.663675762571114	
FMOD	0.16883976527629072	-0.20672191324397068	0.5444014437965521	6.644098840194444	-0.890962026485373	0.37489961560640295	0.8184595018505068	-4.664575436091826	
HS90B	-0.12791329168170626	-0.4171974459292864	0.16137086256587393	6.216693721166667	0.8763079581275781	0.3827776373930545	0.8184595018505068	-4.668858844127507	
CO4B	0.16578898671464237	-0.20919799208444495	0.5407759655137296	6.120052864296296	-0.8762039687276497	0.3828339070835206	0.8184595018505068	-4.6688889925080534	
IGHA1	-0.18093376845491366	-0.5902063225256824	0.22833878561585508	6.096174468018519	0.8761384359243267	0.38286937016931866	0.8184595018505068	-4.668907989840643	
TINAL	0.15555928576324177	-0.1991227978494102	0.5102413693758937	6.7149951287314815	-0.8692053995061808	0.38663270423117224	0.8184595018505068	-4.670909968701401	
CBPB2	-0.20672921022877164	-0.6784819000873638	0.26502347962982054	6.060122632546296	0.8684667315112459	0.3870350065348739	0.8184595018505068	-4.671122349898705	
CD59	-0.09693469748188392	-0.3182174434614208	0.12434804849765295	6.484394060787037	0.868155324759692	0.3872046861836257	0.8184595018505068	-4.671211832432397	
PGS1	0.12351315453100485	-0.15943907029258653	0.40646537935459626	6.7766801575	-0.8650990334724252	0.3888724410875365	0.8184595018505068	-4.672088391419678	
PROC	0.2548555452113605	-0.33667688883329333	0.8463879792560143	5.727702117629629	-0.8538493486124014	0.395049255852303	0.8184595018505068	-4.675288820282589	
APOE	-0.16169587819526335	-0.5376106181009358	0.21421886171040913	6.276828017212963	0.8524625728229785	0.3958148284997751	0.8184595018505068	-4.675680508876303	
BGH3	-0.10987994712871033	-0.3667152313173817	0.14695533705996103	6.3401852135925925	0.8478704134844235	0.3983564184526813	0.8184595018505068	-4.67697309826951	
CADH1	0.11247332347485159	-0.15076463996817682	0.37571128691788	6.536680160101852	-0.846772474520154	0.3989655599455646	0.8184595018505068	-4.677281131663078	
LYOX	-0.11026224985596182	-0.3687754829818985	0.14825098326997482	6.676330113657407	0.8452979129983738	0.3997845470333058	0.8184595018505068	-4.677694214389692	
HV439	0.1159845790450573	-0.15604593644529288	0.3880150945354075	6.547320233259259	-0.8449837406483545	0.3999591740434515	0.8184595018505068	-4.677782135403811	
CEMIP	-0.1790324604720345	-0.6036238065183612	0.24555888557429226	6.008097265574074	0.8356537534880576	0.40516624556446923	0.8195433351259256	-4.680378549665734	
EDIL3	0.1117555506554781	-0.15509513145610915	0.37860623276706534	6.523854806537037	-0.8299778679020386	0.40835396251599954	0.8195433351259256	-4.681944269417369	
ITIH2	-0.1462984357845416	-0.4956993405171027	0.20310246894801948	6.140399300203704	0.8298151960912982	0.4084455456614645	0.8195433351259256	-4.681988989193998	
CD14	-0.13892906856445805	-0.473720781998914	0.19586264486999785	5.979548296583333	0.8224019854482782	0.41263227904086763	0.8226024143459878	-4.6840178300121735	
TIMP1	-0.1466646801724023	-0.5082181991135795	0.2148888387687748	5.926989869944444	0.8039308097960817	0.4231757218660962	0.8338955735854218	-4.688995400090111	
FBLN5	0.10290093520581087	-0.15105232577935288	0.3568541961909746	6.614048934805555	-0.8030290456506559	0.4236945147343405	0.8338955735854218	-4.689235567940334	
LEG3	0.09863270470773122	-0.14667916900015887	0.3439445784156213	6.285631470037037	-0.7968344446496023	0.42726850635105973	0.8339648160972125	-4.690878238493956	
LTBP4	0.07772302720103223	-0.11636574640480839	0.27181180080687284	6.6567381134722226	-0.7936244108807182	0.4291275267296336	0.8339648160972125	-4.691724560410706	
APOC2	0.1534490832703478	-0.23586179702059243	0.5427599635612881	6.231663755018518	-0.7811482839182853	0.43639791921287496	0.8380485646181586	-4.694982046389204	
ITAM	-0.09586833436107042	-0.33922864346743353	0.1474919747452927	6.523891118916667	0.7807125481727203	0.43665313561010854	0.8380485646181586	-4.695094900457968	
LV310	-0.12785933746745237	-0.4550036733293844	0.19928499839447966	6.119634646222222	0.7745666081755204	0.4402621711088699	0.8388524788448496	-4.696680093001182	
SAMP	0.12340769161292589	-0.1939027045858683	0.44071808781172006	6.432386245111111	-0.7707679606219667	0.4425014694230113	0.8388524788448496	-4.697653708741629	
VTDB	-0.10889112130901892	-0.3926956326188004	0.17491339000076261	6.202324075685185	0.7603943854348971	0.44865021387965665	0.8423045713022225	-4.700288567107705	
SBSPO	0.13737358673321637	-0.2272266069759014	0.5019737804423341	6.595175685944445	-0.7467101739133509	0.4568359997749455	0.8423045713022225	-4.7037106518309475	
THRB	0.18640884545655376	-0.3112461345287647	0.6840638254418722	5.943130031185185	-0.7423417534425665	0.45946696007878585	0.8423045713022225	-4.704790222473351	
PCOC1	-0.08771103915891505	-0.32197255238126515	0.14655047406343508	6.388035540138889	0.7420258553119886	0.4596575483921408	0.8423045713022225	-4.704868049106779	
COBA1	-0.1928289178061653	-0.7124999590939012	0.3268421234815706	5.885580741694445	0.735375867391448	0.4636800322722322	0.8423045713022225	-4.706498820280768	
PRG4	0.09590953420469582	-0.1654981018674725	0.35731717027686416	6.51831766612037	-0.7271252701806354	0.46869821716086	0.8423045713022225	-4.708502033401263	
COFA1	0.09734096278230298	-0.17097160472850625	0.3656535302931122	6.585801925287037	-0.7189858585586835	0.47367849211171864	0.8423045713022225	-4.710456456706735	
CYTC	0.07140635810125627	-0.12581002995134344	0.268622746153856	6.433137144444444	-0.7175622931790254	0.4745525522383953	0.8423045713022225	-4.7107960561710955	
APOC3	0.1119349517729178	-0.19723668557645485	0.42110658912229043	6.323637555157408	-0.7175163415874042	0.47458078117767943	0.8423045713022225	-4.71080700714116	
IBP3	0.10838208278987213	-0.19251860864229928	0.4092827742220435	6.355876230407407	-0.713838607985904	0.47684311219747033	0.8423045713022225	-4.711681228631049	
HV118	-0.10985326987380033	-0.4149158069480246	0.19520926720042392	6.180467553287037	0.7136575044191406	0.4769546711800735	0.8423045713022225	-4.711724163878409	
CO9	-0.11834803565270507	-0.4489988279056418	0.21230275660023162	6.225876341712963	0.7093445108996808	0.4796157315455424	0.8423045713022225	-4.71274349994446	
LAMB1	0.07140286285138302	-0.1281538471306748	0.2709595728334408	6.649760027787037	-0.709112295426674	0.47975923802327236	0.8423045713022225	-4.7127982093015675	
CO8A	-0.10431182152441412	-0.39816360016724395	0.18953995711841573	6.2077174952037035	0.7035110635334706	0.48322791797054976	0.843601280524858	-4.714112499865505	
PLIN2	-0.1110559679692929	-0.43207912387036446	0.20996718793177865	6.360977355138889	0.6856007248453788	0.49441133131968196	0.858275850436976	-4.718246117773636	
CO6A1	0.10571758733642611	-0.2088366146803019	0.4202717893531541	6.380487579240741	-0.6660663266251199	0.506767050561648	0.8637090377493274	-4.7226347363596135	
PLOD1	-0.09602805808069576	-0.3819110517092251	0.18985493554783361	6.389646787574074	0.6656953930711534	0.5070032517036042	0.8637090377493274	-4.722716860196859	
KNG1	0.12826881255917744	-0.2556647996540252	0.5122024247723801	6.10782454575	-0.6621107902278895	0.5092888546204564	0.8637090377493274	-4.723508157357688	
PRDX2	-0.07206385992811448	-0.28828822657323955	0.14416050671701058	6.4607128505833336	0.6605088071631974	0.5103120718000731	0.8637090377493274	-4.723860430381713	
RNAS4	0.09681777529871305	-0.19556715470431713	0.3892027053017432	6.386513964435185	-0.6562447478600703	0.5130409100541073	0.8637090377493274	-4.7247939849358085	
LTBP1	0.07837025800762025	-0.16056414444663858	0.31730466046187905	6.6310115245	-0.6500373594610832	0.5170271375474164	0.8637090377493274	-4.726142336157417	
TRYB2	-0.10707287540223664	-0.43357812156906794	0.21943237076459465	6.029444552314815	0.6499127065908706	0.5171073526978174	0.8637090377493274	-4.726169283336586	
CCN2	0.07316724822212514	-0.1535409089044031	0.2998754053486534	6.4934563095	-0.639610082710649	0.5237596920357483	0.8673899478838161	-4.728378841758187	
PCYOX	-0.06820801697827379	-0.280145869027946	0.14372983507139842	6.5229205815092595	0.6378119046605306	0.5249253082662576	0.8673899478838161	-4.728760915326774	
HORN	-0.09880948070745087	-0.4111036014316637	0.21348464001676193	6.089553975231482	0.6270476358478799	0.5319309734424206	0.8742908020941912	-4.731025868021785	
NID1	0.07300773278426116	-0.16591211364816527	0.31192757921668757	6.711954571037037	-0.6055951119189746	0.546034625053218	0.891019151774564	-4.735426142945654	
S10AA	0.06422605309591707	-0.14806604126559153	0.27651814745742564	6.490103175129629	-0.5995744787411923	0.5500263134920569	0.891019151774564	-4.7366338607990315	
TTHY	-0.08937485757909866	-0.385338172133728	0.20658845697553072	6.267536124703704	0.5984711319325778	0.550759410967449	0.891019151774564	-4.736853894293886	
LYSC	0.09356902784686692	-0.2224395545539679	0.4095776102477018	6.219956412694445	-0.5868119721967996	0.5585357698606387	0.8928753126286123	-4.7391545022274455	
CO6A3	0.08610368492654218	-0.20491451854540288	0.37712188839848726	6.369484744824074	-0.5863640135609595	0.5588356224763602	0.8928753126286123	-4.739242000925031	
HRG	-0.07418358980669107	-0.33119124248509246	0.1828240628717103	6.185116854703704	0.5720414731779905	0.5684643371042888	0.8928753126286123	-4.742004725246455	
FHR2	-0.10738134729547537	-0.4827787449382325	0.2680160503472817	6.094200240324074	0.5668959015027016	0.5719431156511063	0.8928753126286123	-4.742980757837855	
SFRP2	-0.0932851968519705	-0.42157539559512447	0.23500500189118345	6.35432188800926	0.56314540082971	0.5744851714716106	0.8928753126286123	-4.743686665139597	
IGHG2	-0.08156522955124813	-0.37047100745465994	0.2073405483521637	6.301849081092593	0.5595186426653901	0.5769484993596002	0.8928753126286123	-4.744364868434002	
PDIA1	-0.05536810749455507	-0.2516161607723272	0.14087994578321703	6.33565720062037	0.5591393383130946	0.5772064176176609	0.8928753126286123	-4.744435547604978	
ANGI	0.0709718521522565	-0.18394124304960519	0.32588494735411816	6.387638263018519	-0.5517720773030695	0.5822268732512236	0.8928753126286123	-4.7457989377254455	
FCGBP	-0.0918028819637136	-0.421849495665304	0.23824373173787677	6.337980203027778	0.5512476615064704	0.5825850257411522	0.8928753126286123	-4.745895303446462	
TIMP2	0.05722773337865128	-0.14951207949674436	0.26396754625404695	6.46804632987963	-0.5485903355513554	0.5844014607179326	0.8928753126286123	-4.746382213351685	
A2MG	-0.088925510877179	-0.41577287073142805	0.23792184897707008	6.1563122815	0.5391965612160753	0.5908439605619982	0.8928753126286123	-4.7480847728720335	
AGRIN	0.04814417099824095	-0.12951511530871787	0.22580345730519977	6.702445452953704	-0.5370584151753574	0.592314972476302	0.8928753126286123	-4.748468225877025	
TENA	-0.10589329510669307	-0.4974513479691035	0.2856647577557174	6.1934710670185185	0.535966972761895	0.593066524333362	0.8928753126286123	-4.748663381861292	
CO5A2	-0.08120992730768983	-0.3853407271234035	0.22292087250802384	6.498049652	0.5291934301051863	0.5977405627529186	0.8928753126286123	-4.749865728145336	
COMP	0.09173995674042243	-0.25631913833277065	0.43979905181361556	6.394817750787037	-0.522361632442394	0.602471912006912	0.8928753126286123	-4.751063056159264	
MSRE	-0.07581059896241481	-0.3642884197215554	0.21266722179672576	6.245038025	0.5208146901056179	0.6035456141076385	0.8928753126286123	-4.751332028094707	
VWF	-0.06387655158254653	-0.3096940611926629	0.18194095802756988	6.5597514989166665	0.5149847563999151	0.607599868197541	0.8928753126286123	-4.752338588009128	
CO4A	0.06702494186290588	-0.1919508214771542	0.3260007052029659	6.342766205027778	-0.512912224854776	0.6090441107006681	0.8928753126286123	-4.752693710355591	
PRELP	0.07629514172560221	-0.21981722031076356	0.37240750376196796	6.784550483287037	-0.5106297004265572	0.6106364758000364	0.8928753126286123	-4.7530831705287895	
AEBP1	0.06700486491442476	-0.19436489723529127	0.3283746270641408	6.533900482175926	-0.5080620069773768	0.6124300184650484	0.8928753126286123	-4.753519228516452	
APOA1	-0.12295512016154264	-0.6027861890328703	0.356875948709785	5.969203574555555	0.5078365793279557	0.6125875931303101	0.8928753126286123	-4.7535574075751095	
CCL18	-0.08585899116109774	-0.4315592019285218	0.25984121960632633	6.313764883620371	0.49221162097272236	0.6235534152489831	0.898594403371117	-4.7561627195531635	
HEP2	-0.06788453360160122	-0.342857991157053	0.20708892395385053	6.248836958462963	0.4892668485652139	0.625629707690512	0.898594403371117	-4.756644682306426	
B2MG	-0.0716467406350707	-0.36214173986819037	0.21884825859804896	5.942921051990741	0.48879134104910027	0.6259652603182908	0.898594403371117	-4.756722238074717	
CATZ	-0.09091461434808819	-0.46187284801806594	0.2800436193218896	5.991450053870371	0.48570705527776237	0.6281436606089361	0.898594403371117	-4.757223470553054	
APOA2	-0.09036240137027374	-0.46773676370651185	0.2870119609659644	6.288551848055556	0.4745490383769323	0.6360518089311851	0.9026202354356025	-4.759010463260058	
CO1A1	-0.08192724386341438	-0.4248350487267744	0.26098056099994565	6.3797875272870375	0.47349642125918084	0.6368000366503603	0.9026202354356025	-4.759176914446407	
IGHG3	-0.0836380499293404	-0.43780669182491816	0.2705305919662373	6.2299370995	0.46801472619331974	0.6407026259039472	0.9040050749055695	-4.76003780501123	
ALBU	0.06549486144770383	-0.21550784897347125	0.3464975718688789	6.282362055962963	-0.4619154035466655	0.6450567861097475	0.9046226125934881	-4.760983988248713	
PODN	-0.05174981942826527	-0.28161180253409435	0.17811216367756383	6.592871375231481	0.4461772430940812	0.65634871994664	0.9046226125934881	-4.763368465988697	
FBLN1	0.0445405144339545	-0.15501958186824583	0.2441006107361548	6.608304173	-0.4423308704742112	0.65912071878125	0.9046226125934881	-4.763938735677247	
ANXA4	-0.05645608551915348	-0.30998970990791574	0.19707753886960877	6.441005347537037	0.44130710897315517	0.6598593244496064	0.9046226125934881	-4.764089693267755	
MMP7	-0.1659206067145432	-0.9115498954277194	0.5797086819986329	4.818613021398148	0.4410045743685241	0.6600776562492717	0.9046226125934881	-4.764134236603604	
CO3	-0.05439571417068612	-0.3015204836591916	0.19272905531781936	6.3201295282037036	0.43622859658910235	0.6635282399175707	0.9046226125934881	-4.7648333983995474	
MMP12	0.12102508938151034	-0.4289721539517375	0.6710223327147582	5.737587229	-0.436094516103639	0.6636252162936489	0.9046226125934881	-4.764852917396703	
AMBP	-0.058571198630513445	-0.3255391536868527	0.2083967564258258	6.404815544398148	0.43480116897236604	0.6645609484101029	0.9046226125934881	-4.765040892308796	
CO5A3	-0.07312654524842464	-0.4156208133309042	0.2693677228340549	6.357768606083333	0.4231433059967273	0.6730191474517317	0.910112417132134	-4.766710188771697	
OLFL3	0.04907346915053997	-0.18396466196655922	0.28211160026763915	6.621423354814815	-0.4173356625625652	0.6772485865308342	0.910112417132134	-4.767524951626272	
IPSP	-0.0546295981765191	-0.31892643619705047	0.20966723984401228	6.493256402222222	0.4096394410511031	0.6828693016468727	0.910112417132134	-4.768587408984969	
LAMA4	-0.04307545795767158	-0.2525002113228455	0.16634929540750237	6.660131301018518	0.4076313871910571	0.68433877923213	0.910112417132134	-4.768861382936084	
FA9	-0.05921768538164732	-0.3488628935603586	0.23042752279706394	6.332190715083334	0.4051826181753746	0.6861324089365048	0.910112417132134	-4.7691936741783865	
TAGL2	-0.04259334100277646	-0.2576679715529232	0.17248128954737027	6.553099968472222	0.3924806479707189	0.6954647022806191	0.910112417132134	-4.77088532436649	
GANAB	-0.031017607340571626	-0.18810410994359356	0.1260688952624503	6.5116871275	0.39132279732650593	0.6963177460549899	0.910112417132134	-4.771036860430022	
CPXM2	0.05019082261373674	-0.20874723055031152	0.30912887577778503	6.48755718024074	-0.3841440947885	0.70161529623168	0.910112417132134	-4.771966440634073	
IGHG4	-0.06298283609788122	-0.39239124483654253	0.26642557264078004	6.235733406212963	0.37892499880472447	0.7054760161935296	0.910112417132134	-4.772631512070055	
LG3BP	0.06788931654893236	-0.28753853960798886	0.4233171727058536	6.553152627842593	-0.3785434193195999	0.7057585850957429	0.910112417132134	-4.772679781568537	
FA10	-0.07744818266048865	-0.4843638793689521	0.3294675140479748	6.24303230887963	0.3772007212802644	0.7067532125112015	0.910112417132134	-4.772849246828875	
CO8G	-0.04893705850891798	-0.3060661992869034	0.20819208226906738	6.283466501527778	0.37718315502924515	0.7067662283921803	0.910112417132134	-4.772851459935881	
LOXL1	-0.04892547460145342	-0.30610159669973086	0.20825064749682404	6.646487280629629	0.37702498380368776	0.7068834307822399	0.910112417132134	-4.772871382721525	
FCN3	-0.0670945536720703	-0.4307362286468779	0.2965471213027373	6.15506819625	0.36566159125098685	0.7153218008695489	0.9171553380443594	-4.774280909029356	
CTHR1	0.04044663815534332	-0.18366577677261262	0.26455905308329924	6.590920449629629	-0.3576697741900307	0.7212777316270127	0.9205573902816625	-4.775246491441704	
IBP7	0.07660491070428561	-0.35828478028999294	0.5114946016985642	6.432088843027778	-0.34909467473707173	0.72768745819694	0.9205573902816625	-4.776258908475204	
TENX	0.04229988187445593	-0.20128610087875562	0.28588586462766746	6.618809469018519	-0.3441538146351977	0.7313894813061451	0.9205573902816625	-4.7768311355041275	
A2AP	-0.0860894341836619	-0.5842730430487477	0.4120941746814239	5.7961116198888885	0.3424728478918312	0.7326504260298916	0.9205573902816625	-4.777023964248338	
CATF	-0.04115169035120607	-0.2816330171216097	0.1993296364191976	6.596566777537037	0.3391345572089729	0.7351567474024208	0.9205573902816625	-4.777404120165127	
IGLL5	-0.052619971603056405	-0.3609583970862634	0.2557184538801506	6.199302094685185	0.3382117449895214	0.7358500821992577	0.9205573902816625	-4.777508552977776	
AMPN	-0.03963328342371163	-0.2765521961698938	0.19728562932247057	6.403081373583333	0.3315324539391467	0.7408748933816283	0.9231062179633996	-4.778255980396988	
ITA1	0.03785664476703213	-0.19813129053877673	0.27384458007284096	6.654649291212963	-0.31792014320698736	0.7511499427243756	0.9290229785183868	-4.779733226800767	
CFAD	-0.0393329633454423	-0.2850210664625909	0.20635513977170628	6.32270647225	0.3172767631755083	0.7516367140116398	0.9290229785183868	-4.779801520415716	
LUM	-0.05215572736511171	-0.3895874914773801	0.2852760367471567	6.5834542417962965	0.30632452599043425	0.7599382251446639	0.9319475691674353	-4.780942920450259	
FA12	-0.056266823330662755	-0.4204475214736503	0.3079138748123248	5.937514009148148	0.30619718857308176	0.7600349107773258	0.9319475691674353	-4.780955955970216	
PROS	-0.052291410301570494	-0.39752013461819596	0.292937314015055	6.306338358231481	0.3001851178483219	0.7646040984234148	0.9338445312760284	-4.7815652595394775	
PXDC2	0.03237217397879192	-0.19023134740169786	0.2549756953592817	6.565335839583334	-0.2882076881308151	0.7737316279146502	0.9408322983115004	-4.782743216425877	
TR11B	0.04434063074778346	-0.26432520250409447	0.35300646399966135	6.360771256037037	-0.28469447139899523	0.7764150034609469	0.9408322983115004	-4.783079661142766	
SMOC2	0.035189207402520906	-0.21950998296604968	0.2898883977710915	6.4777486220185185	-0.2738089543036379	0.7847463573888769	0.9472133766920428	-4.784095979863133	
SFRP3	0.03675528066010904	-0.24298447320060135	0.3164950345208194	6.397162077638889	-0.26039418471002673	0.7950479012851573	0.9477240697162861	-4.785294066963314	
SERPH	0.029325360373388176	-0.1944453736783307	0.25309609442510705	6.541981743157407	-0.25972024112313646	0.7955664133803122	0.9477240697162861	-4.785352673491319	
KV240	-0.03503733813435892	-0.30340623198090877	0.2333315557121909	6.350419282425926	0.25874064380421835	0.7963202495058926	0.9477240697162861	-4.785437589577085	
YBOX1	0.028374198007271714	-0.1908529672216432	0.24760136323618664	6.50939154525	-0.2565044790447858	0.7980417814288526	0.9477240697162861	-4.785630230943666	
MEGF6	0.05159948949184243	-0.3545162276955399	0.45771520667922483	6.5424484191481485	-0.2518032513139441	0.801664303500734	0.9477240697162861	-4.786029790531646	
CD109	-0.038760408250972544	-0.34685187386701644	0.26933105736507135	6.319144493435185	0.2493299217080451	0.8035718649374336	0.9477240697162861	-4.786237038690221	
FIBG	-0.07555092043258423	-0.6934174412450635	0.542315600379895	5.631416690046296	0.2423320310668697	0.8089753975602858	0.9504691933312863	-4.786812352413693	
EMIL1	0.01702098661837693	-0.132666041602553	0.16670801483930683	6.631931644675926	-0.2253545287477956	0.8221227909500533	0.9587324900666874	-4.788140166394555	
PROP	0.029002211866421986	-0.22618388900581948	0.28418831273866346	6.590219701148148	-0.22523705011099343	0.8222139477918193	0.9587324900666874	-4.788149019118142	
FIBA	-0.05340869689273913	-0.6043547569847897	0.49753736319931147	5.861725851425926	0.1921182518921078	0.8480047851157835	0.9819466996550189	-4.790460877606049	
SAP	-0.023099848343574873	-0.2826784822193304	0.23647878553218066	6.243391201212963	0.17636236430195276	0.8603344644875598	0.9819466996550189	-4.791432065061975	
S10AC	-0.03863013659336941	-0.4751977418500185	0.3979374686632797	5.584528788027778	0.1753640082303634	0.8611169198267311	0.9819466996550189	-4.7914908080817264	
ANGL4	0.02208734131160999	-0.22826416030046232	0.2724388429236823	6.44838505675	-0.174847315095218	0.8615219291694729	0.9819466996550189	-4.7915210793421155	
CO3A1	-0.03600027421446681	-0.4477756073809638	0.3757750589520301	6.302724427018519	0.1732651455356311	0.8627623401600402	0.9819466996550189	-4.791613218160413	
SULF1	-0.018950531084466815	-0.23803782401504334	0.2001367618461097	6.576495662527778	0.17142332808576513	0.864206745425614	0.9819466996550189	-4.791719423732631	
ECM2	-0.02064311698612774	-0.2923912731674544	0.2511050391951989	6.56608132612037	0.15054779320848935	0.880608935943122	0.9819466996550189	-4.792843906436831	
CRAC1	-0.017763011845715746	-0.25581657704258787	0.22029055335115635	6.462817196462963	0.14787938695933517	0.8827094413616927	0.9819466996550189	-4.792977139923841	
F13A	-0.024749250413969758	-0.3581694798952758	0.3086709790673363	6.183524451157408	0.14710784380164849	0.8833169381720138	0.9819466996550189	-4.793015219305904	
MARCO	0.027338343873832913	-0.3489426473999018	0.40361933514756765	6.18276623275	-0.143987784251147	0.8857743130808409	0.9819466996550189	-4.793167179124897	
NID2	-0.015668459556645035	-0.23686006612756833	0.20552314701427826	6.593451527759259	0.1403858655732849	0.8886125866522274	0.9819466996550189	-4.79333855900635	
PA2GA	0.026159508437721253	-0.3563816970048947	0.4087007138803372	6.241598005731482	-0.13552427198694267	0.892445760671441	0.9819466996550189	-4.793562994067027	
POSTN	-0.02326413666481934	-0.37564244599222973	0.329114172662591	6.33993763874074	0.1308408928472367	0.896140831226447	0.9819466996550189	-4.793771726380765	
TRFE	-0.013086093901027648	-0.21161429785514696	0.1854421100530917	6.266113555379629	0.1306331937862441	0.8963047541727367	0.9819466996550189	-4.793780813378692	
FIBB	-0.03937387180759511	-0.6422296407198755	0.5634818971046853	5.676193545231482	0.12943759290983994	0.8972484488504314	0.9819466996550189	-4.793832841272302	
ECM1	-0.013756386237675802	-0.23179899512070293	0.20428622264535132	6.706229820046296	0.1250341705435535	0.9007253560657115	0.9819466996550189	-4.794020337751795	
PPT1	0.01402636962818447	-0.21131705128076214	0.23936979053713106	6.385441226092593	-0.1233576599993686	0.902049626881799	0.9819466996550189	-4.794090018346212	
CLUS	0.012414939427217357	-0.2047709661660871	0.2296008450205218	6.596396252101852	-0.11328663920268653	0.9100103833835851	0.9819466996550189	-4.794488810893944	
COCA1	-0.01610142701317579	-0.30425512222704193	0.27205226820069034	6.539630419564815	0.11074035225795563	0.9120246097449057	0.9819466996550189	-4.7945842650710695	
HSP7C	0.009309536602893284	-0.16533735056053267	0.1839564237663192	6.540123452861111	-0.10564110630225432	0.916060050524024	0.9819466996550189	-4.794768902089923	
LRP1	0.009325509569359725	-0.16696673793069447	0.18561775706941394	6.5340729709259255	-0.10483470651382272	0.9166984227208123	0.9819466996550189	-4.794797304132879	
PGCA	0.027579963030771936	-0.4957010652890381	0.550860991350582	6.486524887537037	-0.10445384140440285	0.9169999468389513	0.9819466996550189	-4.794810642862139	
KV315	-0.01683351438793441	-0.3410985551694454	0.3074315263935766	6.160080456564815	0.10288223518799652	0.9182442870060166	0.9819466996550189	-4.794865170634602	
OMD	-0.015033482572402205	-0.3176824945473618	0.28761552940255736	6.630456710388889	0.098443277453495	0.9217599774423058	0.9819466996550189	-4.795014719455487	
APOC4	-0.01655445782661532	-0.3546981605279195	0.32158924487468893	6.481619576194444	0.0970240466340786	0.9228843501590589	0.9819466996550189	-4.795061142566174	
APOA	0.0279368290183753	-0.5604660679197987	0.6163397259565494	5.710012751509259	-0.09409532219472876	0.9252050967994068	0.9819466996550189	-4.795154810947482	
CLC11	0.011171777290597568	-0.2723464882431723	0.2946900428243674	6.592508457555556	-0.07809207311878852	0.9378970851473889	0.9819466996550189	-4.795615948266953	
ANX11	0.0074351495054332	-0.21183680968922564	0.22670710870009203	6.469808023296296	-0.0672004737583906	0.9465444418661637	0.9819466996550189	-4.7958807800287655	
APOA4	-0.011860232488481498	-0.3665942175610973	0.3428737525841343	6.203487289990741	0.06626071694542345	0.9472908734408796	0.9819466996550189	-4.795901769968587	
CO1A2	-0.010228021523271045	-0.32379000474241265	0.3033339616958705	6.467920723592592	0.06464485368006524	0.9485744332380905	0.9819466996550189	-4.795937170074731	
VWA1	0.007371361524360623	-0.2231816146815966	0.23792433773031788	6.601576026925926	-0.06336401742165326	0.9495919608741712	0.9819466996550189	-4.795964609609826	
EMIL2	-0.008874809917507423	-0.2900920181698124	0.2723423983347975	6.3780746089629625	0.06254360260511703	0.9502437623510356	0.9819466996550189	-4.795981897001058	
GRP75	-0.005601443667999783	-0.1932895835581275	0.18208669622212795	6.633367929074074	0.05914647526858379	0.9529430593852706	0.9819466996550189	-4.796051082113666	
CO5A1	-0.008386539811986445	-0.3066786411437796	0.2899055615198067	6.485037893666667	0.05571944546572695	0.9556666708894601	0.9819466996550189	-4.796116962691787	
VTNC	-0.007948985813526583	-0.2955046145120457	0.2796066428849925	6.446987756518519	0.054784231647908105	0.9564100190082168	0.9819466996550189	-4.7961342583704685	
CYTB	0.008273336266461432	-0.2918020587210857	0.3083487312540086	6.082139826351852	-0.054640670016533964	0.9565241313791608	0.9819466996550189	-4.796136887457165	
CD44	0.004985761579401961	-0.23562838657145765	0.24559990973026155	6.409455230851852	-0.04106540141085804	0.9673184088940061	0.989724747447501	-4.796354329049772	
HS90A	0.0050733867665876614	-0.2662527673905663	0.2763995409237416	6.336475732388889	-0.03705715199532802	0.9705067911863845	0.989724747447501	-4.796406736278084	
FINC	0.003067526987525406	-0.1953312382517378	0.2014662922267886	6.651783314925926	-0.03064186207945355	0.9756108391430476	0.9916570700500056	-4.796479424011053	
HPLN3	0.004700746307261334	-0.43301240722937023	0.44241389984389295	6.629782185222222	-0.021283494820903043	0.9830581771166993	0.995753989608783	-4.796560752950015	
CATG	0.0016401907407492782	-0.30361110895710003	0.3068914904385986	6.12950835387963	-0.010648846338360777	0.9915229536315671	0.995753989608783	-4.796617588773642	
ANT3	0.0011444301768021412	-0.23222603863871724	0.2345148989923215	6.378405822759259	-0.009718721304763875	0.9922633578306906	0.995753989608783	-4.796620759435603	
ASPN	0.002155704894979726	-0.4532145053504789	0.4575259151404384	6.42753587337963	-0.009381891753296848	0.9925314847880427	0.995753989608783	-4.796621836215698	
DERM	-0.0003536705572301602	-0.24581315245374352	0.24510581133928322	6.663071193453703	0.002855517457576803	0.9977268164465078	0.9977268164465078	-4.796635203133307	
