	logFC	CI.L	CI.R	AveExpr	t	P.Value	adj.P.Val	B	
PROP	0.36511364080064274	0.06298428436551856	0.667242997235767	6.644634621882353	2.3958848400233275	0.01833175855227752	0.9923161009371426	-4.017971885693316	
FHR1	0.5093876831520344	0.06436845690910725	0.9544069093949616	6.3220865152549015	2.2693447217083604	0.0252703232283986	0.9923161009371426	-4.090048348610928	
LV861	-0.44998503063616074	-0.9078425137417512	0.007872452469429692	6.211890918754902	-1.9484916835234571	0.053997797538108586	0.9923161009371426	-4.2578246016017385	
CFAD	0.28863083241381876	-0.007718503532754273	0.5849801683603918	6.497861440490196	1.9309435157327084	0.05615918622252354	0.9923161009371426	-4.26635964190436	
HSP72	-0.31000383136454746	-0.6309096066509416	0.010901943921846735	6.626373596745098	-1.9152273489311638	0.058156510786861994	0.9923161009371426	-4.273945826723748	
AMBP	0.21832071602969338	-0.013190477979764359	0.44983191003915113	6.473146770068627	1.8696217798189483	0.06429405399820186	0.9923161009371426	-4.295648768857229	
LECT2	-0.3155179281712313	-0.6507012209317713	0.01966536458930873	6.632105295284314	-1.866261448506725	0.06476698128478739	0.9923161009371426	-4.297229530832561	
RNAS4	0.37616265126414616	-0.045056494386424506	0.7973817969147168	6.573499884990196	1.7705099684966104	0.07951486000317086	0.9923161009371426	-4.341203950819012	
LYSC	0.3632753651064511	-0.04407979959819064	0.7706305298110928	6.567145281892157	1.7680458672623236	0.07992824144484185	0.9923161009371426	-4.342308175935278	
TETN	0.24630992225566825	-0.04186968872819122	0.5344895332395277	6.612577770470589	1.6945307836092343	0.09309841886006472	0.9923161009371426	-4.3746125663462205	
TRYB2	0.4696223393808178	-0.09308975183476192	1.0323344305963975	5.92704495927451	1.6546010932729578	0.10096143859069015	0.9923161009371426	-4.391636532004403	
LAMB1	-0.2307622016606509	-0.5150336593529999	0.05350925603169818	6.414264464666667	-1.6093934289258325	0.11050241461853409	0.9923161009371426	-4.4104631081688455	
PRDX2	-0.3160344996667346	-0.7100858098337293	0.07801681050026005	6.219140697205883	-1.5900563855875594	0.11479809640994955	0.9923161009371426	-4.418369957157661	
KV401	0.27607141059073964	-0.07966281168789696	0.6318056328693762	6.532518694529411	1.5386030663584664	0.1268789078336295	0.9923161009371426	-4.43898031944443	
PGS2	0.37103351421763653	-0.10995157954755702	0.85201860798283	6.254923981186274	1.5293691619535066	0.12914957038224525	0.9923161009371426	-4.442612856719827	
CCL18	0.3160166202709108	-0.10453145094844146	0.736564691490263	6.5996354020980394	1.4897901037187693	0.13924677827387966	0.9923161009371426	-4.457953381241706	
FHR3	0.37128789151146896	-0.12518075689224606	0.867756539915184	6.342053324490196	1.4826879714667032	0.14112220002322748	0.9923161009371426	-4.460666610712307	
PEPD	0.22070069376752877	-0.07506210234674893	0.5164634898818065	6.432614637117647	1.4794182146473185	0.1419922199734208	0.9923161009371426	-4.461911706173721	
ANGI	0.26806327517236367	-0.09234942156915205	0.6284759719138794	6.721298759794117	1.474578997246618	0.14328750374721327	0.9923161009371426	-4.463749748370788	
ANXA6	-0.23989163868184155	-0.5669861853890832	0.0872029080254001	6.441004338009804	-1.4540274781400409	0.14889105520098364	0.9923161009371426	-4.471493211334201	
ANXA2	-0.15838609042104232	-0.37933434901866653	0.06256216817658189	6.533741640549019	-1.4212067526567258	0.15818979358096164	0.9923161009371426	-4.483649233117873	
KVD15	0.29219617930017733	-0.11970132234255848	0.7040936809429131	6.560132659362745	1.4064237174346694	0.1625211048138771	0.9923161009371426	-4.489039770946421	
PA2GA	0.3414971010261218	-0.14820874253713273	0.8312029445893763	6.441791371058824	1.3825553953322178	0.16970504393719735	0.9923161009371426	-4.4976317236238605	
CFAH	0.19252355875463226	-0.08386493925586871	0.46891205676513326	6.565824839343137	1.381003316626361	0.17018042446104242	0.9923161009371426	-4.498185653701508	
APOH	0.20420339220769745	-0.09055113348380811	0.498957917899203	6.481018307127451	1.373514588984002	0.17248835197857257	0.9923161009371426	-4.500850138902836	
IBP6	0.21911223239010755	-0.10239936494062182	0.5406238297208369	6.981904159794118	1.3511413554409877	0.1795249067126908	0.9923161009371426	-4.508729401751242	
CATS	0.23182924054379606	-0.10864587635917827	0.5723043574467703	6.268576437529412	1.349937436216751	0.179909597086352	0.9923161009371426	-4.509149939003852	
SLPI	0.28432856803069023	-0.14858783217524568	0.7172449682366262	6.578103070490196	1.3021087751950582	0.19569947339848712	0.9923161009371426	-4.52557075755445	
MANF	0.15326217457175817	-0.08085625367681962	0.38738060282033593	6.556134928519608	1.29786699958171	0.19714808778002488	0.9923161009371426	-4.527000064068259	
SERPH	-0.20110373837683826	-0.5085203683426632	0.10631289158898671	6.46694122167647	-1.2969510736817138	0.1974619293530978	0.9923161009371426	-4.527308115059229	
CYTC	0.16784226698724433	-0.0891003462135039	0.42478488018799254	6.2676591872843135	1.295078240223729	0.1981048089025804	0.9923161009371426	-4.527937360048314	
IGHG4	0.22537727885021097	-0.11965031582503305	0.570404873525455	6.339611362009804	1.2950517018493464	0.1981139297606214	0.9923161009371426	-4.52794627037896	
ITGBL	0.1728858740218972	-0.09232093624366217	0.43809268428745657	6.6719791139509805	1.292425874761994	0.1990179297644652	0.9923161009371426	-4.52882704485956	
SAMP	0.22496246388689792	-0.12054571087502183	0.5704706386488176	6.7806147890294115	1.290870092912428	0.19955498312689937	0.9923161009371426	-4.5293480989011785	
MIF	-0.28582860682815814	-0.7317461240518777	0.1600889103955614	6.417183422441177	-1.2708139269074499	0.20657472359126214	0.9923161009371426	-4.536011985166813	
SULF1	0.15089113186630404	-0.08533206337406549	0.3871143271066736	6.627074674480392	1.266403152911572	0.20814261726353225	0.9923161009371426	-4.537464250228371	
CATZ	0.17790578694671128	-0.10071562102384551	0.45652719491726806	6.312722019078431	1.265920401629066	0.20831475028065805	0.9923161009371426	-4.537622907367099	
ANXA4	-0.1817242294604552	-0.4689378832599616	0.10548942433905123	6.576156616647059	-1.2544072649996476	0.21245101220905188	0.9923161009371426	-4.541389717303182	
C1QB	0.2226296249281192	-0.12951004185928958	0.5747692917155279	6.533023336372549	1.2534263262874652	0.21280619085384767	0.9923161009371426	-4.54170914607251	
PRDX1	-0.16167519790322168	-0.4180901660662809	0.09473977025983757	6.401469184078431	-1.2500599298148363	0.21402840349986438	0.9923161009371426	-4.542803561245224	
PDIA1	-0.14504765927314564	-0.375767312059058	0.08567199351276672	6.4583833105	-1.2463985689611414	0.2153635276369427	0.9923161009371426	-4.543990696338713	
CD14	0.19733396501116304	-0.1214552222396614	0.5161231522619875	6.259673859372549	1.2272387684213866	0.22244950680582498	0.9923161009371426	-4.550148965075727	
APOA4	0.21392697730042737	-0.13219355678064548	0.5600475113815002	6.3879039125	1.2253749447987206	0.22314774796604192	0.9923161009371426	-4.550743185992483	
FMOD	-0.23005601478455814	-0.6073758347562352	0.14726380518711893	6.621255343745098	-1.2088009154207984	0.2294268875700013	0.9923161009371426	-4.555989468695575	
CD44	0.1669492121327792	-0.11136255946143908	0.44526098372699746	6.478751273333334	1.1892786007714231	0.23698533538179065	0.9923161009371426	-4.562081646057927	
GELS	-0.18365749543815152	-0.4902600024115266	0.12294501153522358	6.429150684431373	-1.1875824263340335	0.23765037440459727	0.9923161009371426	-4.562606490390562	
B2MG	0.23346416106444348	-0.1582919001007516	0.6252202222296386	6.079921293568628	1.1815042922279586	0.2400444758355802	0.9923161009371426	-4.564481364812344	
CADH1	0.18414535245471045	-0.12521095075559116	0.49350165566501203	6.640186521539215	1.1801374696997522	0.24058521648693287	0.9923161009371426	-4.564901712841327	
OLFL3	-0.18610231139617153	-0.5029579520266845	0.13075332923434138	6.4235739698137255	-1.1644507656413705	0.2468535441994204	0.9923161009371426	-4.569692663628351	
COEA1	-0.27546873828079566	-0.7452581071859556	0.19432063062436428	6.342024654754902	-1.1625186840121902	0.24763354812880958	0.9923161009371426	-4.5702785111476825	
MMP2	-0.16519973773941596	-0.44942003973819666	0.11902056425936478	6.587729193205883	-1.1523517439440842	0.25176688908355827	0.9923161009371426	-4.573346006431941	
LAMC1	-0.1544544866486277	-0.4249860538341169	0.1160770805368615	6.391139424117647	-1.131913882536286	0.26022291795368757	0.9923161009371426	-4.579434303561703	
GRN	0.1938230488644261	-0.14607326843387988	0.5337193661627321	6.255268658392157	1.1305499838730488	0.26079423516180583	0.9923161009371426	-4.5798368838536785	
IPSP	-0.1912407506683169	-0.5303853017568106	0.14790380042017684	6.377532770137255	-1.1179603536468243	0.2661094075774182	0.9923161009371426	-4.583530969973755	
TSP1	-0.2935321531562354	-0.8159810251992843	0.22891671888681353	6.047293798598039	-1.1138909894797258	0.2678435009124187	0.9923161009371426	-4.584716527044964	
CLC11	-0.16196074573926764	-0.4593400648982663	0.13541857341973104	6.547881185892157	-1.0797664059288485	0.2826951503354004	0.9923161009371426	-4.59449479931325	
APOC3	0.24668712513143687	-0.20960482485723425	0.7029790751201079	6.170497180833333	1.0718511625239664	0.28621940491123293	0.9923161009371426	-4.596721073457187	
C1QA	0.15848142485627606	-0.13966772582917544	0.4566305755417276	6.587384110852941	1.0538422281808626	0.2943496430290872	0.9923161009371426	-4.6017275551995445	
SFRP2	0.20617839758624104	-0.1836870579304197	0.5960438531029018	6.3937939710784315	1.0484777308639444	0.29680154101966655	0.9923161009371426	-4.603203079373189	
TSP2	-0.20816448845176197	-0.6048074141738742	0.1884784372703502	6.392819520901961	-1.0404895844193067	0.3004782124314834	0.9923161009371426	-4.605386787670144	
HS71B	-0.15352708001097273	-0.448003804022589	0.1409496440006435	6.593589553372549	-1.033629327984062	0.3036602276059212	0.9923161009371426	-4.607249302950699	
PGBM	-0.13725112893000438	-0.40076847900565116	0.12626622114564243	6.543462710303921	-1.03261283102534	0.3041336373092157	0.9923161009371426	-4.607524263672624	
KVD20	0.2088809061641815	-0.19287650043034307	0.6106383127587061	6.357243186088235	1.0307792261163249	0.3049888524764156	0.9923161009371426	-4.6080195902140675	
ANXA5	-0.1500227901729108	-0.4387804203965014	0.13873484005067976	6.476138552117647	-1.0300411518087487	0.3053335555454461	0.9923161009371426	-4.608218732273915	
HSP7C	-0.11387207320925491	-0.33583339314219063	0.10808924672368081	6.592096652715687	-1.0171165837251477	0.311412198548365	0.9923161009371426	-4.611683616133722	
APOD	0.18358014093561945	-0.18453286047188353	0.5516931423431224	6.310874006921568	0.9887246205377556	0.32504780789612353	0.9923161009371426	-4.619146509195769	
ANXA1	-0.13272411264196032	-0.3991895520233498	0.13374132673942918	6.49101552077451	-0.9875060111866569	0.32564175099694803	0.9923161009371426	-4.619462246988317	
IBP3	0.16478374182175828	-0.16678977640958917	0.49635726005310576	6.382150488970588	0.9852928456593428	0.32672226428101137	0.9923161009371426	-4.620034706821964	
MMP12	0.30809699544584407	-0.3119853310593937	0.9281793219510819	5.787011902941177	0.9850741355577961	0.32682917118822497	0.9923161009371426	-4.620091211081632	
ZA2G	0.16447324820555356	-0.16907365009521644	0.49802014650632354	6.3621630546372545	0.9776179554646246	0.33048758217483554	0.9923161009371426	-4.622010263766311	
A1AG2	0.22319675112092513	-0.23003997334191323	0.6764334755837635	6.245832501617647	0.9763231403524657	0.33112561826894327	0.9923161009371426	-4.622342080339661	
PEDF	0.17238857530572935	-0.17789492447946667	0.5226720750909254	6.583763468166667	0.9757074177820226	0.33142930642462354	0.9923161009371426	-4.622499719346708	
RNAS1	0.16940797414468273	-0.17551815979861157	0.5143341080879771	6.150190385058823	0.9737300094124423	0.3324058432305289	0.9923161009371426	-4.62300532916816	
FCGBP	0.21186995724176286	-0.22166928787981863	0.6454092023633443	6.225418207549019	0.9688839648020755	0.33480700857543066	0.9923161009371426	-4.6242402255969	
CMA1	0.2931858611905452	-0.3236822305658475	0.9100539529469378	5.6767406672254905	0.9422833619368658	0.34818862619986324	0.9923161009371426	-4.63091227574875	
HPT	0.21380859350066586	-0.2366175117344814	0.6642346987358131	6.21698101567647	0.9410927120264504	0.3487955473583907	0.9923161009371426	-4.631206702626057	
MSRE	0.16146982106013533	-0.18511490209765716	0.5080545442179278	6.3746104447352945	0.9236613145748265	0.3577589561051412	0.9923161009371426	-4.635475766696473	
CO9	0.1611006453236458	-0.18514278575944246	0.5073440764067341	6.262431895588235	0.9224578771886206	0.35838315647478536	0.9923161009371426	-4.635767633480681	
BGH3	-0.1405762314983198	-0.4440836596797	0.16293119668306036	6.391173914441176	-0.9182763061403695	0.36055745552072793	0.9923161009371426	-4.636778903182242	
MMP9	-0.27234043040796	-0.8624262428885363	0.3177453820726162	5.8547322842254905	-0.9150140295467858	0.3622595648224052	0.9923161009371426	-4.637564747893494	
ITB2	-0.17772057200294247	-0.5652025787586119	0.209761434752727	6.0096562819803925	-0.9093204717168859	0.36524241433090454	0.9923161009371426	-4.638929741688168	
CD9	-0.1358626095273423	-0.4332196887674167	0.16149446971273207	6.622148820460785	-0.9058420476612534	0.36707238982379764	0.9923161009371426	-4.639759591411427	
FST	-0.12695347805680432	-0.4092050226237862	0.15529806651017755	6.581069705509804	-0.8917417142055967	0.3745496948906418	0.9923161009371426	-4.643091796233364	
FA10	0.21617232212130583	-0.26647901767565224	0.698823661918264	5.943726525490196	0.8879681285810507	0.3765668910012927	0.9923161009371426	-4.643974936652595	
CRIP2	-0.18938751838219747	-0.6174851026193244	0.23871006585492943	6.612054193431373	-0.8770803529541011	0.3824250302503208	0.9923161009371426	-4.646502567895179	
SFRP4	0.14996495494205161	-0.18984550329884328	0.4897754131829465	6.666367575235294	0.874951231853138	0.3835771879382338	0.9923161009371426	-4.646993296341657	
MUC18	-0.13825385887140135	-0.4522480930567367	0.175740375313934	6.684206323588235	-0.8729440217797086	0.38466534607557457	0.9923161009371426	-4.647454861194274	
IGJ	-0.18773344046038246	-0.6147022762019397	0.23923539528117485	6.36201848382353	-0.87171851121586	0.38533066601900157	0.9923161009371426	-4.647736163267377	
ANT3	0.11752443700973135	-0.1498112995078027	0.3848601735272654	6.482310126862745	0.871569388129157	0.38541167240247953	0.9923161009371426	-4.647770366480583	
OLFL1	-0.13662989264725361	-0.44855632340307294	0.1752965381085657	6.440394771166667	-0.8684090840172434	0.3871308882560487	0.9923161009371426	-4.648493878908574	
SDF1	0.1468445963662821	-0.19025094528176584	0.48394013801433006	6.641940546647059	0.8636460034010081	0.38973096579051925	0.9923161009371426	-4.649579482900404	
FIBB	0.1792377769188198	-0.23324399164977117	0.5917195454874108	6.1613360199313725	0.8615006261093009	0.3909055976486866	0.9923161009371426	-4.650066555500968	
IGLL5	0.14920968401982462	-0.20007731150995292	0.4984966795496022	6.31517248827451	0.8469258732788534	0.3989431276098736	0.9923161009371426	-4.65334420513683	
GRP75	-0.1249266377308561	-0.4174951109399288	0.1676418354782166	6.379340195029411	-0.846561147161055	0.3991455485360105	0.9923161009371426	-4.653425526359747	
CATG	0.17264388810098535	-0.23229827487820404	0.5775860510801747	6.001227048843138	0.8452574676106256	0.39986959563714686	0.9923161009371426	-4.653715921798485	
OMD	-0.14049966328166932	-0.4787323767360393	0.19773305017270068	6.485342602362745	-0.8235509645024918	0.41204246208298656	0.9923161009371426	-4.6584867883337076	
C1QC	0.12676834250025562	-0.17922206863533494	0.43275875363584615	6.539042830872549	0.8213604770570498	0.4132831361169532	0.9923161009371426	-4.6589614945593185	
HSPB1	-0.13901628699037144	-0.47590981424321604	0.19787724026247316	6.585028311441176	-0.8180951616707692	0.4151367435064206	0.9923161009371426	-4.659666833876894	
A4	-0.1340499435894811	-0.45973203941417495	0.19163215223521277	6.341889302107843	-0.8160251761099674	0.4163143794413927	0.9923161009371426	-4.660112547093908	
HEMO	0.1430538494855094	-0.20831682421255718	0.494424523183576	6.311503859686274	0.8071696874695502	0.4213748845021409	0.9923161009371426	-4.66200685298105	
FIBG	0.174647327492816	-0.25578415699754775	0.6050788119831797	6.174214271509804	0.8044308544755171	0.4229473819343601	0.9923161009371426	-4.662588629621288	
FHR2	0.15218882125275882	-0.2231174857181912	0.5274951282237088	6.231112835176471	0.8039475147910335	0.4232252521470793	0.9923161009371426	-4.662691098586548	
TAGL2	-0.17116621145092834	-0.595755346656441	0.2534229237545843	6.473781893362745	-0.7992450732244364	0.4259343203631488	0.9923161009371426	-4.66368487840545	
FBLN4	-0.1209970199903738	-0.421344695128002	0.17935065514725443	6.492947484480392	-0.7986954422601688	0.4262516302740349	0.9923161009371426	-4.663800660825315	
MGP	0.2486294259286938	-0.37229924374576345	0.869558095603151	5.823055666009804	0.7938557979269364	0.4290516581674598	0.9923161009371426	-4.664816787925189	
AEBP1	-0.14173820325681566	-0.4997299138971847	0.21625350738355334	6.384973447480392	-0.7849549978613076	0.4342295314281436	0.9923161009371426	-4.6666697956666985	
SRPX2	-0.13704069186154302	-0.4838917171454389	0.20981033342235286	6.5189328590294116	-0.7833166652974918	0.4351865754742683	0.9923161009371426	-4.667008639998443	
CBPA3	0.2670007664910224	-0.41574569806019085	0.9497472310422357	5.712445588921569	0.775325119298726	0.4398725602829222	0.9923161009371426	-4.668651524796839	
IGHG3	0.14904924056322172	-0.23315179163856903	0.5312502727650125	6.41059211417647	0.7731588268108892	0.4411478455013019	0.9923161009371426	-4.669094021151804	
C1R	0.1157768414987635	-0.18129967513861217	0.41285335813613916	6.356388946411765	0.7726524408862756	0.4414462617962869	0.9923161009371426	-4.669197282697271	
KVD11	0.15156537838928344	-0.23936011268025817	0.5424908694588251	6.464581995147059	0.7686645001235941	0.443800473726608	0.9923161009371426	-4.670008179673515	
CO3A1	0.18278112696631837	-0.29044393255694306	0.6560061864895799	6.087870599715687	0.7657630780772468	0.44551783852944793	0.9923161009371426	-4.670595560563325	
SODE	-0.16033555346950853	-0.5759680555452762	0.25529694860625907	6.596071259990196	-0.764805742410365	0.4460853314973462	0.9923161009371426	-4.670788891136329	
IGLC7	0.17387704403440643	-0.2848178121966347	0.6325719002654475	6.029158601843137	0.7515349546623409	0.4539949280041051	0.9923161009371426	-4.673444433804828	
OSTP	0.26578121278004174	-0.43619775933259286	0.9677601848926763	5.230219045254902	0.7506387537788046	0.45453195381406053	0.9923161009371426	-4.673622123092715	
HV330	0.128569525966151	-0.21121762963854335	0.46835668157084537	6.5371515470980395	0.750173798159066	0.4548107097370434	0.9923161009371426	-4.673714227604985	
HDGR2	0.09476110002182735	-0.15828894054514142	0.34781114058879614	6.488883155627451	0.7424282498842693	0.45946875855843106	0.9923161009371426	-4.675240325925024	
SFRP3	-0.14749331170095303	-0.5421142968809196	0.2471276734790135	6.562699593147059	-0.7410081029453202	0.46032574235835644	0.9923161009371426	-4.675518448898059	
HTRA1	-0.10909593082887648	-0.40240332616856417	0.18421146451081122	6.623640242931373	-0.7374224334505046	0.46249353529164217	0.9923161009371426	-4.676218342543239	
HV169	0.15706518224332547	-0.2702414047944931	0.584371769281144	6.257593818637255	0.7287375385753616	0.4677680377409158	0.9923161009371426	-4.677899740817896	
ITB1	-0.08287991534949739	-0.30848791905158596	0.1427280883525912	6.692897136696079	-0.7283256458079149	0.46801902496459336	0.9923161009371426	-4.677978997227977	
FGL2	-0.11469954602557775	-0.4274212272431094	0.19802213519195389	6.553817266607843	-0.7271675885850017	0.4687250933764604	0.9923161009371426	-4.678201594656892	
LUM	0.10426632204835805	-0.1839221692402498	0.3924548133369659	6.663001224656862	0.7172956998758455	0.4747682014822642	0.9923161009371426	-4.680084997022664	
PCOC1	0.08212993710881447	-0.1452873410498293	0.3095472152674582	6.628570625911765	0.7159931037797838	0.4755688175818945	0.9923161009371426	-4.6803316219073094	
ITIH2	-0.10683933355509405	-0.40553782845979613	0.191859161349608	6.263717478441176	-0.7091350352541188	0.4797963613278786	0.9923161009371426	-4.681622812470483	
LEG1	-0.10624710818789462	-0.4032983120663417	0.19080409569055246	6.643884081539215	-0.7091148952239752	0.47980880685944893	0.9923161009371426	-4.681626586299165	
SRP14	0.0729730129025085	-0.13192993459035707	0.2778759603953741	6.572630069470589	0.7060653164685217	0.4816953532567029	0.9923161009371426	-4.6821967981913275	
RARR2	0.11786824548072947	-0.2164629087493277	0.4521993997107866	6.646981052666667	0.6989575134651431	0.48610826334557666	0.9923161009371426	-4.683516433877083	
CPXM2	-0.12889889153665943	-0.4959338730583115	0.2381360899849926	6.437447794029412	-0.6962617398150867	0.4877877282852707	0.9923161009371426	-4.6840134950373615	
SAP	0.10112705913517396	-0.18829279094090368	0.39054690921125157	6.525910180294118	0.6927393694932871	0.4899869391902043	0.9923161009371426	-4.684660119574028	
LAMA4	-0.09923447782114951	-0.3836369163601015	0.18516796071780245	6.634214151401961	-0.6917673802985776	0.49059475696970434	0.9923161009371426	-4.684837985668695	
QSOX1	0.08810410035702078	-0.16840426245069778	0.3446124631647393	6.4122455460588235	0.6809659530772587	0.49737683781955944	0.9923161009371426	-4.686798008945337	
HSP74	-0.09116653523304301	-0.3588781177091179	0.17654504724303188	6.5317737752843135	-0.6751481703348025	0.5010506286017962	0.9923161009371426	-4.687841114027707	
A2MG	0.11281269833736983	-0.2196957105918783	0.445321107266618	6.36591756367647	0.6726453755609522	0.5026355582872024	0.9923161009371426	-4.688287142731579	
FBN1	0.08173839539846307	-0.16139437005285978	0.32487116084978596	6.582487095264706	0.6665203664502583	0.5065256172236785	0.9923161009371426	-4.689371809288031	
FIBA	0.13240246957345703	-0.26260285404917555	0.5274077931960897	6.209507059833333	0.6645443092124372	0.5077840491290162	0.9923161009371426	-4.689719659451526	
CD59	0.0981203121083012	-0.19528181513779747	0.39152243935439984	6.601133307098039	0.663019755820024	0.5087560815270984	0.9923161009371426	-4.689987334653985	
KV315	-0.13305511412815205	-0.5350794934819373	0.26896926522563314	6.4219811615686275	-0.656160356848548	0.5131417389635635	0.9923161009371426	-4.691184183704602	
SMOC2	-0.09658906052395276	-0.388527089887844	0.19534896883993846	6.713790819480392	-0.6559459821521797	0.5132791236943568	0.9923161009371426	-4.691221390718224	
LG3BP	-0.12601390351245353	-0.5077867462773462	0.2557589392524391	6.505635926	-0.6544014296886412	0.514269543542325	0.9923161009371426	-4.691489109931323	
GAS6	0.16267746009101325	-0.3332364341998042	0.6585913543818307	6.206846892019608	0.6503571409850502	0.5168676465572115	0.9923161009371426	-4.692187163227055	
APOC2	0.14319980763223436	-0.2947124509519282	0.5811120662163969	6.0749876702549015	0.6483151020991613	0.518182093913075	0.9923161009371426	-4.6925380022695835	
ANXA7	-0.08566637839946839	-0.35010153981261255	0.17876878301367577	6.385779396686274	-0.6422764699361043	0.522079354687124	0.9923161009371426	-4.693569121158836	
LV147	0.08670124057230356	-0.1833867177046863	0.3567891988492934	6.693859674813726	0.6364303708593523	0.5258668656210184	0.9923161009371426	-4.6945582948979965	
TRFE	0.10397394193800208	-0.23534694758639113	0.4432948314623953	6.377285003147059	0.6074978135604592	0.5448188826789324	0.9923161009371426	-4.699322292263397	
COCA1	-0.13103164245868698	-0.5617040219462693	0.2996407370288954	6.349456772058823	-0.6031981091373132	0.5476644604382495	0.9923161009371426	-4.700011593403109	
VINC	-0.12207872235343978	-0.5235225534054183	0.2793651086985387	6.451686363205883	-0.6029009848918235	0.5478613745583178	0.9923161009371426	-4.700059047762083	
TIMP1	0.129909192725071	-0.301265418074756	0.561083803524898	6.15467798332353	0.5973343784200201	0.5515570984427667	0.9923161009371426	-4.700943831045978	
PLTP	0.12781074782154472	-0.2981975303268266	0.5538190259699161	6.482391349529411	0.5948125785636089	0.5532354259542128	0.9923161009371426	-4.701341988366772	
FHR5	0.12353786600524908	-0.29327676667509706	0.5403524986855952	6.321652507127451	0.5876083311591144	0.558043991884553	0.9923161009371426	-4.7024702656705095	
APOA1	-0.10833300044558207	-0.47952328413409423	0.26285728324293006	6.356235410196079	-0.5786220486926581	0.5640707489446899	0.9923161009371426	-4.70385857701207	
PXDC2	-0.07586553097579084	-0.3388358561451149	0.1871047941935332	6.610100678166667	-0.5719638289350727	0.5685565716578267	0.9923161009371426	-4.704873572024926	
CO5A1	0.08576206525446978	-0.21199478370902264	0.3835189142179622	6.522570858156863	0.5710370373468256	0.5691823448660656	0.9923161009371426	-4.705013932972486	
CO4B	-0.09603394533448317	-0.4304730224775364	0.23840513180857004	6.247933926352941	-0.5692965622786158	0.5703584208397601	0.9923161009371426	-4.7052769162686925	
IGF2	0.12090809832529681	-0.3015552624214362	0.5433714590720298	6.097405873166666	0.5674102115095224	0.5716343929739505	0.9923161009371426	-4.7055610442281885	
S10A4	-0.08433276432114994	-0.37976383254598606	0.21109830390368617	6.633968525323529	-0.5659407654142841	0.572629313971136	0.9923161009371426	-4.70578173016347	
C1QBP	-0.08650927626201661	-0.3901960050657392	0.217177452541706	6.596147441607843	-0.5647648662458887	0.5734260826288127	0.9923161009371426	-4.705957922423723	
CBPB2	0.0893389762949563	-0.2274370779537434	0.406115030543656	6.311760853196079	0.5591385466045876	0.5772457371841052	0.9923161009371426	-4.706795929537956	
HV374	0.10674745225803556	-0.2770011920312575	0.4904960965473286	6.389092754833333	0.5514948620826626	0.5824543519802998	0.9923161009371426	-4.707921105139464	
CO8B	0.10359975119691052	-0.26895527468743513	0.47615477708125614	6.302944723529412	0.5513140904972419	0.5825778035749605	0.9923161009371426	-4.707947529717896	
VTDB	0.07590762097037453	-0.19808666508909073	0.34990190702983975	6.465753472470588	0.5492558368367331	0.5839842880873818	0.9923161009371426	-4.708247793459629	
AACT	0.09949433569965598	-0.26033365855231105	0.45932232995162303	6.360521411313726	0.54819392082906	0.584710562956678	0.9923161009371426	-4.70840227383985	
COMP	0.0808531823660116	-0.21241783089002034	0.3741241956220436	6.378154760509804	0.5465863541875817	0.585810833785679	0.9923161009371426	-4.708635568519583	
YBOX1	-0.06317396892402614	-0.2935506712288357	0.16720273338078345	6.635415085960784	-0.5436637939932799	0.5878136214265872	0.9923161009371426	-4.709057960864487	
CO5	-0.08095541598816602	-0.3768979959946833	0.21498716401835127	6.348716696137255	-0.5423370313781208	0.5887238911422097	0.9923161009371426	-4.709248975306467	
FCG3A	0.1042780524177373	-0.27761692564261836	0.48617303047809296	6.22978886327451	0.5413520308786702	0.5894001102339914	0.9923161009371426	-4.709390487171895	
LV319	0.10658013095658908	-0.29119222097459263	0.5043524828877708	6.370728645294117	0.5312176090157544	0.5963785595647167	0.9923161009371426	-4.710831668126965	
LRP1	-0.06389922189943568	-0.30283029008531787	0.17503184628644647	6.55082980572549	-0.5302171262710698	0.5970695459580447	0.9923161009371426	-4.710972479987376	
APOB	0.09217890238444572	-0.25922123393178886	0.4435790387006803	6.244770418078431	0.5200683365266349	0.6040996154746359	0.9923161009371426	-4.712385992007347	
CO5A2	0.09502734810466469	-0.2697830133890288	0.4598377095983582	6.361680300833333	0.5164309374550514	0.6066283890347827	0.9923161009371426	-4.712886013891141	
S10AD	0.08068277697845733	-0.22910091153785256	0.3904664654947672	6.515417378107843	0.5163606008783503	0.6066773353237568	0.9923161009371426	-4.712895648555331	
ITB3	-0.086179845727312	-0.41926700278219586	0.2469073113275719	6.363246959990196	-0.5129542482689203	0.6090499099228328	0.9923161009371426	-4.7133606916656765	
TENX	0.07471130899939994	-0.22493698571823711	0.37435960371703697	6.538478465519608	0.49431676680238185	0.6221046162988344	0.9923161009371426	-4.715851084988898	
PROZ	-0.12387921411300759	-0.62110025448899	0.37334182626297485	5.930691913019608	-0.4939463152872525	0.6223653454780407	0.9923161009371426	-4.715899659249889	
CERU	0.08738910740870136	-0.2642743784528468	0.43905259327024954	6.309617107088235	0.49267534935565316	0.6232602349104879	0.9923161009371426	-4.716066035969526	
SPRL1	-0.1120108947845707	-0.5629719626156946	0.33895017304655317	6.447651776362745	-0.4924385261638159	0.6234270449800214	0.9923161009371426	-4.716096990480074	
KLKB1	0.0627398468744907	-0.19438800823309976	0.31986770198208114	6.4567439257843136	0.48375462902629407	0.6295571549944917	0.9923161009371426	-4.717221840440522	
ICAL	0.05620027570916907	-0.17584104150001806	0.2882415929183562	6.5204439414215685	0.48017984874764896	0.6320882253934264	0.9923161009371426	-4.717679121617387	
LBP	0.13140234388837835	-0.41709298842565246	0.6798976762024092	6.228462292784314	0.4749643160152135	0.6357888561709883	0.9923161009371426	-4.718340247182763	
APOC1	0.10303433397865683	-0.3289045512172546	0.5349732191745683	6.324887578676471	0.47292303880721454	0.6372397463548101	0.9923161009371426	-4.718597049890495	
HV349	0.09673251775510802	-0.31364538949539	0.5071104250056061	6.3542496611372545	0.46732533477994675	0.6412256870383586	0.9923161009371426	-4.719295634379692	
MIME	-0.09163294952137883	-0.484723994632708	0.3014580955899503	6.691687072980392	-0.4621567730115361	0.6449153908224053	0.9923161009371426	-4.719933329175794	
LTBP2	0.07439850372906051	-0.25025109709404214	0.3990481045521631	6.584085278784314	0.4543391220979932	0.6505130774640262	0.9923161009371426	-4.720884484373994	
VTNC	0.08688933444734899	-0.2945227546754703	0.46830142357016824	6.243784802617647	0.4516508406312399	0.6524426228196734	0.9923161009371426	-4.721207837281712	
CATL1	-0.0625405488018161	-0.3385981087900455	0.2135170111864133	6.389171546215686	-0.4491514947618114	0.6542386763073764	0.9923161009371426	-4.721506754641582	
PROC	-0.12343671782815031	-0.6773774247114638	0.4305039890551631	5.842397793843137	-0.44178594076681	0.65954341970429	0.9923161009371426	-4.722378077624697	
KV320	0.06731501462552734	-0.2375739659591658	0.3722039952102205	6.734374332803921	0.4377246687420265	0.6624758530808397	0.9923161009371426	-4.722852391317883	
COFA1	0.053129229601336106	-0.19260306744684802	0.29886152664952026	6.405144825872549	0.4286492661817887	0.6690476715654337	0.9923161009371426	-4.723896568861266	
CAPG	-0.08011663462253361	-0.4574283697994535	0.2971951005543863	6.2041938738431375	-0.4209719815277843	0.6746272352201838	0.9923161009371426	-4.724762906385104	
LTBP1	0.06259109782997872	-0.23439196467245604	0.3595741603324135	6.696304032058824	0.41784161755023796	0.6769075061351243	0.9923161009371426	-4.725111682616639	
HPTR	-0.07967498567420145	-0.46213612207811805	0.30278615072971515	6.425453869931372	-0.4130146810512432	0.6804295102276184	0.9923161009371426	-4.725644413203572	
LAMA5	-0.07000689215190814	-0.4160271623262051	0.27601337802238884	6.533018954127451	-0.4011160720697514	0.6891415120999835	0.9923161009371426	-4.726931325924355	
ANX11	-0.054442900055047705	-0.32562247316762266	0.21673667305752725	6.33566022517647	-0.39802933845640825	0.691408481563824	0.9923161009371426	-4.727259063951193	
PGS1	-0.06535273563362919	-0.3945226361925	0.2638171649252416	6.5909744890392155	-0.39361755724979025	0.6946534690669509	0.9923161009371426	-4.727723117933126	
IGLC2	0.06110839252061335	-0.24675406502684633	0.368970850068073	6.4426814730588235	0.3935273619067262	0.6947198697267115	0.9923161009371426	-4.727732551468511	
AFAM	-0.06709116870096714	-0.40565565726180447	0.27147331985987017	6.301270778166667	-0.3928753309428837	0.6951999572296673	0.9923161009371426	-4.727800683439975	
TINAL	0.06532921284112318	-0.27057921115476075	0.40123763683700714	6.588730904068627	0.38558251921826664	0.7005780300154346	0.9923161009371426	-4.728555062835325	
LEG3	-0.047097119949253426	-0.28981129401525163	0.1956170541167448	6.404192970245098	-0.3847069370894112	0.7012247579739234	0.9923161009371426	-4.7286446886465345	
CXCL7	0.06627141251160212	-0.275335479840329	0.40787830486353327	6.448056112735294	0.38461871198691316	0.7012899355390864	0.9923161009371426	-4.72865370824649	
SPP24	-0.10515968178458834	-0.6509229870564288	0.4406036234872521	5.785460657784314	-0.3820108846389236	0.7032175105962457	0.9923161009371426	-4.728919386890805	
FBLN5	-0.08962116535777358	-0.5645162008956963	0.38527387018014914	6.253397574578432	-0.37414828915413306	0.7090408227113714	0.9923161009371426	-4.729709518774915	
CO1A2	0.0758847458995548	-0.33044669914678143	0.482216190945891	6.190164009313725	0.3702583470842727	0.7119282636633089	0.9923161009371426	-4.730094380906917	
PERM	0.09048347291464347	-0.3963783541285185	0.5773452999578055	5.758030337372549	0.3684633897408233	0.7132620483561958	0.9923161009371426	-4.730270619820795	
IC1	-0.05362364187816181	-0.34701298359812993	0.2397656998418063	6.41667453522549	-0.36236210991448614	0.7178023747432609	0.9923161009371426	-4.730863302136036	
CO4A	-0.06649894777156386	-0.4364747806605769	0.3034768851174492	6.50222307577451	-0.35634627499171573	0.7222890367599808	0.9923161009371426	-4.7314380364571464	
HRG	0.05152183039765382	-0.23648397430311194	0.33952763509841954	6.338949517333333	0.35466705530798626	0.7235431525786942	0.9923161009371426	-4.731596753424672	
F13B	0.08086432761094835	-0.37156177436017745	0.5332904295820742	6.193098110784313	0.3543562795561492	0.7237753364072533	0.9923161009371426	-4.731626045542526	
HMCN1	-0.0549137661540259	-0.3621529054072122	0.2523253730991604	6.4869969463823525	-0.3543524963916935	0.7237781630080279	0.9923161009371426	-4.7316264019665315	
CO3	-0.05157385307636431	-0.3429276931498629	0.23977998699713426	6.381351657931373	-0.3509454681693655	0.7263252793190762	0.9923161009371426	-4.7319458504363965	
PLMN	0.06735598694811161	-0.3149926396090433	0.4497046135052665	6.09317525440196	0.34925889535764904	0.727587310633018	0.9923161009371426	-4.732102848784151	
IBP7	-0.08099861030758035	-0.5413798184835551	0.37938259786839434	6.594211652666667	-0.34881149286270696	0.7279222196219126	0.9923161009371426	-4.732144369811715	
ADIPO	0.052484100155531815	-0.24963335583170063	0.35460155614276423	6.594396994215686	0.34441554354354537	0.7312156585556673	0.9923161009371426	-4.732549514894419	
ITIH4	-0.05273457548718067	-0.3692434171563875	0.2637742661820261	6.263995672450981	-0.33032421700278985	0.7418064948521779	0.9923161009371426	-4.733813713075924	
CO8G	-0.05988168259014404	-0.4204800752283018	0.3007167100480137	6.122601648	-0.32923122265292865	0.7426300800810763	0.9923161009371426	-4.733909571993363	
MFAP4	-0.07629699986734413	-0.5377437886628215	0.3851497889281332	6.954023699754902	-0.3278058045193058	0.7437045998482519	0.9923161009371426	-4.734034109826714	
HDGF	0.04444773618758267	-0.2253883476728301	0.3142838200479955	6.488568972931373	0.32657311408382556	0.7446342445374986	0.9923161009371426	-4.734141374989689	
LTBP4	0.045496261125385476	-0.23338590080549454	0.32437842305626546	6.577456087901961	0.3234340789505252	0.7470032779102812	0.9923161009371426	-4.734412706241818	
S10AB	0.0393687237283377	-0.20662367449520092	0.2853611219518763	6.553648660833334	0.31729297431061826	0.7516449749247074	0.9923161009371426	-4.734935976746099	
APOA2	0.06262242614924776	-0.32923866835517446	0.4544835206536699	6.30056904827451	0.31683164231837657	0.7519940391018541	0.9923161009371426	-4.734974882146754	
NPC2	0.05559751255295961	-0.2927151440926977	0.403910169198617	6.2730158246666665	0.31645860718409724	0.7522763316029571	0.9923161009371426	-4.735006299972238	
DERM	-0.04649317997985592	-0.3407028545445773	0.2477164945848655	6.656522588421569	-0.3133019574856062	0.7546664526961686	0.9923161009371426	-4.735270682854771	
SOST	0.09577034920202025	-0.5146262816764405	0.706166980080481	6.201091135323529	0.3110639980310832	0.7563624150497302	0.9923161009371426	-4.735456521029332	
FINC	-0.05236885741936579	-0.38773503862771314	0.2829973237889815	6.361937767421568	-0.3095883712984869	0.7574813212578474	0.9923161009371426	-4.735578329263724	
F13A	0.060362764134935645	-0.33714679742236936	0.4578723256922406	6.299129531705883	0.3010595067534208	0.7639584369907393	0.9923161009371426	-4.736271045763136	
SPON1	0.04645380745879803	-0.2640654118653143	0.3569730267829103	6.523877674529412	0.2965948708894539	0.767355760902214	0.9923161009371426	-4.736625971572252	
ITIH1	-0.03681738102048995	-0.2861373622912867	0.21250260025030684	6.474937807235294	-0.29277002707244665	0.7702698542776197	0.9923161009371426	-4.736925830432213	
APOM	0.053664822120016206	-0.31126432569826723	0.41859396993829967	6.121616842911765	0.2915492628312998	0.7712006320996647	0.9923161009371426	-4.737020718472012	
C1S	-0.04737847038396468	-0.3708850170228807	0.2761280762549513	6.318374618264706	-0.29035463833401587	0.7721118030853935	0.9923161009371426	-4.737113191938679	
ITA1	0.03688777891690741	-0.2150056516639236	0.28878120949773844	6.577953254549019	0.2903330467441616	0.7721282744861176	0.9923161009371426	-4.737114859816388	
A2AP	-0.05888338170184642	-0.4620010364251306	0.3442342730214377	5.783656787049019	-0.28959544828029526	0.7726910227345299	0.9923161009371426	-4.737171762530651	
FBLN1	-0.05136418366866873	-0.40539320686994157	0.3026648395326041	6.342153439078431	-0.2876420199405835	0.7741819693176337	0.9923161009371426	-4.7373217641859116	
FA9	-0.04288724840301525	-0.34207363282140135	0.2562991360153709	6.36856789477451	-0.2841954786190879	0.7768145865152476	0.9923161009371426	-4.737583951200677	
FA12	0.04188776433497902	-0.2531822946208965	0.33695782329085455	6.197595496911765	0.28144455081400355	0.7789177328734955	0.9923161009371426	-4.737790959097335	
IBP5	0.05518108925073598	-0.33653193260607006	0.44689411110754207	6.410741558323529	0.27928850819068485	0.7805672253698115	0.9923161009371426	-4.737951797927974	
BCAM	-0.04795884998313478	-0.3903375277407708	0.29441982777450126	6.451944377960785	-0.2777108556628631	0.781774852655017	0.9923161009371426	-4.7380687077163826	
DEF1	-0.07238561811582221	-0.5898339076738411	0.4450626714421967	5.447755221460785	-0.2773423160862877	0.7820570313650643	0.9923161009371426	-4.738095922656721	
FRIH	-0.07072111358476367	-0.5785179997077866	0.4370757725382593	5.6831138113039215	-0.27611491300600405	0.7829970233968038	0.9923161009371426	-4.73818630072977	
CO6A1	0.03766487052736403	-0.23353029486504354	0.3088600359197716	6.46246787990196	0.2753501657611597	0.7835828585581647	0.9923161009371426	-4.738242409616501	
PTN	0.0657017778108449	-0.40803415544756133	0.5394377110692511	6.468259228264706	0.27496131749696734	0.7838807837889756	0.9923161009371426	-4.738270879567026	
TTHY	0.0462708001921425	-0.2891773736427695	0.38171897402705446	6.42087374204902	0.2734716963788233	0.7850223889597434	0.9923161009371426	-4.7383795724340825	
IGHA2	-0.054643189952027126	-0.46316000247758293	0.3538736225735287	6.33435682827451	-0.2651898614439962	0.7913778527429344	0.9923161009371426	-4.738973130119782	
CO2	-0.04063090989562042	-0.3506603133969686	0.2693984936057278	6.521412305117647	-0.25982711422108623	0.7955007590141369	0.9923161009371426	-4.73934776386743	
MFGM	-0.038536474093676616	-0.33753123077862274	0.2604582825912695	6.830312059137255	-0.2555284204010177	0.7988098086248749	0.9923161009371426	-4.739642550340076	
HV372	0.04573991247640469	-0.3249129043554761	0.41639272930828547	6.622643525784314	0.2446576673712309	0.8071941385711789	0.9923161009371426	-4.740366123605523	
CATB	0.04007290667266646	-0.2912678715945608	0.3714136849398937	6.257300251147059	0.2397765810862962	0.8109661781748708	0.9923161009371426	-4.740680804453371	
HV309	0.03541800570329295	-0.2628488323212387	0.3336848437278246	6.365461718686275	0.23542356926981484	0.8143338907167842	0.9923161009371426	-4.740956101244834	
HGF	-0.034163823001936704	-0.32935975634093045	0.26103211033705703	6.529774355705882	-0.22944938572067342	0.8189614838226205	0.9923161009371426	-4.741325729183168	
HS90B	-0.03418800515373591	-0.34780116214902906	0.2794251518415572	6.402963973166667	-0.21612763087252823	0.8293033237667535	0.9923161009371426	-4.742115801996147	
CSPG2	0.0367905611277788	-0.3056293904344291	0.3792105126899867	6.6552376933627455	0.21301400441241186	0.8317248726351549	0.9923161009371426	-4.742293661015338	
PLF4	-0.04935496000283478	-0.512718618464491	0.41400869845882143	6.406473319941177	-0.21117360872593566	0.8331569602922042	0.9923161009371426	-4.74239757773791	
PRELP	0.029745683584286687	-0.2509321209225723	0.31042348809114567	6.491026412617647	0.21010998393867028	0.8339848669449367	0.9923161009371426	-4.742457224052166	
FCN3	-0.04742413452591402	-0.5077201716542211	0.4128719026023931	6.331492098205882	-0.2042645419391907	0.8385381637179283	0.9923161009371426	-4.742779658339816	
HV307	0.033432693981806316	-0.29724383109635555	0.3641092190599682	6.493149524705882	0.20044665552676308	0.8415150723891676	0.9923161009371426	-4.742985348318003	
HV102	-0.03994442012031858	-0.43632856645693713	0.3564397262163	6.419361254186274	-0.19978857580474138	0.8420284283662655	0.9923161009371426	-4.743020411001979	
IGHM	-0.04192699826198378	-0.46606003901548476	0.38220604249151724	6.252427321588235	-0.1959848364281461	0.8449969838686112	0.9923161009371426	-4.743220818970078	
CO7	0.024291450032571053	-0.2247325929519885	0.2733154930171306	6.407356785313725	0.19339398690606727	0.8470202442382759	0.9923161009371426	-4.74335512053321	
CATD	0.028804436531252812	-0.2708113019073919	0.3284201749698975	6.362006095098039	0.19060117250134834	0.8492023697160351	0.9923161009371426	-4.743497892114303	
CTHR1	0.024239434059814994	-0.22920712478397526	0.27768599290360524	6.649249968460785	0.1896124645758402	0.8499751643288752	0.9923161009371426	-4.743547938739173	
CO1A1	0.04019924130551345	-0.38114521777191007	0.46154370038293696	6.175560457029412	0.18915219088844037	0.8503349737048912	0.9923161009371426	-4.743571148284774	
TIMP2	0.02193591308924232	-0.20869154619421623	0.2525633723727009	6.600495220696079	0.18857126245414846	0.8507891475366794	0.9923161009371426	-4.743600361477825	
IGKC	-0.04760521237876014	-0.5582279251229704	0.4630175003654501	6.114570242186274	-0.1848354141427502	0.8537110525335075	0.9923161009371426	-4.743786081827039	
PGCA	0.03734643093940169	-0.36864673605820847	0.4433395979370119	6.6390760659019605	0.18237327048902344	0.8556378756426697	0.9923161009371426	-4.743906453051666	
TRFL	0.04325565083389629	-0.4274811234275552	0.5139924250953478	5.626980237931373	0.1821778323696463	0.8557908590653222	0.9923161009371426	-4.743915938710573	
CO6	0.021774678753683746	-0.22497226441215815	0.26852162191952567	6.4184323159411765	0.1749567819066908	0.8614470983036308	0.9923161009371426	-4.744259292269057	
FETUA	0.055621588745223514	-0.5799002439781135	0.6911434214685604	5.588406021735294	0.17351767554673514	0.8625752199322464	0.9923161009371426	-4.744326062674763	
DCD	0.030103177551296323	-0.33651340163217247	0.3967197567347651	6.446211558352942	0.16279124544439608	0.8709925164102954	0.9923161009371426	-4.7448063801253015	
CO6A3	0.024140356266551068	-0.2752325677950183	0.3235132803281205	6.466398718862745	0.15986815481237684	0.873288952438346	0.9923161009371426	-4.744931965059433	
PON1	-0.04137725047981704	-0.5546427642193072	0.4718882632596732	5.852113347009804	-0.1598270743832933	0.8733212337748837	0.9923161009371426	-4.7449337138003145	
VWF	-0.03335486934763788	-0.4568122399587431	0.39010250126346735	6.190271500215686	-0.15616379477358633	0.8762007224558332	0.9923161009371426	-4.745087849450302	
CFAB	-0.02063377779692689	-0.3054164678708232	0.26414891227696946	6.389888883098039	-0.1436468039747531	0.8860519095101058	0.9923161009371426	-4.745587564993188	
IGHG2	0.0228717121387409	-0.2966953109622046	0.3424387352396864	6.4551744123529415	0.14189514161786645	0.8874319739505249	0.9923161009371426	-4.745654170688407	
FRIL	-0.041505912062056394	-0.6435577789207494	0.5605459547966365	5.470995523186274	-0.13668059498299417	0.8915423390324013	0.9923161009371426	-4.745847615834251	
POSTN	0.025957291705579286	-0.37290004143561567	0.4248146248467743	6.425526245401961	0.12902462426527497	0.897582483800663	0.9923161009371426	-4.746118516911418	
LV310	-0.02446652466405594	-0.408805897717762	0.35987284838965006	6.353805358892157	-0.1262083862348685	0.8998058768849708	0.9923161009371426	-4.746214242130094	
HV439	0.02210160703451063	-0.34553678181511965	0.38973999588414093	6.450506278735294	0.11918834933863612	0.905351563819587	0.9923161009371426	-4.746443665162927	
HEP2	-0.019134166555427642	-0.34431743298384926	0.30604909987299395	6.343315765460784	-0.11665736626391578	0.9073521524923184	0.9923161009371426	-4.7465231628174065	
S10A8	-0.03515339507838219	-0.6458909706993522	0.5755841805425878	4.887813278019608	-0.11411518555321425	0.9093621924312482	0.9923161009371426	-4.746601295342561	
GANAB	0.013374693026512757	-0.21925594962321673	0.24600533567624225	6.364533171784314	0.11398500141932336	0.9094651417866532	0.9923161009371426	-4.746605250166718	
CD5L	-0.023556379341972845	-0.4478657350980929	0.4007529764141472	6.258842791205883	-0.1100669008056784	0.912564281639083	0.9923161009371426	-4.7467221653523834	
CO6A2	-0.01676671879494896	-0.328507954693952	0.2949745171040541	6.4464937512745095	-0.10663128287046503	0.9152828991244388	0.9923161009371426	-4.74682131989178	
ALBU	0.01780639851988867	-0.3181204223800972	0.35373321941987457	6.317505537137255	0.10509019925453715	0.9165026929824878	0.9923161009371426	-4.746864775657083	
CO4A1	0.01672840973164236	-0.3052421466004748	0.3386989660637595	6.420283721058824	0.1030076087939162	0.9181514149863166	0.9923161009371426	-4.74692249619289	
TARSH	-0.015704421820028475	-0.32867235042448617	0.29726350678442925	6.5982752781078435	-0.0994839276160551	0.9209418129532607	0.9923161009371426	-4.747017527462439	
CYTB	0.015300878248577558	-0.293918668818635	0.3245204253157901	6.3854928025	0.09810253417481314	0.9220360077545273	0.9923161009371426	-4.747053880535414	
CFAI	0.014205760434967211	-0.28004694189043977	0.30845846276037414	6.397681995166667	0.09571386042607705	0.9239284162092558	0.9923161009371426	-4.747115542380616	
ECM1	-0.0179397926974777	-0.4034509256909057	0.3675713402959503	6.520047968088235	-0.0922595437074357	0.9266658417726353	0.9923161009371426	-4.747202025567115	
KV240	-0.01714706101473702	-0.3915736926776324	0.3572795706481584	6.369708843147059	-0.09079329315719432	0.9278280623610797	0.9923161009371426	-4.747237774331457	
HV315	-0.015138111458310422	-0.36602953269163335	0.33575330977501255	6.347655014460784	-0.08553222199468812	0.9319995077661111	0.9923161009371426	-4.747361332075733	
COIA1	0.011466361912636662	-0.26659460121866213	0.28952732504393547	6.882784673166666	0.08175539647971508	0.934995286402118	0.9923161009371426	-4.747445486488758	
FBLN3	-0.016883853969202053	-0.43141052465549734	0.39764281671709323	6.404534367215686	-0.08075137300986927	0.9357918368725607	0.9923161009371426	-4.747467218720222	
CO8A	-0.012583137325424017	-0.35878901525685514	0.33362274060600705	6.273286642529412	-0.0720585146333994	0.9426910287850427	0.9923161009371426	-4.747644151524604	
THRB	-0.018635109434945753	-0.5317460979098843	0.4944758790399928	5.8674727740588235	-0.07200314041859211	0.9427349917408969	0.9923161009371426	-4.7476452140884415	
THIO	-0.00981628010560407	-0.2837625094328856	0.26412994922167743	6.584668651901961	-0.07104154891867809	0.9434984510616522	0.9923161009371426	-4.747663535626155	
KNG1	0.01277246651665905	-0.34526709853312876	0.3708120315664468	6.2787100306470585	0.07072526093475986	0.94374958068027	0.9923161009371426	-4.747669508144265	
HV551	-0.013047657518084	-0.38426277869813363	0.3581674636619656	6.422147283970588	-0.06968474200119044	0.9445757825864022	0.9923161009371426	-4.747688968417272	
A1BG	0.008903420433860703	-0.25344053583149434	0.2712473766992158	6.546038463794118	0.0672847471617629	0.9464816764937493	0.9923161009371426	-4.747732754563643	
A1AG1	0.01740979990801838	-0.4991762218713691	0.5339958216874059	5.790195158803922	0.06681622509521619	0.9468537777811931	0.9923161009371426	-4.747741123416828	
CLUS	0.008896825787954029	-0.25570940876297343	0.2735030603388815	6.517802352303922	0.06666007844072445	0.9469777924245807	0.9923161009371426	-4.747743899555292	
S10AA	-0.007225758185156908	-0.2259745907070785	0.21152307433676468	6.592420450088235	-0.06548901918353449	0.9479079112830611	0.9923161009371426	-4.74776451287632	
FBLN2	-0.011656252841954241	-0.3817467635992578	0.3584342579153493	6.354569616921569	-0.06244272049011302	0.9503277812101922	0.9923161009371426	-4.747816423663927	
S10AC	0.01853461436209402	-0.5849104171600766	0.6219796458842647	4.91995223822549	0.06089430034736484	0.9515579699250742	0.9923161009371426	-4.747841862143946	
LV321	-0.008461451983904652	-0.3512615203446269	0.3343386163768176	6.347777523852941	-0.04893671364927799	0.9610617520020887	0.9923161009371426	-4.74801679958495	
S10A6	0.006901847168950883	-0.28554657818411194	0.2993502725220137	6.62459398077451	0.046789333345400766	0.962769104890182	0.9923161009371426	-4.748044181178899	
HDGR3	-0.006279687021166785	-0.29259236622549956	0.280032992183166	6.696145222529411	-0.04348387359442618	0.9653975666512047	0.9923161009371426	-4.748083928894226	
APOA	0.012022702576522252	-0.6214105824781506	0.6454559876311952	5.99104813982353	0.03762981033640668	0.9700535647867593	0.9923161009371426	-4.748147181105286	
TENA	-0.00673714738184246	-0.39320874456209026	0.37973444979840537	6.336498404676471	-0.03456123655471991	0.9724945624679465	0.9923161009371426	-4.748176689566236	
S10A9	0.009841590798650721	-0.589515086796362	0.6091982683936635	4.989747908794118	0.03255447993648192	0.9740910456310365	0.9923161009371426	-4.748194630574637	
A1AT	0.005282905023228099	-0.3429274102145665	0.3534932202610227	6.441406222784313	0.030078901885607173	0.9760606458926153	0.9923161009371426	-4.748215284919768	
CAD13	0.004250420500022026	-0.29740321695851335	0.30590405795855735	6.642402316607843	0.027935351314410477	0.9777662010539501	0.9923161009371426	-4.748231850184386	
IGHD	-0.005603963198958859	-0.43939647077385724	0.42818854437593956	6.260579201009804	-0.025612031921303048	0.9796149087389759	0.9923161009371426	-4.748248422301419	
PRG4	-0.0038331903366413448	-0.3009640270303427	0.29329764635705996	6.389106312970588	-0.025576638499405405	0.979643072815652	0.9923161009371426	-4.7482486636405055	
PROS	-0.004429994800232674	-0.34972355377186526	0.34086356417139996	6.194817814568627	-0.025435808447141113	0.9797551376341409	0.9923161009371426	-4.748249620620364	
SAA4	0.0034162272034833413	-0.414833736108949	0.4216661905159157	6.048672998372549	0.016193534153238584	0.9871104120473445	0.9965715342075427	-4.748300872653834	
CO4A2	-0.0012677335017002292	-0.25679048459281284	0.2542550175894124	6.577574060754902	-0.00983624186495539	0.9921704161009106	0.9975916710103085	-4.748322915986804	
HS90A	-0.001133486197864645	-0.33168309552489095	0.3294161231291617	6.3798221549313725	-0.00679845761775676	0.9945884263971991	0.9975916710103085	-4.748329647416322	
APOE	-0.000560352693320858	-0.36775161662345424	0.3666309112368126	6.394005146098039	-0.0030255193166639077	0.9975916710103085	0.9975916710103085	-4.748334584866966	
