	logFC	CI.L	CI.R	AveExpr	t	P.Value	adj.P.Val	B	
KV315	-0.5224217189209938	-0.9064666478056592	-0.1383767900363283	6.4219811615686275	2.6969211267901683	0.008141573168910751	0.9852974745813214	-3.817521896569672	
FCG3A	-0.4603513167990162	-0.8266608521807457	-0.0940417814172867	6.22978886327451	2.491553530382036	0.014266874062153228	0.9852974745813214	-3.9478731810915173	
PLF4	-0.49473524640712657	-0.9414177881518236	-0.0480527046624295	6.406473319941177	2.195851313527644	0.030279718060176104	0.9852974745813214	-4.120693385917599	
KVD11	-0.40625899597510895	-0.7845850810826056	-0.02793291086761235	6.464581995147059	2.128951466344175	0.03557171327341076	0.9852974745813214	-4.157242504949094	
HV551	-0.37916732034595513	-0.7376537839882047	-0.020680856703705508	6.422147283970588	2.0969457467687853	0.038374764090061915	0.9852974745813214	-4.174385221899751	
PERM	-0.4946524246507831	-0.9652004790710051	-0.024104370230561056	5.758030337372549	2.0841319747880984	0.03954925975909639	0.9852974745813214	-4.1811857568036865	
ITB3	-0.32538501356867805	-0.6480354610290613	-0.0027345661082948114	6.363246959990196	1.999375339884245	0.04812382263460923	0.9852974745813214	-4.225256678690466	
HV439	-0.35658701217260796	-0.7123586047942634	-0.0008154195509524897	6.450506278735294	1.9871164085281825	0.04948659042049674	0.9852974745813214	-4.231498916504548	
KNG1	0.34184608721929793	-0.004823320150585841	0.6885154945891817	6.2787100306470585	-1.9549882509976897	0.053214760280854465	0.9852974745813214	-4.247698827762833	
TRFL	-0.4476359605415937	-0.9035266028154008	0.008254681732213387	5.626980237931373	1.9466745298038453	0.05421736993490005	0.9852974745813214	-4.251853048080712	
LV861	-0.4335875366620344	-0.8851406692766723	0.01796559595260344	6.211890918754902	1.9036933244867011	0.05965919026993679	0.9852974745813214	-4.273080841194153	
HV307	-0.29913904607786	-0.6199658412479021	0.021687749092182018	6.493149524705882	1.8485513871092516	0.06730683744875537	0.9852974745813214	-4.299698954649191	
KVD20	-0.35825573267275806	-0.7501361139658989	0.03362464862038278	6.357243186088235	1.8124610531760745	0.07274254000122375	0.9852974745813214	-4.316742619448222	
ANXA1	0.23051887044370523	-0.029557774637021916	0.49059551552443237	6.49101552077451	-1.757252561573198	0.08175885725704107	0.9852974745813214	-4.342231158922643	
ANT3	0.22902933920276777	-0.0316993371341098	0.4897580155396454	6.482310126862745	-1.741531670478767	0.08448833884033548	0.9852974745813214	-4.349359190910284	
CO8A	0.28449388563883454	-0.05228237052582191	0.6212701418034909	6.273286642529412	-1.6747906540137445	0.09692003947970813	0.9852974745813214	-4.378973730503152	
SFRP2	0.32091851091895945	-0.06030134712616847	0.7021383689640874	6.3937939710784315	-1.668969151892985	0.09807136319793419	0.9852974745813214	-4.381506985636362	
FA12	0.23963405555664946	-0.047605535912499275	0.5268736470257982	6.197595496911765	-1.6539915782193422	0.10108446929723881	0.9852974745813214	-4.387987583514843	
FCGBP	-0.35337282183926466	-0.7770715600310056	0.07032591635247626	6.225418207549019	1.653503164360884	0.10118397121316512	0.9852974745813214	-4.388198016291463	
CATL1	0.22342333615878818	-0.04549849939350409	0.49234517171108044	6.389171546215686	-1.647143823074934	0.10248676097988028	0.9852974745813214	-4.390932754226048	
PLTP	-0.33454634480872036	-0.7501035369910296	0.08101084737358893	6.482391349529411	1.5960795842745392	0.11344495730681688	0.9852974745813214	-4.412542252607258	
HV102	-0.3077251914610903	-0.6939120407033463	0.0784616577811657	6.419361254186274	1.579772779187647	0.11713523266080575	0.9852974745813214	-4.419311392988662	
LUM	-0.22045079021780342	-0.5019899905500346	0.061088410114427755	6.663001224656862	1.552393600098045	0.12354552347383044	0.9852974745813214	-4.4305327844437965	
LAMA4	0.21702872572220966	-0.06078059833351723	0.49483804977793655	6.634214151401961	-1.5488146901001019	0.12440360162936534	0.9852974745813214	-4.431986231615758	
HV374	-0.2918455450348049	-0.6663777398364295	0.08268664976681955	6.389092754833333	1.5448736620760886	0.12535394823573012	0.9852974745813214	-4.433583156440812	
IGLL5	-0.2651799789416328	-0.6067754441397248	0.07641548625645928	6.31517248827451	1.5390675857277005	0.12676447973493632	0.9852974745813214	-4.435928960394275	
S10AD	0.23384828197660068	-0.06850964860635056	0.5362062125595519	6.515417378107843	-1.5333520417372326	0.12816522649993742	0.9852974745813214	-4.438230212074555	
TIMP1	-0.3219598792953032	-0.7430456353142869	0.09912587672368056	6.15467798332353	1.515864078150468	0.13252700363764924	0.9852974745813214	-4.4452221836116586	
LV319	-0.2963365573998107	-0.6846879779264455	0.09201486312682416	6.370728645294117	1.5128274276055382	0.133296138145045	0.9852974745813214	-4.44642871667106	
PRDX1	0.19159396002106313	-0.06030386144611574	0.443491781488242	6.401469184078431	-1.5079483236152142	0.1345392683092583	0.9852974745813214	-4.448362603669683	
IGHG2	-0.23474771303213285	-0.5464650338038118	0.07696960773954611	6.4551744123529415	1.4930332912884903	0.13839583063915042	0.9852974745813214	-4.454238401357871	
SFRP4	-0.2478024387837664	-0.5804962070839341	0.08489132951640133	6.666367575235294	1.4766921511321114	0.14271972967363444	0.9852974745813214	-4.460613724946261	
IGF2	0.3067251355693841	-0.10602954613080501	0.7194798172695731	6.097405873166666	-1.4732838072158192	0.1436347020765716	0.9852974745813214	-4.461935230982749	
IGHD	-0.31418853250542034	-0.7373775297113836	0.10900046470054292	6.260579201009804	1.4719227527358603	0.14400135041263268	0.9852974745813214	-4.46246215432611	
FGL2	0.22395972152499077	-0.0819862475859251	0.5299056906359066	6.553817266607843	-1.451290123005488	0.14964902497455465	0.9852974745813214	-4.470394377947157	
THRB	0.36447581175130533	-0.13628588555280802	0.8652375090554187	5.8674727740588235	-1.4430011113262682	0.1519656201077853	0.9852974745813214	-4.4735516950258	
CD59	-0.2066945315923952	-0.49371609163831925	0.08032702845352885	6.601133307098039	1.4277215760235473	0.15630835527812684	0.9852974745813214	-4.479327476743067	
FA9	0.20990351278837646	-0.08229471995726304	0.502101745534016	6.36856789477451	-1.4242006452610152	0.15732247799677107	0.9852974745813214	-4.480650270655633	
CO8B	0.2575070566410624	-0.10681329495804587	0.6218274082401707	6.302944723529412	-1.4013117347912627	0.1640387895793522	0.9852974745813214	-4.489174979506758	
FETUA	0.4276234542972302	-0.19328781558308555	1.048534724177546	5.588406021735294	-1.3654035612381084	0.17501375726223856	0.9852974745813214	-4.5022875087666305	
S10AA	0.14619188394543112	-0.0675933415456614	0.3599771094365236	6.592420450088235	-1.3557344474992532	0.17806195992021498	0.9852974745813214	-4.5057637018646295	
MGP	0.4087829534337853	-0.19984176921644164	1.0174076760840123	5.823055666009804	-1.3315952702664178	0.18584657314563563	0.9852974745813214	-4.514340557294629	
IBP5	0.251488589993366	-0.13163396184367404	0.634611141830406	6.410741558323529	-1.3013964739165595	0.1959411956536955	0.9852974745813214	-4.524865690327916	
KV240	-0.23644976516158073	-0.6026416325596404	0.12974210223647892	6.369708843147059	1.280145248155062	0.2032854489006661	0.9852974745813214	-4.532135460738375	
KVD15	-0.26123375739277277	-0.667816469964001	0.14534895517845547	6.560132659362745	1.273824050968992	0.20550875145881115	0.9852974745813214	-4.5342759869402975	
S10A4	0.18538543153622533	-0.10402838822696425	0.4747992512994149	6.633968525323529	-1.2699464063981358	0.2068814431618995	0.9852974745813214	-4.535584091047685	
HV330	-0.21322104952234613	-0.546456544798339	0.12001444575364681	6.5371515470980395	1.268550842829826	0.20737712278402695	0.9852974745813214	-4.536053952209925	
F13A	-0.24746470797184672	-0.6364643534147769	0.14153493747108342	6.299129531705883	1.2612266009487914	0.2099928977745371	0.9852974745813214	-4.5385118586028375	
CO8G	0.22028117368325567	-0.13273366630817707	0.5732960136746884	6.122601648	-1.237124693462437	0.21877152285291035	0.9852974745813214	-4.546504686579016	
ICAL	-0.1416889260132918	-0.3690257441217989	0.08564789209521528	6.5204439414215685	1.235649186860607	0.21931750414438733	0.9852974745813214	-4.546989242969918	
APOA	-0.3847038278726312	-1.0044963721328817	0.23508871638761925	5.99104813982353	1.2305781979794068	0.22120148376573495	0.9852974745813214	-4.548650363018651	
IGJ	-0.2595358763291686	-0.6788379548805692	0.15976620222223198	6.36201848382353	1.227155056373307	0.22247988720550638	0.9852974745813214	-4.549768018622784	
SRPX2	0.20925007864494247	-0.13118857198228293	0.5496887292721678	6.5189328590294116	-1.218584994261328	0.22570396274959242	0.9852974745813214	-4.552553147976358	
ADIPO	-0.1814431087505378	-0.4773089262362439	0.11442270873516833	6.594396994215686	1.2158352832744985	0.22674554360328947	0.9852974745813214	-4.553442820998892	
PROP	-0.18608410801723957	-0.48969150241740433	0.1175232863829252	6.644634621882353	1.2151391036063746	0.2270098047446602	0.9852974745813214	-4.553667767304826	
ANXA4	0.1725857996579667	-0.11063411076520865	0.455805710081142	6.576156616647059	-1.2081207247622323	0.22968634156646334	0.9852974745813214	-4.555928656847973	
TINAL	0.20031918302357035	-0.1287060597524027	0.5293444257995434	6.588730904068627	-1.207041990403451	0.23009973936050176	0.9852974745813214	-4.556275052207194	
CYTC	0.150773429409279	-0.10281343773585208	0.4043602965544101	6.2676591872843135	-1.178764671557487	0.24112827782068041	0.9852974745813214	-4.565249956228594	
IGLC2	-0.1768696245027027	-0.4785898773151841	0.1248506283097787	6.4426814730588235	1.1621919082089291	0.24776473546734917	0.9852974745813214	-4.5704155054364	
APOC1	0.24780777924468947	-0.1756227755119407	0.6712383340013196	6.324887578676471	-1.1602773080753266	0.2485397007283809	0.9852974745813214	-4.571007758952959	
KV320	-0.17468248432738867	-0.47355230640416723	0.12418733774938986	6.734374332803921	1.1587676206422004	0.24915198235424502	0.9852974745813214	-4.571474099982201	
LAMA5	0.19788559829428506	-0.1412480307496536	0.5370192273382237	6.533018954127451	-1.1568375779073297	0.2499363032766174	0.9852974745813214	-4.572069442326121	
TAGL2	0.24310920871315306	-0.173950179916195	0.6601685973425011	6.473781893362745	-1.1556666055339047	0.2504130087826739	0.9852974745813214	-4.572430178453707	
LAMC1	0.15519073937794456	-0.11138137629447295	0.42176285505036204	6.391139424117647	-1.1541975282081942	0.25101198363525695	0.9852974745813214	-4.572882255980752	
A1AG2	0.25917064470286244	-0.18669407417650802	0.7050353635822328	6.245832501617647	-1.1524225755983346	0.2517370223377744	0.9852974745813214	-4.573427725995791	
KV401	-0.19999007851890094	-0.5523609606963269	0.15238080365852497	6.532518694529411	1.1252201316259263	0.2630343827835309	0.9852974745813214	-4.581686829874228	
HV315	-0.19391281340450972	-0.5377112742413097	0.14988564743229033	6.347655014460784	1.1182312782647355	0.265993356261041	0.9852974745813214	-4.583778214754799	
MFAP4	-0.2545778374041384	-0.7068956778384335	0.1977400030301567	6.954023699754902	1.1158502928268415	0.267006716439009	0.9852974745813214	-4.584487859042842	
GAS6	0.2700557047388381	-0.21684537858115732	0.7569567880588335	6.206846892019608	-1.099617572576402	0.27398720434736734	0.9852974745813214	-4.589287252870004	
APOC3	0.2476829794816837	-0.2018793256924535	0.6972452846558209	6.170497180833333	-1.0922833921178	0.27718221654772446	0.9852974745813214	-4.591433523816522	
HRG	0.15471800416770556	-0.12773543042477012	0.4371714387601813	6.338949517333333	-1.0859830600376177	0.27994733124599297	0.9852974745813214	-4.59326622196519	
CLC11	0.15769530502428272	-0.13542843726377843	0.4508190473123439	6.547881185892157	-1.0665883196234327	0.2885784311555542	0.9852974745813214	-4.598843888534566	
POSTN	0.2103273314275912	-0.18067876390955767	0.6013334267647401	6.425526245401961	-1.0664518219304067	0.2886398135733443	0.9852974745813214	-4.598882800465325	
TRYB2	0.29858244879168416	-0.26009054667597453	0.8572554442593429	5.92704495927451	-1.0595846364814026	0.2917394795539784	0.9852974745813214	-4.600834262722335	
CXCL7	-0.17774063102059084	-0.5128927601252085	0.1574114980840267	6.448056112735294	1.0514140870520774	0.2954569060199735	0.9852974745813214	-4.603140275041658	
FA10	0.25080302819894934	-0.22414099430638112	0.7257470507042798	5.943726525490196	-1.046934246107517	0.2975087364770356	0.9852974745813214	-4.604397335187346	
CAPG	0.19342518796456717	-0.17685549159751576	0.5637058675266501	6.2041938738431375	-1.0356452841141304	0.30272199218958923	0.9852974745813214	-4.6075420912351275	
PA2GA	0.24867019173944138	-0.23587713403966476	0.7332175175185476	6.441791371058824	-1.017458219687282	0.3112496803145265	0.9852974745813214	-4.6125391948697905	
HV309	-0.150084388893506	-0.442698422916807	0.142529645129795	6.365461718686275	1.0168793456681002	0.31152372075645485	0.9852974745813214	-4.612696842401129	
PROS	0.17095316229883437	-0.16774456710567656	0.5096508917033453	6.194817814568627	-1.0006769820160732	0.31925941906130795	0.9852974745813214	-4.6170741094498	
TTHY	0.16474547378536608	-0.16443852591213814	0.4939294734828703	6.42087374204902	-0.9922105267779165	0.32335196058885074	0.9852974745813214	-4.619334364344501	
FST	-0.1382545678601134	-0.4162057072217491	0.1396965715015223	6.581069705509804	0.9861434328865637	0.32630592886031196	0.9852974745813214	-4.620942634983782	
SMOC2	0.1423400920283772	-0.14466260031599462	0.429342784372749	6.713790819480392	-0.9832644283055479	0.3277138722133449	0.9852974745813214	-4.621702461617742	
CADH1	0.14865216362142278	-0.15689039071533414	0.4541947179581797	6.640186521539215	-0.9645585302911609	0.3369590027684347	0.9852974745813214	-4.626586875323105	
HS71B	0.14122683435434588	-0.14918685017565267	0.4316405188843444	6.593589553372549	-0.9641158085301188	0.337179852838256	0.9852974745813214	-4.626701375238243	
HV372	-0.17633588916004492	-0.5401355104213308	0.18746373210124098	6.622643525784314	0.9609649020216939	0.33875439574307875	0.9852974745813214	-4.6275148126920245	
CERU	-0.16381408024932467	-0.5093417745471017	0.1817136140484524	6.309617107088235	0.9399341354864149	0.3493860291587586	0.9852974745813214	-4.632877909777911	
ANX11	0.12581562653541783	-0.14055935018230553	0.3921906032531412	6.33566022517647	-0.9364189986350124	0.3511837658778252	0.9852974745813214	-4.633763070209481	
MMP9	-0.26953792389563663	-0.8510020064173494	0.31192615862607603	5.8547322842254905	0.9190222842267788	0.3601682272010871	0.9852974745813214	-4.638096345522755	
CCL18	-0.19170339819278928	-0.6088236511015717	0.22541685471599313	6.5996354020980394	0.9111661782241591	0.3642730309086122	0.9852974745813214	-4.640027286550635	
GANAB	-0.1049656753248088	-0.33338685314997374	0.12345550250035614	6.364533171784314	0.9110453464925039	0.36433639603777856	0.9852974745813214	-4.640056859659399	
S10A6	0.12712486835184175	-0.16006509888768802	0.4143148355913715	6.62459398077451	-0.8775872572266201	0.3821503490496746	0.9852974745813214	-4.648098612645946	
COFA1	-0.10523712768229632	-0.3468041093140368	0.1363298539494442	6.405144825872549	0.8636951277080473	0.38970341566938105	0.9852974745813214	-4.651351447968965	
BGH3	0.12979778205007989	-0.16947002976251066	0.4290655938626704	6.391173914441176	-0.859876974494027	0.3917953477717201	0.9852974745813214	-4.652236594401822	
B2MG	0.1672393206533728	-0.22002517880791247	0.554503820114658	6.079921293568628	-0.8561695228565184	0.39383322671301046	0.9852974745813214	-4.6530924143550285	
LECT2	-0.14343832314174418	-0.47800895093047224	0.1911323046469839	6.632105295284314	0.8499755725315287	0.39725234860512826	0.9852974745813214	-4.654514157432847	
A1AG1	-0.2132661606707971	-0.7206820761093531	0.29414975476775895	5.790195158803922	0.8332722558489284	0.4065628391068159	0.9852974745813214	-4.6582979243540965	
CO6A3	0.12251198069049536	-0.17162924007192787	0.41665320145291856	6.466398718862745	-0.8257559795611857	0.41079517894713125	0.9852974745813214	-4.65997662390954	
CO2	0.12566837321836571	-0.17901833441535858	0.43035508085209	6.521412305117647	-0.817714203982916	0.41535268527942204	0.9852974745813214	-4.661756216845234	
LEG1	0.12018586658449669	-0.17235578349080227	0.4127275166597957	6.643884081539215	-0.814506864876459	0.4171787958889832	0.9852974745813214	-4.6624612275644655	
HPT	-0.18178722990903448	-0.6261357117495012	0.2625612519314323	6.21698101567647	0.8110894035985179	0.41912981321633347	0.9852974745813214	-4.663209442120462	
TETN	0.11722232368657215	-0.16973082063607248	0.4041754680092168	6.612577770470589	-0.8098943973395333	0.41981332073069133	0.9852974745813214	-4.663470348738241	
A2MG	-0.1328152576974475	-0.4602114587742128	0.1945809433793178	6.36591756367647	0.8042728158183324	0.4230375988159052	0.9852974745813214	-4.664692660670045	
CFAH	-0.10984751863668483	-0.3838755085840545	0.1641804713106848	6.565824839343137	0.7947387380491078	0.42853939784279216	0.9852974745813214	-4.6667466158170825	
MUC18	-0.12386343258150699	-0.4335104508929367	0.1857835857299227	6.684206323588235	0.7930585750233284	0.42951332108456086	0.9852974745813214	-4.667106092096168	
CRIP2	0.16855613409075393	-0.25360077988808566	0.5907130480695935	6.612054193431373	-0.791588929702677	0.43036628409580746	0.9852974745813214	-4.667419916388529	
A1BG	-0.10181485572882598	-0.3596463375926671	0.15601662613501516	6.546038463794118	0.7828963385806532	0.4354317032044809	0.9852974745813214	-4.669264445938208	
GRN	-0.13263992049402565	-0.46865649637261075	0.20337665538455948	6.255268658392157	0.7826049805430941	0.43560208788609067	0.9852974745813214	-4.66932592511186	
LV321	-0.13268031025593408	-0.46955199791414054	0.2041913774022724	6.347777523852941	0.7808561273982986	0.43662562755506196	0.9852974745813214	-4.669694477512007	
CYTB	-0.11881256140589301	-0.42271741711544386	0.1850922943036578	6.3854928025	0.775092930817052	0.4400085445623819	0.9852974745813214	-4.670903289753861	
ANXA6	0.1225409770906928	-0.20216000515425342	0.447241959335639	6.441004338009804	-0.7482156587981169	0.4559851716138298	0.9852974745813214	-4.676424686768798	
CPXM2	0.13628969789684559	-0.22529716289424262	0.4978765586879338	6.437447794029412	-0.7472732642723301	0.4565513007411608	0.9852974745813214	-4.676614812582902	
FMOD	0.13989380548540636	-0.23353338088100256	0.5133209918518153	6.621255343745098	-0.7427139965903689	0.45929586275141454	0.9852974745813214	-4.677531310931143	
APOA1	0.1346991073820164	-0.23076493924929914	0.500163154013332	6.356235410196079	-0.7307168390014843	0.46656244329704577	0.9852974745813214	-4.679916640582251	
S10AB	0.08868648414233506	-0.15328847767684212	0.3306614459615122	6.553648660833334	-0.7266345848527282	0.46904970900051957	0.9852974745813214	-4.680719589460625	
MSRE	-0.12444084833799261	-0.4665370272630874	0.21765533058710212	6.3746104447352945	0.7211802026582206	0.4723845743551349	0.9852974745813214	-4.681785525023611	
NPC2	0.12411626715634977	-0.21847945248912914	0.4667119868018287	6.2730158246666665	-0.7182503220045334	0.4741813874001841	0.9852974745813214	-4.6823548440827025	
TARSH	-0.11018693219348316	-0.41791449778095413	0.19754063339398784	6.5982752781078435	0.7098927600280871	0.4793277120036582	0.9852974745813214	-4.683966318298855	
FIBG	0.1506500417934212	-0.2738268827142747	0.5751269663011171	6.174214271509804	-0.7036298042020191	0.4832044199836716	0.9852974745813214	-4.685161757314885	
C1QC	-0.10348360206592293	-0.405353143756695	0.19838593962484913	6.539042830872549	0.6796437043877717	0.49821001051591707	0.9852974745813214	-4.689643647940066	
IGHG3	-0.126974677726177	-0.503896966355262	0.24994761090290807	6.41059211417647	0.6678737221372557	0.5056642011774649	0.9852974745813214	-4.6917869170819015	
PLMN	0.12564110246050633	-0.2505987212425981	0.5018809261636108	6.09317525440196	-0.6620579924083846	0.5093692952711821	0.9852974745813214	-4.692832319019166	
APOA4	-0.11401173826353106	-0.45682100147709254	0.22879752495003042	6.3879039125	0.659365280015194	0.5110896434549825	0.9852974745813214	-4.693313292908513	
ITGBL	-0.08640907252498674	-0.3493224536809569	0.17650430863098338	6.6719791139509805	0.6515919492250951	0.5160731677876438	0.9852974745813214	-4.694690926607037	
LV310	-0.12234323495279158	-0.5004000717412421	0.255713601835659	6.353805358892157	0.6415816290954429	0.5225282925820974	0.9852974745813214	-4.696441275009306	
CD44	-0.08900330747444903	-0.364593538664902	0.186586923716004	6.478751273333334	0.6402821332189151	0.523369343526275	0.9852974745813214	-4.696666537064817	
OLFL3	0.10106554793122417	-0.21259398085942943	0.4147250767218778	6.4235739698137255	-0.6388129413257269	0.524321071792154	0.9852974745813214	-4.696920672441869	
AACT	-0.11317932405993054	-0.46762339885339893	0.24126475073353787	6.360521411313726	0.6330651867546055	0.5280530347994448	0.9852974745813214	-4.697909361933582	
ANXA7	0.08286400008373393	-0.17778424499775927	0.34351224516522716	6.385779396686274	-0.6302896060815137	0.5298600961265254	0.9852974745813214	-4.698383640569648	
DCD	-0.11452294585000505	-0.4751946229162516	0.24614873121624148	6.446211558352942	0.6295199937247865	0.5303617214948861	0.9852974745813214	-4.698514784174284	
CO4A	0.11485749983979998	-0.24929942421816903	0.479014423897769	6.50222307577451	-0.6253164346107067	0.5331058673209668	0.9852974745813214	-4.699228288294323	
GELS	0.09502985867356978	-0.2085929799349749	0.39865269728211444	6.429150684431373	-0.6205184566264899	0.5362469342950074	0.9852974745813214	-4.700036919803498	
CFAB	0.08726836174567255	-0.19293116581791941	0.3674678893092645	6.389888883098039	-0.6174737234705784	0.5382451020054275	0.9852974745813214	-4.700546876685742	
TIMP2	0.06995956146099534	-0.15700493524935005	0.2969240581713407	6.600495220696079	-0.6111083356503646	0.5424347215803929	0.9852974745813214	-4.701604999951294	
MMP2	0.08656552327304248	-0.19480994022639805	0.367940986772483	6.587729193205883	-0.609940949739386	0.5432048660710362	0.9852974745813214	-4.70179788008624	
CAD13	0.09128340099162183	-0.20549431443222196	0.3880611164154656	6.642402316607843	-0.609803035057695	0.5432958872082898	0.9852974745813214	-4.701820642833258	
SAA4	0.12567281890631574	-0.28578955573545817	0.5371351935480897	6.048672998372549	-0.605536442334599	0.5461155581239523	0.9852974745813214	-4.702522329421478	
PROC	0.16501395356729315	-0.3804329671239313	0.7104608742585177	5.842397793843137	-0.5997872532461724	0.5499266346172063	0.9852974745813214	-4.7034601449818565	
PGCA	-0.1206381166807481	-0.5201224618694723	0.27884622850797613	6.6390760659019605	0.5987063165026831	0.5506446576338714	0.9852974745813214	-4.703635481416064	
HDGR3	-0.08488205451114338	-0.36659377139255195	0.19682966237026517	6.696145222529411	0.597365351343949	0.5515360569597698	0.9852974745813214	-4.703852562066646	
LV147	0.07975281273878894	-0.18651111923415065	0.3460167447117285	6.693859674813726	-0.5938308068159456	0.5538890671790504	0.9852974745813214	-4.704422442419048	
TRFE	-0.09981122254794605	-0.4342475377668658	0.2346250926709737	6.377285003147059	0.5916910522816655	0.5553159587577605	0.9852974745813214	-4.704765813948836	
HEMO	-0.10327408144322688	-0.4500448281603587	0.24349666527390496	6.311503859686274	0.590442953134344	0.556149091585854	0.9852974745813214	-4.704965533565259	
BCAM	0.10021766789438787	-0.23677255690556825	0.43720789269434396	6.451944377960785	-0.5895980594629094	0.5567134269477272	0.9852974745813214	-4.705100495971818	
FBLN2	-0.10823085506920214	-0.4723643714568455	0.2559026613184412	6.354569616921569	0.5892770005813598	0.5569279481030746	0.9852974745813214	-4.705151731471907	
CO6A1	0.07764078656353189	-0.18932605411089137	0.3446076272379552	6.46246787990196	-0.5765827709254481	0.56544240175362	0.9852974745813214	-4.707155394887228	
IGLC7	-0.13149139680249816	-0.5840079798721098	0.32102518626711357	6.029158601843137	0.5760920686815862	0.5657728019312791	0.9852974745813214	-4.707231981208304	
MANF	-0.06722243008333677	-0.2994505169328978	0.16500565676622425	6.556134928519608	0.5738898188987615	0.5672567800335833	0.9852974745813214	-4.70757490282791	
AMBP	-0.06654884891617208	-0.29811789881550815	0.165020200983164	6.473146770068627	0.5697562404382585	0.5700472723173152	0.9852974745813214	-4.708215051351897	
IBP3	0.09379666001132973	-0.23397159452066413	0.4215649145433236	6.382150488970588	-0.56734801801053	0.5716760675135133	0.9852974745813214	-4.708585891008345	
VWF	-0.11914712692086944	-0.5358675535546773	0.29757329971293844	6.190271500215686	0.566849596422138	0.5720134538351327	0.9852974745813214	-4.708662448294134	
C1QBP	-0.08468388560212277	-0.3839890974681869	0.21462132626394137	6.596147441607843	0.5609388940332322	0.5760217641643464	0.9852974745813214	-4.709565251807184	
ANXA2	0.06189794987533805	-0.15763227498223115	0.28142817473290727	6.533741640549019	-0.5589989591065677	0.5773402452314607	0.9852974745813214	-4.70985951692774	
HSP74	-0.073333798082838	-0.3373802903782436	0.19071269421256754	6.5317737752843135	0.5506210780461668	0.5830507830121594	0.9852974745813214	-4.711118751638128	
OLFL1	0.08502874149017628	-0.22304430198365607	0.3931017849640086	6.440394771166667	-0.547193725189754	0.5853946139614881	0.9852974745813214	-4.711628472286095	
LTBP2	-0.08820243088107932	-0.40801525491308394	0.2316103931509253	6.584085278784314	0.5467814050873615	0.5856768821846928	0.9852974745813214	-4.7116895807216395	
CO6	0.06615585817481735	-0.17675029824600202	0.3090620145956367	6.4184323159411765	-0.5399565849087559	0.59035833363296	0.9852974745813214	-4.712694434936962	
PCOC1	0.06043591089753394	-0.163966723209305	0.2848385450043729	6.628570625911765	-0.533944574831249	0.5944966610245913	0.9852974745813214	-4.7135692575666495	
F13B	-0.11739507012427322	-0.5629318125985445	0.328141672349998	6.193098110784313	0.522390644850826	0.6024872478050542	0.9852974745813214	-4.715223249575549	
SRP14	0.052720812376441446	-0.14948453382237864	0.2549261585752615	6.572630069470589	-0.5169142637144812	0.6062917218370093	0.9852974745813214	-4.715994688912131	
FIBB	0.10568405516622556	-0.3017166277333474	0.5130847380657985	6.1613360199313725	-0.5143002943802976	0.6081114955176129	0.9852974745813214	-4.716360068507049	
LAMB1	0.07346918899195921	-0.20974808101076814	0.35668645899468654	6.414264464666667	-0.5142976857328002	0.6081133128191242	0.9852974745813214	-4.716360432225512	
CO4B	0.08517665668634883	-0.24451581579643206	0.4148691291691297	6.247933926352941	-0.5122012268073177	0.6095745936654502	0.9852974745813214	-4.716652145883146	
PGS1	0.08369283379781835	-0.24054954190414513	0.4079352094997818	6.5909744890392155	-0.5117378695697966	0.6098977779637548	0.9852974745813214	-4.716716460733996	
IGHA2	-0.10300873610948492	-0.5052361342976902	0.2992186620787204	6.33435682827451	0.5077284101888208	0.6126975297102506	0.9852974745813214	-4.717270570738297	
CD5L	-0.1067760021026475	-0.5244369762895985	0.31088497208430355	6.258842791205883	0.5068492583467014	0.6133121987978729	0.9852974745813214	-4.717391492395361	
CO3A1	0.11794431126748893	-0.34913007873386553	0.5850187012688434	6.087870599715687	-0.5006336068607689	0.617665792366666	0.9852974745813214	-4.718240486161792	
VINC	0.09956388661256385	-0.2962630944892096	0.49539086771433727	6.451686363205883	-0.4986840799079403	0.6190341094081685	0.9852974745813214	-4.718504630924742	
IGHM	-0.10265820948938274	-0.5202353457192317	0.3149189267404662	6.252427321588235	0.48740056711614255	0.6269798888490967	0.9852974745813214	-4.7200133692026585	
OSTP	0.17001829897414367	-0.5227797688004168	0.8628163667487041	5.230219045254902	-0.4865394450816263	0.6275881079822263	0.9852974745813214	-4.720127104318988	
FBLN1	0.08548145238795969	-0.2631641417473959	0.43412704652331524	6.342153439078431	-0.48609009054451496	0.6279055935515423	0.9852974745813214	-4.720186374841875	
FHR1	-0.1088243728396651	-0.5574007235623096	0.3397519778829794	6.3220865152549015	0.4809709605790298	0.6315273665833515	0.9852974745813214	-4.720857759264056	
APOC2	0.1040369345583124	-0.32789829922554725	0.5359721683421721	6.0749876702549015	-0.47752704376167904	0.6339689946507159	0.9852974745813214	-4.721305466628482	
PRELP	-0.06598026412715265	-0.3423774039333181	0.21041687567901285	6.491026412617647	0.47327063823130955	0.6369922421079312	0.9852974745813214	-4.721854384603765	
CATB	-0.0767612429822407	-0.4030596974301331	0.24953721146565172	6.257300251147059	0.4663973115281822	0.641887187252316	0.9852974745813214	-4.7227304870025195	
ANGI	-0.0820785177645688	-0.4405385557608141	0.27638152023167645	6.721298759794117	0.453960237964961	0.6507845590902419	0.9852974745813214	-4.7242834157642895	
C1QA	0.06746131102956472	-0.2276303865071333	0.3625530085662627	6.587384110852941	-0.45323855124767637	0.6513024158795699	0.9852974745813214	-4.724372248021369	
A4	-0.07350539832601918	-0.39516920249922727	0.24815840584718887	6.341889302107843	0.45304996166092987	0.6514377692152231	0.9852974745813214	-4.724395438335176	
HS90B	0.06961913756765467	-0.23923709145506164	0.37847536659037095	6.402963973166667	-0.44689071435297584	0.6558647276385898	0.9852974745813214	-4.725147553182891	
CD9	-0.06623808185163613	-0.3601558393915565	0.2276796756882842	6.622148820460785	0.4467977510645844	0.6559316395107391	0.9852974745813214	-4.725158826718869	
HDGF	-0.05976004136989102	-0.3255952915044056	0.20607520876462357	6.488568972931373	0.44568434293838505	0.6567332509937833	0.9852974745813214	-4.725293667180035	
SAP	-0.06354932375776311	-0.3491753967522921	0.22207674923676585	6.525910180294118	0.4411051629574473	0.6600342923911398	0.9852974745813214	-4.725844719019558	
CO5	0.06422695906499185	-0.22758496339852605	0.3560388815285097	6.348716696137255	-0.43635844436091664	0.6634632070810046	0.9852974745813214	-4.726409962907625	
LEG3	0.052315554473482614	-0.18687121851363842	0.29150232746060367	6.404192970245098	-0.4336334038037297	0.6654349513152028	0.9852974745813214	-4.726731717336938	
CSPG2	-0.07340600588340077	-0.41064217197343644	0.26383016020663486	6.6552376933627455	0.4315454155524475	0.6669473369351453	0.9852974745813214	-4.726976897357556	
FHR5	0.08846368211635512	-0.32260966121083445	0.4995370254435447	6.321652507127451	-0.4266529504413283	0.6704964514079605	0.9852974745813214	-4.727546783108331	
ITB2	-0.08212933364346653	-0.4651456331762947	0.30088696588936165	6.0096562819803925	0.42511859288342047	0.6716110547655583	0.9852974745813214	-4.727724178177943	
CD14	0.06697342598190882	-0.24916389488813573	0.38311074685195334	6.259673859372549	-0.42000629878276147	0.6753300554036721	0.9852974745813214	-4.728310651768477	
APOA2	0.08026675416325839	-0.30577876394783654	0.46631227227435335	6.30056904827451	-0.41221732715022313	0.6810116977967992	0.9852974745813214	-4.729190626280199	
LTBP1	-0.06042910931309708	-0.3531335787319672	0.23227536010577304	6.696304032058824	0.4093039121112503	0.6831416273062692	0.9852974745813214	-4.729515565747898	
HS90A	0.06658726648687657	-0.2589254244908021	0.3920999574645552	6.3798221549313725	-0.4055573885351329	0.6858843855067576	0.9852974745813214	-4.729930054481833	
ITA1	0.05060459031054737	-0.19757737491504493	0.29878655553613964	6.577953254549019	-0.40424881031590587	0.6868433627006183	0.9852974745813214	-4.730073932979224	
PEDF	-0.0703923409244204	-0.41688003259851836	0.2760953507496776	6.583763468166667	0.4027788455705349	0.6879212200914895	0.9852974745813214	-4.730235004362232	
CATD	0.05992901124746734	-0.23518466639375463	0.35504268888868934	6.362006095098039	-0.4026028368181114	0.6880503223659669	0.9852974745813214	-4.730254251393833	
FRIH	-0.10019445141541049	-0.6004051994014933	0.4000162965706723	5.6831138113039215	0.3971181248089638	0.6920779577290344	0.9852974745813214	-4.730849825854138	
SDF1	0.06670682583918029	-0.2664254974955938	0.3998391491739544	6.641940546647059	-0.39699273440774474	0.6921701406187704	0.9852974745813214	-4.730863346736885	
CO3	0.057050973340998214	-0.23005465047605098	0.3441565971580474	6.381351657931373	-0.3939584455783348	0.6944022570493699	0.9852974745813214	-4.731189239753776	
SAMP	0.0675624442880739	-0.27535681735765716	0.41048170593380495	6.7806147890294115	-0.3906092554882964	0.6968691483365195	0.9852974745813214	-4.7315460657271915	
AFAM	0.06569441010170143	-0.2679699979465474	0.3993588181499502	6.301270778166667	-0.39034407421892314	0.6970646105681214	0.9852974745813214	-4.731574188891667	
C1S	0.06264596956272617	-0.25607850697810963	0.38137044610356197	6.318374618264706	-0.38967879632101166	0.6975550694162224	0.9852974745813214	-4.731644659701128	
FRIL	0.11391510015537694	-0.4790059215748908	0.7068361218856447	5.470995523186274	-0.38090222054415146	0.7040373010611812	0.9852974745813214	-4.732563136081439	
FCN3	0.08630977033943339	-0.3670749320831918	0.5396944727620586	6.331492098205882	-0.3774176054416079	0.7066170717414741	0.9852974745813214	-4.732922029146065	
QSOX1	-0.04754233369655513	-0.30074946770534494	0.20566480031223466	6.4122455460588235	0.3722490643927822	0.7104498008829131	0.9852974745813214	-4.733448309382499	
LRP1	-0.04422787489169053	-0.27989103482913213	0.19143528504575105	6.55082980572549	0.3720775203057591	0.710577137391782	0.9852974745813214	-4.733465652785953	
SODE	-0.0758209104872842	-0.486282313544957	0.3346404925703885	6.596071259990196	0.3662230931749723	0.7149277458909854	0.9852974745813214	-4.73405277486925	
SPRL1	0.0816890375384843	-0.36294268063979185	0.5263207557167604	6.447651776362745	-0.36424399065757573	0.7164006146711652	0.9852974745813214	-4.734249156165888	
CATZ	-0.050149665960100356	-0.32665214452870056	0.22635281260849988	6.312722019078431	0.3595821065931858	0.7198742604857205	0.9852974745813214	-4.734707555454828	
CO5A1	0.052860171221718565	-0.24087130752083444	0.34659164996427155	6.522570858156863	-0.35678544600943013	0.7219609217702152	0.9852974745813214	-4.73497972712463	
RARR2	-0.05936296845597861	-0.3894133916276146	0.2706874547156574	6.646981052666667	0.3565860690443568	0.7221097624861792	0.9852974745813214	-4.734999049725514	
IPSP	0.06035684435681253	-0.27563785916127365	0.39635154787489874	6.377532770137255	-0.35614196493177736	0.7224413374940244	0.9852974745813214	-4.735042051373298	
FHR3	0.08848636587026121	-0.40550371796395435	0.5824764497044768	6.342053324490196	-0.3551298552415447	0.7231971917459932	0.9852974745813214	-4.735139852377214	
CBPA3	0.11951570581068413	-0.5547807441496041	0.7938121557709724	5.712445588921569	-0.3514011381896534	0.7259841957744885	0.9852974745813214	-4.735497769633917	
MMP12	0.10863453937762449	-0.5048374437731679	0.7221065225284168	5.787011902941177	-0.35107689614616544	0.7262267228803305	0.9852974745813214	-4.735528715610448	
IC1	-0.05062528546064027	-0.33979428622041014	0.2385437152991296	6.41667453522549	0.34709216255558756	0.729209496830016	0.9852974745813214	-4.735906698943169	
OMD	-0.05822695271869838	-0.39243715234686294	0.2759832469094662	6.485342602362745	0.34540881655980177	0.7304708192110181	0.9852974745813214	-4.736065086298345	
LYSC	-0.0706297900882176	-0.47771143520128123	0.3364518550248461	6.567145281892157	0.34398178914973526	0.7315406628510049	0.9852974745813214	-4.736198755699986	
IGHG4	-0.05910941765840039	-0.40162625081290937	0.2834074154961086	6.339611362009804	0.3421399733614029	0.7329222563515627	0.9852974745813214	-4.736370463357641	
IGKC	-0.08632925123176866	-0.589322783185819	0.4166642807222816	6.114570242186274	0.34027075924180367	0.7343252998552408	0.9852974745813214	-4.736543786343205	
DERM	-0.049651231289812935	-0.3395903204585271	0.24028785787890125	6.656522588421569	0.3395097956003599	0.7348967418532775	0.9852974745813214	-4.736614075809526	
HGF	0.049524871140155004	-0.24132524264551122	0.34037498492582124	6.529774355705882	-0.33758502438512356	0.7363428034547463	0.9852974745813214	-4.7367911652427805	
MFGM	-0.049734560079598054	-0.34434640468473504	0.24487728452553895	6.830312059137255	0.3346856824148832	0.7385228379862065	0.9852974745813214	-4.737056026951578	
HEP2	0.05351879692506345	-0.2668139444261218	0.3738515382762487	6.343315765460784	-0.33123335861821246	0.7411214454183228	0.9852974745813214	-4.737368435945765	
CBPB2	0.05181628138826757	-0.2606790249957654	0.3643115877723005	6.311760853196079	-0.32873943184599846	0.7430005222244325	0.9852974745813214	-4.737592109303141	
MIF	0.07313441424240262	-0.36940627156025124	0.5156751000450565	6.417183422441177	-0.32764054468685067	0.7438289848373055	0.9852974745813214	-4.737690130798861	
FHR2	0.058984628634673	-0.3118274600917833	0.42979671736112934	6.231112835176471	-0.315365384387503	0.7531035998845729	0.9852974745813214	-4.738762848696312	
PEPD	-0.04641067539804282	-0.3407583938223846	0.24793704302629893	6.432614637117647	0.31259805482211045	0.7551995387222783	0.9852974745813214	-4.738999044778569	
A2AP	-0.06223732811055072	-0.45947636549214715	0.3350017092710457	5.783656787049019	0.31061904168393134	0.756699539841389	0.9852974745813214	-4.7391666841388345	
VTDB	-0.04135580230739193	-0.3116690155748142	0.2289574109600303	6.465753472470588	0.3033180337082402	0.7622413733964453	0.9852974745813214	-4.739775961251533	
SULF1	0.03569919148825427	-0.19879031597452063	0.27018869895102915	6.627074674480392	-0.3018311249757839	0.7633715397232839	0.9852974745813214	-4.739898274631659	
ITIH4	0.046176101471582444	-0.2657892424026816	0.3581414453458465	6.263995672450981	-0.29345395642648986	0.7697483354401328	0.9852974745813214	-4.740576181917738	
CO7	0.03550097920407342	-0.2098949088319065	0.28089686724005336	6.407356785313725	-0.2868151630061306	0.7748131243992289	0.9852974745813214	-4.741099900444267	
PTN	-0.0664638142555532	-0.533296950054142	0.4003693215430356	6.468259228264706	0.28226214849917114	0.7782922968764272	0.9852974745813214	-4.741452167822094	
IBP6	-0.045280344715263876	-0.3647359033969613	0.2741752139664336	6.981904159794118	0.2810142424003419	0.7792466713948468	0.9852974745813214	-4.74154773686403	
PON1	0.07158155653340748	-0.4340825403035109	0.5772456533703259	5.852113347009804	-0.28065195728052567	0.7795238033686209	0.9852974745813214	-4.741575402825625	
PXDC2	-0.036583608148258374	-0.29607384522151176	0.222906628924995	6.610100678166667	0.2795082108402266	0.7803989047867269	0.9852974745813214	-4.741662511609346	
HMCN1	-0.04229826395107804	-0.34516696884109155	0.26057044093893544	6.4869969463823525	0.2768835783451914	0.7824081245432439	0.9852974745813214	-4.741861064684917	
SLPI	0.05977092229228098	-0.37009326104588613	0.4896351056304481	6.578103070490196	-0.2756688870477101	0.7833384996674578	0.9852974745813214	-4.741952323408068	
FBN1	-0.03327134600837451	-0.27333118017192237	0.20678848815517337	6.582487095264706	0.2747767139665406	0.7840220469323053	0.9852974745813214	-4.742019096668176	
PRDX2	-0.05330278344765101	-0.44609816198039176	0.3394925950850898	6.219140697205883	0.2690373492402482	0.7884233379706926	0.9852974745813214	-4.742443487604637	
APOM	0.04842262027214058	-0.31123754787740193	0.40808278842168305	6.121616842911765	-0.26692238703338994	0.7900469556626019	0.9852974745813214	-4.742597622748791	
HPTR	-0.050583157157048884	-0.4276707610821599	0.3265044467680622	6.425453869931372	0.26594555313359797	0.7907971657699865	0.9852974745813214	-4.7426684031572846	
CATS	0.043029182217633265	-0.29528225280066267	0.38134061723592916	6.268576437529412	-0.25215957940584427	0.8014054728327847	0.9852974745813214	-4.743639707227614	
TENX	0.03734408617705706	-0.25822886971484305	0.3329170420689572	6.538478465519608	-0.2504875807191734	0.802694647818784	0.9852974745813214	-4.743754002240911	
ECM1	-0.04768027511998988	-0.42750011897743245	0.33213956873745265	6.520047968088235	0.24888009176023637	0.803934597059013	0.9852974745813214	-4.743863172000753	
CO9	-0.0429680993432511	-0.38546062413767423	0.2995244254511721	6.262431895588235	0.2487276707499662	0.8040521942316164	0.9852974745813214	-4.743873486995797	
SFRP3	-0.048304293106197986	-0.4380895223806717	0.34148093616827574	6.562699593147059	0.2456910914964889	0.8063959360318459	0.9852974745813214	-4.744077671220994	
PGBM	0.031892027616647806	-0.22906275503950183	0.29284681027279746	6.543462710303921	-0.24229582292258492	0.8090186159812397	0.9852974745813214	-4.744303010089643	
VTNC	0.04559110130971456	-0.330544521287155	0.4217267239065841	6.243784802617647	-0.24030603277480772	0.810556646038471	0.9852974745813214	-4.74443361494577	
LBP	0.06403846341557216	-0.47689888471789343	0.6049758115490378	6.228462292784314	-0.23470535117925076	0.8148897195647258	0.9852974745813214	-4.7447954584462835	
LG3BP	-0.044542276013574175	-0.4214355292427437	0.3323509772155953	6.505635926	0.2343058317119205	0.8151990366370547	0.9852974745813214	-4.744820944764265	
CTHR1	-0.029080862945031764	-0.27886490819825577	0.22070318230819222	6.649249968460785	0.23081905112981546	0.8178998165261854	0.9852974745813214	-4.745041535133969	
LTBP4	-0.03150726808582233	-0.30643799447825126	0.2434234583066066	6.577456087901961	0.22720428888228608	0.8207020438272016	0.9852974745813214	-4.745266736646346	
FIBA	0.04371034157979995	-0.34627797560275814	0.4336986587623581	6.209507059833333	-0.2222090075454779	0.8245782895927398	0.9852974745813214	-4.7455721047209085	
AEBP1	0.03856417376906441	-0.3151826040045654	0.3923109515426942	6.384973447480392	-0.21613275777941945	0.8292991929861729	0.9852974745813214	-4.745934417458269	
SPON1	0.03313759518695732	-0.27295333305670566	0.33922852343062027	6.523877674529412	-0.21463452731658278	0.8304642020412912	0.9852974745813214	-4.746022212134154	
TSP2	0.04240457102706115	-0.35038306083863346	0.43519220289275573	6.392819520901961	-0.2140345709319339	0.8309308282873558	0.9852974745813214	-4.746057197941061	
HTRA1	0.029948819943414456	-0.25980709933863605	0.319704739225465	6.623640242931373	-0.204916275916974	0.8380300850479964	0.9852974745813214	-4.746576884137182	
CMA1	-0.062315561617310784	-0.6726090923061454	0.5479779690715239	5.6767406672254905	0.20243556008683145	0.8399638451574546	0.9852974745813214	-4.746714360572665	
HSPB1	0.03391994635071906	-0.2990765057054394	0.3669163984068775	6.585028311441176	-0.2019503484511265	0.8403421908279318	0.9852974745813214	-4.746741054535942	
KLKB1	0.02572964019896448	-0.22793224919369706	0.279391529591626	6.4567439257843136	-0.2010979051847784	0.8410069773420981	0.9852974745813214	-4.746787796857321	
FBLN4	-0.030088288631818103	-0.32692973503979383	0.2667531577761576	6.492947484480392	0.200956474908222	0.8411172843109143	0.9852974745813214	-4.746795532855429	
CATG	-0.039724987885142025	-0.4400535973053483	0.3606036215350643	6.001227048843138	0.1967325412508263	0.8444131429373682	0.9852974745813214	-4.747024069579571	
HV169	0.04138665494016595	-0.3806862324896235	0.46345954236995546	6.257593818637255	-0.19440253651819522	0.8462323900964028	0.9852974745813214	-4.747148059977547	
TENA	-0.037166056585461626	-0.417962779327342	0.34363066615641874	6.336498404676471	0.19350060988370466	0.8469368302730352	0.9852974745813214	-4.747195659595091	
ANXA5	0.026650735374464354	-0.25931357808511935	0.312615048834048	6.476138552117647	-0.18476785378491686	0.8537637890571566	0.9852974745813214	-4.747645101276031	
PROZ	-0.04463450658538659	-0.5351044204357169	0.4458354072649438	5.930691913019608	0.18042113991482908	0.8571660741243372	0.9852974745813214	-4.747861083457979	
HDGR2	-0.0226044747840541	-0.272627267806914	0.22741831823880582	6.488883155627451	0.17924368948815048	0.8580881612166619	0.9852974745813214	-4.747918705270111	
ITIH1	0.022202866900458352	-0.2235984783183793	0.26800421211929604	6.474937807235294	-0.17908279196664878	0.8582141788532928	0.9852974745813214	-4.747926549968878	
GRP75	0.025871165612112848	-0.26340356042247187	0.31514589164669754	6.379340195029411	-0.1773105437295991	0.8596024751466087	0.9852974745813214	-4.748012491795433	
HSP7C	-0.018722347555840537	-0.23854520493563125	0.20110050982395017	6.592096652715687	0.16885600530689415	0.8662313514015088	0.9852974745813214	-4.748410725531942	
APOH	-0.02495104529814649	-0.3179817469998818	0.2680796564035888	6.481018307127451	0.16881252896639845	0.8662654646136531	0.9852974745813214	-4.748412723171072	
COEA1	0.03942137058177375	-0.42640960629582425	0.5052523474593718	6.342024654754902	-0.16777699478889463	0.8670780591703822	0.9852974745813214	-4.748460151713406	
CO6A2	0.024069867868006287	-0.28314614579935804	0.33128588153537064	6.4464937512745095	-0.1553312771518665	0.8768552458847704	0.9852974745813214	-4.749007367017457	
ALBU	-0.02551988695095412	-0.35656325084657264	0.30552347694466436	6.317505537137255	0.15283503341034146	0.8788186077866941	0.9852974745813214	-4.749112050779338	
SERPH	-0.02324918612728066	-0.32858210341087385	0.2820837311563125	6.46694122167647	0.1509604506589497	0.8802935145824992	0.9852974745813214	-4.749189550090539	
S10AC	0.0433412530997313	-0.551257344978918	0.6379398511783807	4.91995223822549	-0.14451290762961838	0.885369574758934	0.9852974745813214	-4.749448808737232	
ZA2G	-0.023204903553992105	-0.3533695708539481	0.30695976374596384	6.3621630546372545	0.13934077732381317	0.889444982272968	0.9852974745813214	-4.749648609254437	
PDIA1	-0.015693024303202838	-0.24474754720979852	0.21336149860339282	6.4583833105	0.13583035383399097	0.892212734973153	0.9852974745813214	-4.749780072276557	
CO1A1	-0.028355045171178168	-0.44361028702594396	0.38690019668358766	6.175560457029412	0.13537681011325045	0.89257042415856	0.9852974745813214	-4.74979681266	
YBOX1	0.015410587118487322	-0.2119644504948462	0.24278562473182086	6.635415085960784	-0.13437097161829997	0.8933637619503155	0.9852974745813214	-4.74983373868985	
CFAI	0.01880322646428073	-0.2711915467788512	0.3087979997074127	6.397681995166667	-0.12854975780150896	0.8979572447674685	0.9852974745813214	-4.75004203963503	
CLUS	0.01649401277795062	-0.2442903043726903	0.2772783299285915	6.517802352303922	-0.1253931789136796	0.9004495421522466	0.9852974745813214	-4.750151136909754	
SPP24	0.032991221126804686	-0.5051525406722073	0.5711349829258165	5.785460657784314	-0.12154277196994782	0.9034910017616646	0.9852974745813214	-4.750280544060506	
RNAS4	-0.02574552838571372	-0.44690147518850226	0.39541041841707486	6.573499884990196	0.12119590011761512	0.90376506914709	0.9852974745813214	-4.750292003912692	
COIA1	-0.01616740599400798	-0.2902115100550851	0.2578766980670692	6.882784673166666	0.11696311822467785	0.907110365030583	0.9852974745813214	-4.750429208229015	
PRG4	0.01714529324432663	-0.27567735523531656	0.3099679417239698	6.389106312970588	-0.11608318343440101	0.907806016076635	0.9852974745813214	-4.750457119001123	
CO1A2	0.02325574702670287	-0.37740694944488645	0.42391844349829216	6.190164009313725	-0.11507485637745607	0.9086032584935839	0.9852974745813214	-4.75048884323346	
HSP72	-0.017478854422911732	-0.3391446128425723	0.3041869039967488	6.626373596745098	0.1077301313470033	0.9144131942769972	0.9852974745813214	-4.7507115778747275	
C1R	0.015856542719225673	-0.27773683391863224	0.30944991935708355	6.356388946411765	-0.10707579425862222	0.9149310277163123	0.9852974745813214	-4.750730709039077	
CFAD	0.0156278955995733	-0.28151404988191336	0.31276984108105993	6.497861440490196	-0.10427149379079993	0.9171507248640971	0.9852974745813214	-4.750811380036682	
THIO	-0.013198043753459874	-0.2831919817831623	0.2567958942762425	6.584668651901961	0.09691357332756877	0.9229778338005513	0.9852974745813214	-4.751012870443678	
APOD	-0.01711705877183783	-0.38154328636407314	0.3473091688203975	6.310874006921568	0.09312120193837573	0.9259828626714041	0.9852974745813214	-4.751110967342585	
A1AT	-0.014385564189348221	-0.3575405567648691	0.3287694283861727	6.441406222784313	0.08311236371838263	0.9339187753964941	0.9852974745813214	-4.751351067491601	
C1QB	0.013373122976121574	-0.33621323195305836	0.36295947790530153	6.533023336372549	-0.07584158870186444	0.9396879295280081	0.9852974745813214	-4.751508386973037	
S10A9	0.022489216971936104	-0.5681162096738115	0.6130946436176836	4.989747908794118	-0.0754928737673576	0.9399647081159741	0.9852974745813214	-4.751515570589441	
ITB1	0.008437988346678084	-0.2144920482957517	0.23136802498910786	6.692897136696079	-0.07504113433895777	0.9403232692219616	0.9852974745813214	-4.751524827323741	
FBLN5	0.016879243095390205	-0.45140224175176485	0.4851607279425452	6.253397574578432	-0.0714619787822641	0.9431645956701551	0.9852974745813214	-4.751596205377124	
S10A8	0.021451992622760176	-0.5804030619804974	0.6233070472260178	4.887813278019608	-0.07066506831673783	0.9437973272661331	0.9852974745813214	-4.751611623297309	
IBP7	0.01609651239969022	-0.4378366192706223	0.47002964407000275	6.594211652666667	-0.07030220759838325	0.9440854436448264	0.9852974745813214	-4.75161858632906	
PGS2	0.016716376804588064	-0.4624538140923539	0.49588656770153	6.254923981186274	-0.0691642091900857	0.9449890779046093	0.9852974745813214	-4.751640191223702	
CO4A2	0.008132188370127922	-0.24371280122648703	0.25997717796674286	6.577574060754902	-0.06401815759581023	0.9490762092611708	0.9852974745813214	-4.751733487585465	
SOST	0.019325267357235283	-0.5824338191592225	0.6210843538736931	6.201091135323529	-0.06366956908486125	0.9493531179302597	0.9852974745813214	-4.751739546692879	
MIME	0.012347552175832463	-0.3754185651824563	0.4001136695341212	6.691687072980392	-0.06313062200415578	0.9497812541602695	0.9852974745813214	-4.751748849475218	
COCA1	-0.01282087177880853	-0.437952575623277	0.41231083206565994	6.349456772058823	0.05978925197410899	0.9524359411969677	0.9852974745813214	-4.751804760210361	
APOE	-0.010867675704936977	-0.37272726703371467	0.35099191562384074	6.394005146098039	0.059542304383013216	0.9526321603449057	0.9852974745813214	-4.751808771741632	
CO5A2	-0.01047148633348141	-0.37043722904182186	0.3494942563748591	6.361680300833333	0.0576734876509095	0.9541171747527986	0.9852974745813214	-4.751838591478172	
COMP	0.006439307572398797	-0.2830023054501865	0.2958809205949841	6.378154760509804	-0.04410697325193925	0.9649020263367459	0.9888401922107601	-4.7520265618150095	
FBLN3	0.008546898454224721	-0.39996599803533067	0.41705979494378015	6.404534367215686	-0.04147933920091226	0.9669917086612378	0.9888401922107601	-4.752057176620722	
APOB	-0.0065955469997879546	-0.3533417612485015	0.3401506672489255	6.244770418078431	0.037711008579647175	0.9699889520148438	0.9888401922107601	-4.75209780087614	
FINC	-0.005486427129288251	-0.336144186727533	0.32517133246895646	6.361937767421568	0.03289576215452002	0.9738195080383683	0.9888401922107601	-4.752144084919452	
RNAS1	-0.0053484243735823795	-0.3467912469048071	0.3360943981576423	6.150190385058823	0.031055385732711934	0.9752837046512419	0.9888401922107601	-4.752160107152718	
HV349	-0.006074551024968937	-0.4109048379063823	0.3987557358564444	6.3542496611372545	0.029748854296034927	0.9763232277523961	0.9888401922107601	-4.75217092205182	
ITIH2	0.001804638552755871	-0.29327663063148063	0.29688590773699236	6.263717478441176	-0.012124885462526633	0.990348744496976	0.9998409049873623	-4.752271387587264	
TSP1	-0.0014190837082457522	-0.5192601589910216	0.5164219915745302	6.047293798598039	0.00543301088103762	0.9956753065571323	0.9999881569139117	-4.752287382981202	
CO4A1	0.0002800504770765325	-0.31704833612001126	0.3176084370741643	6.420283721058824	-0.0017496712257106513	0.9986072501009218	0.9999881569139117	-4.7522909846484795	
DEF1	3.827997903916956e-06	-0.510093174177289	0.5101008301730968	5.447755221460785	-1.4878117237265466e-05	0.9999881569139117	0.9999881569139117	-4.752291401380407	
