	logFC	CI.L	CI.R	AveExpr	t	P.Value	adj.P.Val	B	
SPP24	-0.9264320475877619	-1.3878256069692014	-0.4650384882063222	6.411699593361905	-3.9800433684526046	0.00012517420468146807	0.038678829246573634	0.9799406290197243	
PROC	-1.0373700315329812	-1.5964610300514228	-0.47827903301453956	6.2753768516	-3.677874957559448	0.000368517146079866	0.056935899069339296	0.026891795228867643	
HSP7C	0.3410370272687274	0.14898167541886229	0.5330923791185925	6.49455066512381	3.51982346759405	0.0006336682186861059	0.0652678265246689	-0.4488152991447736	
IBP3	-0.5988112042825678	-0.9612161438523892	-0.2364062647127465	6.549550755304762	-3.2752282524808414	0.0014197740970440253	0.10967754899665096	-1.152556271931588	
IBP5	-0.6042207258201326	-0.9968484215570452	-0.2115930300832201	6.451569377504762	-3.0504256864862342	0.0028758613719928614	0.14033039202827693	-1.7631012708432845	
CD97	0.30903861657820975	0.10727524573298156	0.510801987423438	6.523344111104762	3.0361008142763435	0.003004607541186756	0.14033039202827693	-1.8007932369983477	
OSTP	-0.9878452328349028	-1.6367432151299344	-0.3389472505398712	5.9936540050380955	-3.0175762081417927	0.0031790056446535228	0.14033039202827693	-1.849316736659282	
MGP	-0.924341934813366	-1.5526649728198023	-0.2960188968069297	5.902709978371429	-2.9160531449600056	0.004312398441284149	0.16656638979460026	-2.110827665470553	
APOH	0.4050870629232709	0.12302787468958909	0.6871462511569527	6.674209914438095	2.8467798566391407	0.0052875706407041895	0.18153992533084384	-2.2849294062851215	
FRIL	0.6937713102289474	0.2014182061073141	1.186124414350581	6.461220411352381	2.7930931408543307	0.006177965090439393	0.19089912129457723	-2.4174068071371746	
HS71B	0.3222506223305973	0.08843310654506961	0.556068138116125	6.35810829987619	2.7318854495753433	0.007358698522189134	0.19573118971408848	-2.5658048683853245	
ITA1	-0.34299945248885705	-0.5929196076660874	-0.0930792973116267	6.347696902380952	-2.7204322036196156	0.007601211251032563	0.19573118971408848	-2.593258922835391	
LTBP4	-0.400462078404358	-0.6965600770007883	-0.10436407980792767	6.322398037971428	-2.680844892499565	0.00849641747003291	0.20195330755693608	-2.6873840433744665	
CD44	0.4186869500114539	0.10241682354364107	0.7349570764792668	6.453019866523809	2.624079658694771	0.009947220767007018	0.20443214550096012	-2.820262106384725	
COLA1	-0.4392771654838498	-0.7729956524816798	-0.10555867848601985	6.361053531495238	-2.6091805036181692	0.010363386909249473	0.20443214550096012	-2.8547281349877984	
PDIA1	0.3281438219878455	0.07811233639270038	0.5781753075829905	6.681255836276191	2.6014488617748825	0.010585483262185637	0.20443214550096012	-2.87254610921865	
FRIH	0.4863160867519431	0.10972171619920756	0.8629104573046786	6.492948936619047	2.5597088752928463	0.011860288352288868	0.21331169178404494	-2.967938450189448	
SERPH	0.3418735865923867	0.07325074775916424	0.6104964254256091	6.316890414104762	2.522716083359694	0.01310373177287575	0.21331169178404494	-3.051348757978894	
ICAM1	0.36579807081845694	0.0783362826994004	0.6532598589375135	6.5302458425619045	2.522359881601591	0.013116252892870077	0.21331169178404494	-3.052146716719794	
THRB	-0.5754389703625411	-1.0407937253603055	-0.1100842153647767	6.5670446353714285	-2.4510991344833974	0.01584767336649848	0.2448465535124015	-3.209780585980611	
THSD4	-0.5000091729099488	-0.9083405558151246	-0.09167779000477305	6.101267214314285	-2.4272302417218725	0.01687001053896327	0.2482301550733167	-3.2616846984108623	
SOST	-0.6046404501006843	-1.1173661710802048	-0.09191472912116405	5.527807550019047	-2.3375335651313494	0.021255917681938873	0.2770115959981976	-3.4526812410555165	
HS90B	0.3448229418007055	0.052102020772030744	0.6375438628293802	6.506126938466667	2.3350068125024936	0.021392866782955346	0.2770115959981976	-3.4579683757874364	
PRDX1	0.3274748738801287	0.049212648271382387	0.605737099488875	6.330779383	2.3327569470475296	0.021515463766850297	0.2770115959981976	-3.4626718159990366	
MEGF6	-0.5103705877482669	-0.9487531035399801	-0.07198807195655377	5.966735859247619	-2.307693761582458	0.022923681180968773	0.28006301592275457	-3.514792019908277	
CADH1	-0.3587510207042027	-0.6683718251501041	-0.04913021625830133	6.4617965790190475	-2.296723811455613	0.023565172860814297	0.28006301592275457	-3.537445267723927	
CATD	0.49896292816361193	0.0653650627323552	0.9325607935948687	6.474619473371429	2.281008514825064	0.024511667062379817	0.2805224119361246	-3.569728344535174	
POSTN	0.48436170147921603	0.060031901175601365	0.9086915017828308	6.27992601087619	2.262622103759018	0.025661295776881168	0.2831907283948672	-3.607244695068656	
TENA	0.41541644141741996	0.037566767505723186	0.7932661153291167	6.423275083942857	2.179266744828325	0.03148618990836758	0.31887586428236847	-3.7738747868368936	
CO2A1	-0.5514836107496902	-1.0584324309637547	-0.04453479053562581	6.158305567104762	-2.1563251884632715	0.033278776546125405	0.31887586428236847	-3.818737844293157	
FETUA	-0.7505829905543712	-1.4412013600677591	-0.0599646210409831	6.096401663571428	-2.154300860137782	0.03344112239865256	0.31887586428236847	-3.822675716106432	
CCN2	-0.29008828867284525	-0.557390999478114	-0.022785577867576512	6.520009662895238	-2.151159412740626	0.033694418495054244	0.31887586428236847	-3.828780010491593	
CYTB	0.4467799298401922	0.03390309348349968	0.8596567661968848	6.4071583367619045	2.1449585274713483	0.03419928447121363	0.31887586428236847	-3.84080538742233	
CO3A1	-0.5778989612770707	-1.1146248557512548	-0.04117306680288657	6.077572882180952	-2.134249202047037	0.03508666467831886	0.31887586428236847	-3.8614993455282716	
CATB	0.32407835897589804	0.021235185944625645	0.6269215320071704	6.4504431478285715	2.121182353618525	0.03619632420569281	0.31944073815888235	-3.8866206134794123	
ITAV	0.21578359087989393	0.012704949503547197	0.41886223225624064	6.4262563521428575	2.106201554710792	0.03750572055591353	0.31944073815888235	-3.9152478183795183	
FCGBP	0.31224236495325974	0.017106187420021846	0.6073785424864977	6.296385510114286	2.097080692442331	0.038322784935053186	0.31944073815888235	-3.932586114327082	
LEG3	0.40802607190246726	0.020080518550175508	0.7959716252547591	6.3220758204	2.084792799200325	0.03944778482135762	0.31944073815888235	-3.9558357103978063	
BGH3	0.3578845601546552	0.01584353270471278	0.6999255876045976	6.5071746102761905	2.074008454602686	0.04045843760608686	0.31944073815888235	-3.976137188318442	
MARCO	0.31278721888538863	0.011858509109026694	0.6137159286617506	6.4859595186285715	2.0603032034397866	0.04177487572441482	0.31944073815888235	-4.001797714936896	
F13A	0.35238262998581044	0.010880538860530531	0.6938847211110903	6.707714932980952	2.0453464791345413	0.0432533101459924	0.31944073815888235	-4.02962287393399	
LEG1	0.3833461104314208	0.011536643510578315	0.7551555773522634	6.126947972057143	2.0436964000418096	0.043419129458488866	0.31944073815888235	-4.0326812194418595	
TR11B	0.3909634205485169	0.0057055430755463266	0.7762212980214875	6.3850251261809525	2.011547815221961	0.046760092765407345	0.3320014789994903	-4.0918132173516195	
FBLN1	-0.257107201897258	-0.5117026878583486	-0.0025117159361673913	6.5819224176	-2.0017475471083532	0.047821220584512235	0.3320014789994903	-4.10966714687421	
FBLN5	-0.2547131571246659	-0.5086366487740401	-0.0007896654752916898	6.368864086933334	-1.988356529674265	0.04930426199912541	0.3320014789994903	-4.133932385503567	
GANAB	0.204716479616355	0.0005250251704596864	0.40890793406225034	6.6951463965428575	1.9872888887582867	0.04942416839474613	0.3320014789994903	-4.135860527631678	
A1BG	0.22652516454009033	-0.0015764536459466905	0.45462678272612733	6.736228190066667	1.9684928904255035	0.05157610236008497	0.3390854389205586	-4.169648858131781	
ANXA2	0.29281824921978705	-0.006712152518152548	0.5923486509577267	6.437028296190476	1.9377734130752573	0.05526416175588069	0.3501589757025977	-4.224230614461622	
CATZ	0.36934770344275963	-0.008880398599154515	0.7475758054846737	6.4240733019142855	1.9356524065358753	0.05552682786222423	0.3501589757025977	-4.227969782222824	
ITIH3	-0.2131101127248586	-0.4328133834853665	0.006593158035649305	6.624600698866667	-1.922707846788196	0.05715284690167561	0.351687957144707	-4.2507075818654965	
EMIL2	0.29578158119239506	-0.010261126730766956	0.6018242891155571	6.428648747095238	1.9157324361327455	0.05804558515980601	0.351687957144707	-4.262901468648297	
IPSP	-0.29285211927815774	-0.6012136296695233	0.015509391113207815	6.716525414057143	-1.8824955978592088	0.06246228433562543	0.36043150116423844	-4.320436994941754	
FBN1	-0.2828039908124365	-0.5810198561549043	0.015411874530031233	6.4007331019523805	-1.8797519822520374	0.06283914259392567	0.36043150116423844	-4.325144487743689	
CO1A2	-0.4117883694410343	-0.8491723695029334	0.02559563062086473	6.30089267967619	-1.8661946774935336	0.06472943779886689	0.36043150116423844	-4.348312084965089	
CRLF1	-0.2616696605226898	-0.5416916257700535	0.018352304724673862	6.393011701609524	-1.8522816913956495	0.06671855478798147	0.36043150116423844	-4.371924727041053	
MMP7	0.6769942162958004	-0.048575672860882046	1.4025641054524827	5.7039448276952385	1.8494877934761034	0.06712408650046621	0.36043150116423844	-4.376646533925812	
HMCN1	-0.2643952667934974	-0.5479003392572134	0.019109805670218583	6.2570433875904765	-1.8485815098313856	0.0672560738183901	0.36043150116423844	-4.378176761383907	
S10AB	0.24001776906961628	-0.017727399569036822	0.4977629377082694	6.533798168819048	1.8458594263058299	0.06765380928001886	0.36043150116423844	-4.382768687285937	
FA9	-0.24826144729379326	-0.5201440527453635	0.023621158157776906	6.589283502152381	-1.8099793583850543	0.07308222568597943	0.3827526735079262	-4.442703471691377	
APOC3	-0.36283278623417387	-0.7621270603278483	0.036461487859500596	6.595755049066667	-1.8011886584425238	0.07446595596293745	0.3834996732091279	-4.45721954034415	
CO1A1	-0.4126146249000647	-0.8777873481666068	0.05255809836647746	6.32433525847619	-1.7582318333651616	0.08154329913926514	0.41306359727922837	-4.527199581651457	
APOB	0.38723909118726885	-0.06184609563375959	0.8363242780082973	6.290593187828572	1.709213146308556	0.09028589821158652	0.44376580723185804	-4.605112157115831	
ELNE	0.43389078411956794	-0.06959871691338237	0.9373802851525183	6.449386204038095	1.70818840332134	0.09047652380455358	0.44376580723185804	-4.606718763386078	
CD109	0.2855444601921359	-0.048315769201274006	0.6194046895855458	6.492218981619048	1.6953322115271723	0.09289607920446041	0.44559343362064113	-4.626797573117228	
KNG1	-0.3295089389687293	-0.7169692151849805	0.05795133724752183	6.7423891684	-1.6857213188818534	0.09473905298324688	0.44559343362064113	-4.641714259684267	
TRFL	0.47822287071501246	-0.08719603721698677	1.0436417786470118	6.2645857055142855	1.6765085668516408	0.09653345896359526	0.44559343362064113	-4.655937746141014	
S10AA	0.2558755809307886	-0.047775079671727394	0.5595262415333047	6.574228375133333	1.6703226630597017	0.09775371090180111	0.44559343362064113	-4.665446734415121	
SBSPO	-0.33575466003002824	-0.7345664476645496	0.06305712760449311	6.204487949723809	-1.6687828394959492	0.0980593963954809	0.44559343362064113	-4.667808585384355	
CFAH	0.20278039786232904	-0.03961644586535398	0.44517724159001204	6.72097539327619	1.658230017651099	0.10017523122181005	0.44665588247476756	-4.683939488006151	
IGHG3	0.2856883240062868	-0.05684023101679464	0.6282168790293683	6.617255733171429	1.653261190823214	0.10118418049590203	0.44665588247476756	-4.6915012137858	
CO4B	-0.3245991061227453	-0.7195278376297716	0.07032962538428095	6.688549877971429	-1.629199812897614	0.10618663551578505	0.45499018705047495	-4.727814308754957	
CD14	0.35323489489605153	-0.0797220685486355	0.7861918583407386	6.4171562809904765	1.6172033520022795	0.10875401570655507	0.45499018705047495	-4.745730499481112	
DEF1	0.37449683759158836	-0.08497468568075234	0.833968360863929	6.573781597809524	1.6156054768833528	0.10909970593648267	0.45499018705047495	-4.748107368889331	
CO4A2	-0.29048495116867024	-0.648054553298475	0.06708465096113453	6.162155902028571	-1.6103074765709182	0.11025220260068387	0.45499018705047495	-4.755972278017104	
TARSH	-0.2827541464181069	-0.6309879452524148	0.06547965241620085	6.090620999428571	-1.609473476506677	0.11043451142001819	0.45499018705047495	-4.757208119942458	
SODE	-0.3318152639710192	-0.7473469370700216	0.08371640912798323	6.0891186190285715	-1.58284354681519	0.11638366883539421	0.47319149565969487	-4.796348976660622	
TINAL	-0.33314598895347836	-0.7526596580547126	0.08636768014775587	5.952692729285714	-1.5741069447250828	0.11839013928203805	0.47509809140454234	-4.809054735986869	
ECM2	-0.27001654920923696	-0.6126065379078964	0.07257343948942252	6.348997710952381	-1.5622893683421684	0.12114784956170163	0.4799318655713565	-4.826134631839408	
COGA1	-0.31992364259725986	-0.7295390663501169	0.08969178115559717	6.082570111047619	-1.5481598381943245	0.12451167808537734	0.48701403200483034	-4.846394967937723	
CO8A1	-0.2778061533800564	-0.6394946317758481	0.08388232501573539	6.37513717007619	-1.52248474183072	0.130812797335792	0.5008534485617656	-4.882760935382333	
THIO	-0.18759344960387567	-0.43251335677632363	0.05732645756857227	6.438907177333333	-1.5182362120088195	0.13187923644007268	0.5008534485617656	-4.888722515504909	
FINC	0.15888308310401633	-0.049113346383313855	0.36687951259134655	6.483321100752381	1.5141452592397182	0.1329125656377501	0.5008534485617656	-4.89444793918991	
HS90A	0.1979852236478336	-0.06265032453914876	0.458620771834816	6.574056181914286	1.5057223324649915	0.13506010894610193	0.5016608111539618	-4.90618960568986	
CO4A1	-0.29421817348245793	-0.6842139935098679	0.09577764654495197	6.127221349485715	-1.495392868070047	0.1377307558389476	0.5016608111539618	-4.920503501352007	
PROS	-0.2608995186188695	-0.6082423213592205	0.0864432841214815	6.74542616287619	-1.4888835642008977	0.13943480285408974	0.5016608111539618	-4.929475246536397	
VTDB	0.21438560037094387	-0.07116747522446001	0.4999386759663478	6.707571611447619	1.4881768071672838	0.1396208082823324	0.5016608111539618	-4.9304471124768146	
TIMP1	0.30887291815307005	-0.10433864534926907	0.7220844816554092	6.464898500114286	1.4816755930050773	0.14134090275939462	0.5020038960075051	-4.9393662513189724	
KV315	-0.25613753194590844	-0.6024541947752243	0.09017913088340745	6.602244236504762	-1.4660392404103444	0.14554557731747092	0.5110634476261194	-4.960664897385345	
TRYB2	0.3108579311094994	-0.11301390948345641	0.7347297717024552	6.377311625028572	1.4536945052096915	0.14893320796471815	0.5157766794319221	-4.977326962200116	
ZPI	-0.23187060420802122	-0.5495366927508296	0.08579548433478715	6.792811473885714	-1.4468403114861514	0.15084030604414178	0.5157766794319221	-4.986519933049275	
SAMP	-0.26324974274891666	-0.6253917055720297	0.09889222007419635	6.329804295771429	-1.440903401552136	0.15250738514346457	0.5157766794319221	-4.994448933272527	
TAGL2	0.20129628738582186	-0.07633927065538679	0.4789318454270305	6.456076661190476	1.4371643641810088	0.1535645776949412	0.5157766794319221	-4.999426520304385	
CO3	-0.18611566004535232	-0.4466091051801422	0.07437778508943757	6.892815284809524	-1.4162237709577372	0.15959012658777444	0.5193486912493968	-5.027074047174227	
ALS	0.27435583002794034	-0.11495969164776026	0.663671351703641	6.611006746980952	1.3968772251497252	0.16531662186562468	0.5193486912493968	-5.052270279875038	
DERM	-0.24265792309883777	-0.5879015204078997	0.10258567421022413	6.444184209838095	-1.3932036555708713	0.1664214842572813	0.5193486912493968	-5.057016939880491	
APOD	0.27273300618744506	-0.11587257882821539	0.6613385912031056	6.462202373342857	1.391151485508634	0.16704114068726728	0.5193486912493968	-5.059663334881069	
S10A6	-0.1892379951940727	-0.45924557126656546	0.08076958087842007	6.3873937941714285	-1.3892427872012632	0.16761905207248431	0.5193486912493968	-5.0621213445322315	
S10A9	0.4363940246086243	-0.18746849598964999	1.0602565452068986	6.001333514942857	1.3865504050394388	0.16843683265996276	0.5193486912493968	-5.065583054256086	
HRG	0.220452652121664	-0.09520589622207551	0.5361112004654035	6.871696554219048	1.384342446138202	0.1691097383330077	0.5193486912493968	-5.068417095667607	
SCUB3	-0.25990065600166	-0.6323043531493664	0.11250304114604637	6.072316856638095	-1.383372550818208	0.16940597275252503	0.5193486912493968	-5.06966063708031	
CD59	-0.1775318506595125	-0.43212165806689307	0.07705795674786808	6.508014482180952	-1.3822322769813076	0.1697547502142041	0.5193486912493968	-5.071121554299853	
ITIH2	0.29671373724676436	-0.13092008423220308	0.7243475587257318	6.5113857236	1.3753441035932474	0.17187326465606823	0.5206748899875008	-5.079921999012024	
MMP2	0.2102675544729141	-0.09478273067992779	0.515317839625756	6.462521852028571	1.366301643217366	0.17468472401109184	0.5240541720332755	-5.091410496512524	
YBOX1	0.21740224531331542	-0.10522274593934539	0.5400272365659762	6.4074089792	1.3357087828523122	0.18445485081293606	0.540055176537934	-5.12973697779689	
FGL2	-0.2114064738032841	-0.527600631088975	0.10478768348240686	6.2931354897142855	-1.3252878120069045	0.18787487836156405	0.540055176537934	-5.142601011569022	
LAMB2	-0.17092575656488154	-0.4268047178727806	0.08495320474301751	6.1787934432952385	-1.3240936233548921	0.18826980644674085	0.540055176537934	-5.144068948111306	
CO4A	-0.18979699740089243	-0.47431580082549996	0.09472180602371513	6.835656142771429	-1.3222821227731358	0.18887006969777417	0.540055176537934	-5.146293264850391	
LRP1	0.159484675721149	-0.08209261167888432	0.4010619631211823	6.494618890333333	1.308605139337089	0.19344836010472705	0.540055176537934	-5.162992064685786	
NID1	-0.1856846438840099	-0.4669856109572912	0.09561632318927138	6.113730773628571	-1.3084300993912414	0.1935074846812706	0.540055176537934	-5.163204690676513	
CTHR1	-0.17768083907553062	-0.44720427851419714	0.0918426003631359	6.54347785167619	-1.3067419056324248	0.19407840960214892	0.540055176537934	-5.165253976069717	
CERU	0.26875443009367544	-0.14013280470753892	0.6776416648948898	6.605666756266666	1.3028602730534247	0.19539588016633605	0.540055176537934	-5.169956156923061	
CSPG2	-0.2541491876812408	-0.6411230712687412	0.13282469590625973	5.818898706780953	-1.3018256740171286	0.19574815460274628	0.540055176537934	-5.171207179384315	
ANXA5	0.137253211296285	-0.07316779473578894	0.34767421732835896	6.5372328838666665	1.292942418851815	0.1987922902205881	0.5436001564439091	-5.181909124310158	
PON1	0.3916329916015654	-0.2124327094898052	0.995698692692936	6.026325226790476	1.2851116341191202	0.201504739769456	0.5461838999014202	-5.191284326201732	
IGHG1	0.1853254336646804	-0.10402900866280618	0.474679875992167	6.900873337485714	1.2695524065836157	0.20697521940772678	0.556133415625979	-5.2097485792151685	
HORN	-0.20279474286053925	-0.5259188386380144	0.12032935291693583	6.426824889380953	-1.2440364623054336	0.2161816676196942	0.5734244399229966	-5.239556748076734	
SMOC2	-0.17911770874189553	-0.4651045594006465	0.10686914191685543	6.320837847666667	-1.24147569683148	0.21712187531064922	0.5734244399229966	-5.242515878460237	
PRG4	-0.19186416063243256	-0.5004625136848526	0.1167341924199875	6.807707147104762	-1.2323839010415076	0.22048409604022287	0.5773693701392277	-5.252974251495335	
VWA1	-0.19865051344020931	-0.523338052097529	0.12603702521711044	6.498753804752381	-1.2127459507785945	0.22787523601639764	0.5874717896777819	-5.27530928385026	
ITB2	0.18454696991412384	-0.11726459316986904	0.4863585329981167	6.507039653171429	1.2120395921951834	0.22814438434088616	0.5874717896777819	-5.276106162580662	
LOXL1	-0.17618951239706357	-0.46647292470799007	0.11409389991386296	6.384738977904762	-1.203105179101992	0.23156855560014297	0.5907696122909534	-5.286146588608907	
LAMA5	-0.13970685167651453	-0.3707179134446447	0.09130421009161566	6.153456938142857	-1.1987557185097626	0.23324884368769033	0.5907696122909534	-5.291008353414725	
SFRP3	0.1901079906540251	-0.12770304320256773	0.5079190245106179	6.4783901931142855	1.1857063966226011	0.23834262664168127	0.5987631840022725	-5.305491969668432	
IGKC	0.1713597354173455	-0.11657986662082004	0.45929933745551105	6.715359886447619	1.1796499269617104	0.2407336232208322	0.5998926578648156	-5.312161740684939	
ASPN	-0.27972836913440796	-0.7520508304394993	0.1925940921706834	6.244821333542857	-1.1739339882158082	0.2430058513789678	0.6007104646088084	-5.318426016278598	
C1QA	-0.1781358083454825	-0.48625212597817336	0.12998050928720836	6.622902548447619	-1.1459938639881888	0.2543326704461148	0.6237205965702339	-5.348620119821901	
PLMN	0.23511638526826673	-0.1758608203165194	0.6460935908530528	6.863964248419047	1.133994435835446	0.2593098109984253	0.6239869779044434	-5.361370047162786	
COFA1	0.1717847131031697	-0.12855847136797685	0.4721278975743163	6.282111033285714	1.1337374562577425	0.2594171444028834	0.6239869779044434	-5.361641668605091	
CLC11	0.18391659979334163	-0.13942732465186253	0.5072605242385457	6.295678718638095	1.1274621897741217	0.26204783975609375	0.6239869779044434	-5.368255850168549	
PLOD1	0.16035117645207134	-0.12184237031998299	0.44254472322412564	6.563864587438095	1.1263434421607208	0.2625187932931315	0.6239869779044434	-5.369431259188061	
APOE	0.17412807848597245	-0.135390991873167	0.4836471488451119	6.498695526409524	1.1151342569745826	0.26727019555606674	0.6292394885802117	-5.381145320402212	
ANXA4	-0.271435541624964	-0.755477256852999	0.212606173603071	6.535501197828571	-1.1115517440179794	0.2688013349274691	0.6292394885802117	-5.38486508898906	
OLFL3	-0.16502339789959328	-0.4684193169820088	0.13837252118282226	6.4800908924666665	-1.0781558720844047	0.2833683952806353	0.6555132560084493	-5.418978098296651	
PGS2	0.2880534150508686	-0.24359451437554452	0.8197013444772818	6.094994802038095	1.0739762165526205	0.2852290146064744	0.6555132560084493	-5.423175926475351	
PODN	-0.13936141027081198	-0.39783499678483225	0.11911217624320833	6.4657186002	-1.0687401517504358	0.28757170182942476	0.6555132560084493	-5.428412266267575	
APOA2	0.2012712260343626	-0.17473829785938094	0.5772807499281061	6.665325237304762	1.061032310297951	0.291044187631585	0.6555132560084493	-5.436074982140369	
CO5	0.16521968686192035	-0.1439546457464006	0.4743940194702413	6.687237228780952	1.0592637862652945	0.29184494757807006	0.6555132560084493	-5.43782550183886	
ANGI	-0.18475822983675394	-0.5311497533473266	0.16163329367381868	6.2363201334	-1.0572612109523	0.29275349297464726	0.6555132560084493	-5.439804241827501	
FA10	-0.18761537871466114	-0.5446870161581728	0.1694562587288506	6.674904388504762	-1.0414989621856456	0.29997183676132355	0.6668438673327265	-5.455250975214353	
SAA4	0.20699056710563463	-0.1974192457995988	0.611400380010868	6.365681153057143	1.0145527481886298	0.3125884725313037	0.6899274143726631	-5.481131629376454	
LG3BP	0.18871801809987077	-0.18867042615525964	0.5661064623550012	6.033263070190476	0.9912210845451829	0.32379507656580175	0.7095934656654804	-5.503003610650806	
GELS	0.12914749575606477	-0.1315433032666229	0.3898382947787524	6.209861219304762	0.9819877010500291	0.32830245341772235	0.7144046345498324	-5.511521509214011	
HV118	0.16776820164439463	-0.18048033168524483	0.5160167349740341	6.822026901628571	0.9549180785121844	0.3417534268336285	0.7384741880530854	-5.536042576009404	
HEMO	-0.13252434968065122	-0.40967334093547714	0.14462464157417473	6.84212268507619	-0.9478249613297015	0.3453363315821306	0.7410342115199887	-5.542356597388664	
APOA1	0.27034281080434486	-0.29814272135843933	0.838828342967129	6.183856870257143	0.9426298118684718	0.3479758758558872	0.7415485906170286	-5.546951778946543	
C1QB	-0.14609340930122475	-0.46672560621561376	0.17453878761316424	6.605558188428572	-0.9031694845780098	0.3684476729961196	0.7547008087773484	-5.581044310908563	
SLPI	-0.2039574810922546	-0.6532853514558454	0.2453703892713362	6.194931367123809	-0.8997503923363981	0.37025658035262954	0.7547008087773484	-5.583930796215923	
MMP12	0.2311809354348838	-0.2838360583064188	0.7461979291761864	6.318556104742857	0.8897668465383821	0.37557042049562306	0.7547008087773484	-5.592297491075943	
CEMIP	0.1825715536428572	-0.22442969473212915	0.5895728020178436	6.334272681361905	0.8891665825725562	0.37589143186732	0.7547008087773484	-5.5927976125247385	
PLIN2	0.13593253966735105	-0.1684356763951603	0.4403007557298624	6.596372898276191	0.8852580699905989	0.37798583865891777	0.7547008087773484	-5.596045938587892	
SULF1	-0.13223800539827063	-0.42902879330049004	0.16455278250394878	6.505293771838096	-0.8831849006131878	0.37909971528571185	0.7547008087773484	-5.59776321000818	
PGBM	-0.1379662525853169	-0.4489628754082836	0.1730303702376498	6.054031661533333	-0.8793524087611934	0.3811642293042454	0.7547008087773484	-5.6009273437522005	
F13B	0.20074897446815593	-0.2522064156110159	0.6537043645473277	6.695348566761905	0.8785038429099608	0.38162228538814913	0.7547008087773484	-5.601626093605929	
CAD13	0.18446090779478508	-0.2326537254662494	0.6015755410558196	6.131696610819048	0.8765862979202623	0.382658637368959	0.7547008087773484	-5.603202645049881	
PROP	-0.1310523942362093	-0.427484282676847	0.16537949420442843	6.465870526695238	-0.8763262100042892	0.38279933846936276	0.7547008087773484	-5.603416220684111	
VWF	-0.14721543690311326	-0.48030436961450507	0.18587349580827858	6.554482062647619	-0.8760702074631596	0.3829378608711673	0.7547008087773484	-5.603626380581553	
PPT1	0.11631254785412631	-0.14810840760857213	0.38073350331682476	6.486605754447619	0.8719196420227885	0.3851880659243918	0.7547008087773484	-5.607025260190827	
COIA1	-0.14466597617153742	-0.47403868490235546	0.1847067325592806	5.893509018714286	-0.8706118072717612	0.3858987954266053	0.7547008087773484	-5.608092945822873	
SAP	0.19011938925405966	-0.25195506344173013	0.6321938419498494	6.426698370733333	0.8524653883050421	0.39584390158675153	0.7669330525071683	-5.622744273231286	
PEDF	0.18986164043566098	-0.2528096273451472	0.6325329082164691	6.562929911466667	0.85016193656972	0.397117438191414	0.7669330525071683	-5.624582313099761	
HSPB1	0.13775444413172486	-0.18688584657219084	0.46239473483564053	5.986956125523809	0.8411025746059662	0.4021504560774152	0.7701795417057709	-5.631763667008482	
CRAC1	0.12693593319047763	-0.1733115003039407	0.427183366684896	6.473073070152381	0.838013545784474	0.4038754273530125	0.7701795417057709	-5.634194994939724	
VTNC	-0.11696284483430926	-0.3950425285204828	0.16111683885186434	6.642916789476191	-0.8337280715990617	0.4062759394758597	0.7701795417057709	-5.637553416311163	
ALBU	-0.12446409515544424	-0.42401536984880905	0.17508717953792055	6.8110803334190475	-0.8236044348043927	0.4119808990128919	0.772462328532443	-5.645419604598798	
AACT	0.1035716033737387	-0.14596417573084192	0.35310738247831935	6.796583568676191	0.8227229971948545	0.41247988416780934	0.772462328532443	-5.646100005291999	
ANT3	-0.09822058394343086	-0.34042297321515147	0.14398180532828975	6.8117785832571425	-0.8038404398658042	0.4232563664068174	0.7878687784319673	-5.66050314870092	
PLTP	0.2136633204782424	-0.3182735860915761	0.745600227048061	6.088870303209524	0.796187971764726	0.42767087463022524	0.7913191632379617	-5.666246246328678	
MFGM	0.13462369042854855	-0.20410741352948603	0.4733547943865831	5.992770379657143	0.7877931068360154	0.43254478527465046	0.7917302503382719	-5.672484098772717	
ANXA1	0.09655018203531235	-0.1466333431069358	0.33973370717756046	6.482023835238095	0.7869818376379875	0.4330175155571778	0.7917302503382719	-5.673083456258292	
S10A8	0.2474722993571741	-0.3925534025481394	0.8874980012624876	5.976792175447619	0.7664343157287824	0.4450913460199767	0.7985908106103794	-5.688060305707185	
FHR5	-0.1376454994215282	-0.49502490104547636	0.21973390220241995	6.6929574027714285	-0.763445888984041	0.4468634342679001	0.7985908106103794	-5.690205916796204	
LUM	0.157036411669257	-0.2514885384040755	0.5655613617425895	6.287462649990476	0.7619518707040701	0.4477508865485682	0.7985908106103794	-5.69127547539504	
CFAB	0.10174899538018152	-0.16332222717978961	0.3668202179401526	6.748104650161904	0.7608749935224403	0.4483911848544565	0.7985908106103794	-5.692045120702265	
APOC2	-0.16584916845504463	-0.600828495601085	0.26913015869099577	6.588995733257143	-0.7557713830541128	0.4514328912062886	0.7985908106103794	-5.6956780401495735	
CLUS	-0.09182637346661403	-0.33311382559074615	0.14946107865751806	6.575668988485714	-0.7543596627587094	0.45227634905118574	0.7985908106103794	-5.696678681062982	
A1AT	0.10464648866652594	-0.17459689109492776	0.3838898684279796	6.815097601514286	0.7428267538878323	0.4592006246746886	0.8011773143684577	-5.704784017694671	
LYOX	0.13104881857257142	-0.2210635533953896	0.4831611905405324	6.328445289380952	0.7377302428120035	0.4622796163454598	0.8011773143684577	-5.708326497005934	
GRN	0.1452162508473961	-0.24628918331511046	0.5367216850099026	6.6078469647523805	0.7352299464217251	0.46379439909159625	0.8011773143684577	-5.710055579300409	
ITB1	-0.09266936190234583	-0.3449528688289047	0.15961414502421306	6.313731473457143	-0.7281034275682958	0.46812728232914647	0.8011773143684577	-5.714952059101801	
HV169	0.13576886984186648	-0.23489120850199524	0.5064289481857283	6.683874397790476	0.7260560556437162	0.4693762635765456	0.8011773143684577	-5.7163500380182235	
HTRA1	0.1302651566102177	-0.22549856760938802	0.48602888082982343	6.150564613104762	0.7257923151332143	0.4695372918865425	0.8011773143684577	-5.716529841090359	
CO8G	-0.10700544641534163	-0.4008032533669036	0.1867923605362203	6.579777985447619	-0.7219433091678047	0.471890845356179	0.8011773143684577	-5.719146514670337	
IGHA1	0.14258226307518782	-0.25267620608407215	0.5378407322344478	6.547144773114286	0.7150395789717968	0.47612874205292466	0.8017366625590069	-5.723805379957033	
FHR3	-0.16727461813387592	-0.6323364948724488	0.297787258604697	6.400855636266667	-0.7129598436098796	0.4774095336920947	0.8017366625590069	-5.725200168420547	
RNAS4	-0.12753126263383466	-0.49458507174166755	0.23952254647399826	6.4070572783047615	-0.6887041285509667	0.49248751930767465	0.8225872619787647	-5.741170321916309	
APOA	-0.17268898523817897	-0.6803787982745693	0.3350008277982113	5.999692137438095	-0.6742360203957529	0.5016030938096889	0.8333083655225477	-5.750435509827747	
KLKB1	0.16000685429023864	-0.32189401578429344	0.6419077243647707	6.464907528219047	0.6581526571535465	0.5118417140328203	0.8457705328135907	-5.760506248161627	
LAMA4	0.09351185231966722	-0.193099356887207	0.3801230615265414	6.334063926495238	0.6467244060579932	0.5191835540592846	0.8464181473555038	-5.767515641664216	
KV240	0.09080105691061657	-0.1884457164098879	0.37004783023112103	6.799956021171429	0.6445379633031708	0.5205944454985911	0.8464181473555038	-5.768842796314532	
PGCA	-0.1441507556972914	-0.589881104647631	0.3015795932530482	5.4905116181333335	-0.6410478978668638	0.522850696165017	0.8464181473555038	-5.770952003240661	
CBPB2	-0.12661559191221164	-0.5201867728731644	0.26695558904874117	6.744251363742857	-0.637690081271277	0.5250262469603378	0.8464181473555038	-5.7729705639284274	
PA2GA	0.12382302005153133	-0.26190995447494164	0.5095559945780043	6.0205592662	0.6362977511089543	0.5259297226286626	0.8464181473555038	-5.773804482681195	
APMAP	0.10141895697670132	-0.2212395224812378	0.42407743643464046	6.639519187285714	0.6230484490529197	0.5345672632329137	0.854814280333405	-5.781649497630492	
ANX11	-0.1272358677602115	-0.5341824531911141	0.2797107176706911	6.3669200633619045	-0.6197519609414744	0.5367275454836666	0.854814280333405	-5.78357592620323	
HV439	0.08536119380632888	-0.18949031726550436	0.36021270487816215	6.750264502619047	0.6156134695211899	0.5394459050647702	0.854814280333405	-5.785980051936027	
ITA8	-0.09987037373672536	-0.4250873488777329	0.2253466014042822	6.000126043104762	-0.6087083108091637	0.5439970563947761	0.8576280123774787	-5.789955791098238	
ITIH4	0.08184143292915061	-0.19064416129751396	0.3543270271558152	6.757531498114286	0.5953542250429619	0.5528532397861192	0.8611008091042185	-5.797518271105422	
CFAD	-0.09410775428941383	-0.40914086039292336	0.22092535181409573	6.639750599104762	-0.5921271531935693	0.5550040816946478	0.8611008091042185	-5.799320786578337	
SDF1	-0.09291139234002856	-0.4050155173017114	0.21919273262165434	6.322051829590476	-0.5900858791274398	0.5563667276930883	0.8611008091042185	-5.800455938420172	
HPLN1	-0.10914604384547831	-0.47669848503549916	0.2584063973445425	5.576714939266667	-0.5886192343069141	0.557346802009203	0.8611008091042185	-5.801269135601762	
CO6A3	0.10840601037325064	-0.26058362208174957	0.47739564282825087	6.464228891133334	0.5823511801583151	0.5615449615155739	0.8632706124791658	-5.804721874807521	
APOA4	0.12118170822004352	-0.302372846433406	0.5447362628734931	6.432784099190476	0.5671180580567703	0.5718118270881021	0.8701470184781045	-5.812959925747337	
AMBP	-0.07866769923983068	-0.3565415197628735	0.19920612128321213	6.440575096152381	-0.561170171902801	0.5758450236626477	0.8701470184781045	-5.816117638671694	
MFAP5	0.10101457894305421	-0.25687468364893407	0.4589038415350425	5.93829292387619	0.5594756008234041	0.5769965818180256	0.8701470184781045	-5.8170112249309485	
SFRP2	-0.10118275203012544	-0.4599370067021961	0.2575715026419452	6.673317354752381	-0.5590558411112205	0.5772820025501988	0.8701470184781045	-5.817232158823866	
TETN	0.09146188455713256	-0.24481309984435784	0.42773686895862295	6.526296899	0.5391273283752698	0.5909095910424739	0.8863643865637107	-5.827531532914492	
CCL18	0.11843175292575396	-0.3238925915111581	0.5607560973626661	6.389860277257143	0.5307293155820679	0.5966969500028283	0.8907215340621929	-5.831760450728165	
KVD11	0.07902392149609508	-0.22265148568333307	0.38069932867552325	6.712563338933333	0.5192355653770264	0.6046598112907653	0.8982686619656081	-5.837441239552709	
CATG	-0.10833813564430576	-0.5377321403676821	0.32105586907907063	6.549579827238095	-0.5001164543658985	0.6180114372329331	0.9095485857288516	-5.846616775710972	
PXDC2	0.07434780026524326	-0.22043465179908653	0.3691302523295731	6.3855303139809525	0.4999335223540807	0.6181398155438796	0.9095485857288516	-5.846702913363761	
IC1	0.07416180945530838	-0.22379517776471303	0.37211879667532977	6.666205545228571	0.49336973577289434	0.6227539576684311	0.910080004508773	-5.849772870128701	
CO5A3	-0.11678307704838459	-0.5906463631302732	0.357080209033504	6.247998637447619	-0.4885090508740563	0.6261805924211179	0.910080004508773	-5.85202024455328	
LTBP2	-0.06336442809658575	-0.32417149403969603	0.1974426378465245	6.262959120704762	-0.48158386552646815	0.6310767920052949	0.910080004508773	-5.855183901541373	
CO6	-0.07616044148329126	-0.3928177076631108	0.24049682469652828	6.754821790409523	-0.4767445721024035	0.63450802605727	0.910080004508773	-5.857367965064244	
HV307	0.08440364779763801	-0.26686912454516165	0.4356764201404377	6.625749689466667	0.47628015969199256	0.6348377319990464	0.910080004508773	-5.857576408289332	
COEA1	-0.0731328327849129	-0.3809593809212266	0.23469371535140082	6.2824979748952385	-0.4709253682198517	0.6386446166110783	0.910080004508773	-5.859965200501906	
CO5A2	-0.07716743584135463	-0.4075149264725165	0.2531800547898072	6.436045761942857	-0.4630296689563775	0.6442755473360811	0.910080004508773	-5.863438440294846	
B2MG	0.08683544933717698	-0.288210422601997	0.4618813212763509	6.256466814304762	0.4589426601458222	0.6471984331686256	0.910080004508773	-5.8652133059602525	
IGHG4	-0.08151571949892814	-0.43861535128691787	0.27558391228906165	6.475531582114286	-0.4524782687597443	0.6518328106289397	0.910080004508773	-5.867988602055031	
OMD	-0.06907528819553257	-0.37319471423039163	0.23504413783932646	6.509204460933334	-0.4502195045149064	0.6534553699448978	0.910080004508773	-5.868949092215996	
CO8A2	-0.09058030628414392	-0.49279931198987315	0.3116386994215853	6.313841059904762	-0.44639257175467306	0.6562081987276149	0.910080004508773	-5.870565484464911	
APOC4	-0.07646092497685594	-0.4211585585836105	0.2682367086298987	6.7177413987809524	-0.4396904246733218	0.6610406602568689	0.910080004508773	-5.873363175427375	
NID2	0.06767579094527851	-0.24025819044353017	0.3756097723340872	6.269878596485714	0.43563371657734196	0.6639726676978719	0.910080004508773	-5.875036092232777	
FMOD	0.08879481870484578	-0.32200740567553754	0.4995970430852291	5.900575363961905	0.42845044737186055	0.6691772064998109	0.910080004508773	-5.877960451580822	
LAMB1	0.05189240685261902	-0.19246507631540838	0.2962498900206464	6.462412310152381	0.42094362178043615	0.6746334424235353	0.910080004508773	-5.880964763456667	
APOC1	-0.0605807479672866	-0.35325485656526634	0.23209336063069316	6.606596960847619	-0.4102948720542698	0.6824031314290882	0.910080004508773	-5.885135726148234	
ITAM	0.05990727363876336	-0.22964076699113584	0.34945531426866255	6.659864470638095	0.41011408719342346	0.6825353362319654	0.910080004508773	-5.885205617548957	
IGLL5	0.05755562563798081	-0.22207032031235854	0.3371815715883202	6.7275242407619045	0.40799615956727864	0.6840848743585234	0.910080004508773	-5.886022121446708	
COCA1	-0.062319557417318386	-0.3651614935766815	0.24052237874204474	6.386261818895238	-0.40790037876601043	0.6841549823565095	0.910080004508773	-5.886058947293757	
OAF	0.050759490565748	-0.19784552049999635	0.29936450163149236	6.650462378809523	0.4047185763404104	0.6864855094314392	0.910080004508773	-5.887277389808184	
QSOX1	-0.0661620695425849	-0.39057446935825774	0.2582503302730879	6.548636675590476	-0.4042568597678105	0.6868239479464083	0.910080004508773	-5.88745340980775	
PCYOX	-0.049400912957662066	-0.29241939904606257	0.19361757313073846	6.628940092304762	-0.4029409687768514	0.6877888458824161	0.910080004508773	-5.887953967555181	
TIMP2	-0.05489234101182816	-0.3288907284615887	0.21910604643793236	6.533112324980952	-0.39710879713595465	0.6920715669808928	0.910080004508773	-5.890152909903162	
C1R	-0.05958215486789475	-0.35758260607902875	0.23841829634323924	6.744808130019048	-0.3963191398224267	0.6926522056381395	0.910080004508773	-5.890448183093806	
ITIH1	-0.04400299689033845	-0.2677586345521478	0.1797526407714709	6.444459114590476	-0.3898109474025701	0.6974446568578219	0.910080004508773	-5.892859448171886	
HPTR	0.09393465281840768	-0.38416408144658076	0.5720333870833961	6.317858339733333	0.38945205780526176	0.6977092916696752	0.910080004508773	-5.892991257646012	
TRFE	0.05002251869334777	-0.2081510129650484	0.30819605035174397	6.805195675580952	0.3840604635859867	0.7016893680253014	0.910080004508773	-5.894956860467791	
FCN3	-0.06672457961398366	-0.41495177645315134	0.28150261722518405	6.523158848542857	-0.379812209655938	0.7048312923918925	0.910080004508773	-5.896486392328345	
FHR1	-0.08124734588279726	-0.5117531066037153	0.34925841483812076	6.628284940238095	-0.37408989558831507	0.7090714768826478	0.910080004508773	-5.898519825513525	
RARR2	0.06203664578178227	-0.2667849511044692	0.3908582426680337	6.511140743752381	0.37396739263335715	0.7091623510600491	0.910080004508773	-5.898563020576423	
CRIP2	0.06026108552375914	-0.2629520348026884	0.3834742058502067	6.1485319641142855	0.369567465017386	0.7124290436941243	0.910080004508773	-5.900105100025263	
FHR2	-0.06308793601352512	-0.4018573618441573	0.27568148981710705	6.844224223847619	-0.3691372508518525	0.7127487413952203	0.910080004508773	-5.900254903932922	
TTHY	-0.060804991876449783	-0.41084354101231935	0.2892335572594198	6.735726486057143	-0.3443254486268234	0.7312716534665697	0.929888645766132	-5.908600083969849	
CO7	0.05386705052422309	-0.26342245990223845	0.3711565609506846	6.742663067038095	0.3365218317779484	0.7371309367723333	0.9334977846829959	-5.91110504530229	
CATF	-0.04572389198273297	-0.3207633915741159	0.22931560760864994	6.309896586580952	-0.32952918421959665	0.742394515854299	0.9363261444856261	-5.913301012536639	
AGRIN	-0.04175933108238992	-0.30018409756725617	0.21666543540247632	6.3968841661904765	-0.3203060657504781	0.7493557244419657	0.9412638977746642	-5.916127067283817	
HV330	0.05185658918120914	-0.27795017005440137	0.3816633484168197	6.725698714628572	0.31166652467443035	0.7558953216391954	0.9420499966624558	-5.918701686167358	
HPLN3	-0.06515331123331242	-0.48271614879900065	0.3524095263323758	5.697850412295238	-0.30928610870233736	0.7577002921740241	0.9420499966624558	-5.919398714150542	
C1QC	0.03807642555409472	-0.21174190126417322	0.28789475237236267	6.525539936219047	0.3021187220494059	0.7631430805465528	0.9420499966624558	-5.9214652413655475	
FA12	-0.06517050450128897	-0.49423447377569196	0.363893464773114	6.674547981647619	-0.3010750722077412	0.7639366084721531	0.9420499966624558	-5.921762116507266	
A1AG1	0.07946750633745776	-0.4466840454547503	0.6056190581296659	6.587089010542857	0.2993811773092559	0.7652250781950692	0.9420499966624558	-5.9222417765173345	
FBLN3	-0.04147698205555518	-0.33361814332230383	0.2506641792111935	6.28160468512381	-0.2814233703008199	0.7789246370688601	0.9469955806860781	-5.92716073884745	
CO8A	0.041226712880180344	-0.25180333291931933	0.3342567586796801	6.768575079333333	0.27887675605965107	0.7808731473580053	0.9469955806860781	-5.927833714660712	
AEBP1	0.0491396502877499	-0.3045345732458469	0.4028138738213467	6.238930803723809	0.2754066451780517	0.7835305047250422	0.9469955806860781	-5.9287409040674754	
CO5A1	-0.048937274680642365	-0.4023145371922745	0.3044399878309898	6.364610109857143	-0.27450290194256577	0.784222999155198	0.9469955806860781	-5.928975307650633	
COMP	-0.055403095897868855	-0.462661081568219	0.3518548897724813	6.429258989695238	-0.2696560614436026	0.7879398406782029	0.9469955806860781	-5.930219304135072	
GDN	-0.04948532243765732	-0.416529777778983	0.3175591329036684	6.504829963247619	-0.2672412526612644	0.7897934925916844	0.9469955806860781	-5.93083083310878	
IGHG2	-0.04225692263179625	-0.3570699410052006	0.2725560957416081	6.7884170484	-0.2660669586182395	0.7906953392136187	0.9469955806860781	-5.931126227541101	
S10AC	-0.09480860202358016	-0.8142523925352219	0.6246351884880614	5.974755916628571	-0.2612141124402036	0.7944252803776392	0.9477892341184961	-5.932333187056458	
MSRE	0.04129192189410178	-0.2930475817474016	0.3756314255356052	6.5429990773619044	0.24480662472640685	0.8070710786832961	0.9591729358197634	-5.93624959258595	
CD5L	0.05489508603021927	-0.4022044635595108	0.5119946356199493	6.317846002095238	0.2380501387696999	0.8122936354966082	0.9616809707603522	-5.937788601775346	
AMPN	0.027886175937409833	-0.22085289244466624	0.27662524431948593	6.657192355933334	0.22222387790306672	0.8245596483353403	0.9724768371588556	-5.941225125756576	
ANGL4	0.028972628705209308	-0.24003674152596574	0.29798199893638433	6.625827968057143	0.2134844541356203	0.8313519392409163	0.9767595027583389	-5.943021624909908	
FIBA	-0.06642113335137109	-0.7237134956988633	0.5908712289961211	6.3426640471904765	-0.20030576927661756	0.841618466764998	0.9785674649334006	-5.945594510559341	
LV310	0.03493154387931019	-0.3157691239703015	0.38563221172892187	6.750275648809524	0.1974362756407982	0.8438575639605321	0.9785674649334006	-5.946133014737624	
TSP2	-0.03743000105291991	-0.41966486811245174	0.344804866006612	6.3651773361809525	-0.19410436470931558	0.8464590954927049	0.9785674649334006	-5.946748556859951	
HPT	-0.038975983197895255	-0.4441182823212397	0.3661663159254492	6.619891868895238	-0.1906932205123754	0.8491242506573358	0.9785674649334006	-5.947367891782119	
KV320	-0.0289061611552852	-0.3387907720780987	0.2809784497675283	6.612604772619048	-0.1848996855045286	0.853654780795254	0.9785674649334006	-5.948394634522404	
S10A4	0.027588841540594464	-0.27180339883894566	0.32698108192013464	6.321429280628571	0.18265799531448323	0.8554090997195003	0.9785674649334006	-5.9487834183072	
VINC	-0.024661067763993016	-0.2992601535964072	0.24993801806842114	6.149728028733334	-0.1780158005849391	0.8590443188910866	0.9785674649334006	-5.949573460607557	
CYTC	-0.025040089084926793	-0.3042994252284098	0.25421924705855625	6.624026156304762	-0.17773539783786146	0.8592639951163643	0.9785674649334006	-5.949620530676638	
IBP7	0.03500721572970986	-0.3614700390268294	0.43148447048624916	5.878237744914285	0.1750189425595485	0.8613927199413753	0.9785674649334006	-5.950072691979426	
TSP1	0.028388944219853357	-0.31762916375294203	0.3744070521926487	6.5198129564	0.16262832040254493	0.8711152386247437	0.9832515948837142	-5.952046867789876	
LAMC1	0.020377772292282267	-0.24118175616309806	0.2819373007476626	6.223080906342857	0.15443008893301946	0.8775590933187338	0.9832515948837142	-5.953273469200374	
APOL1	0.030265493954960702	-0.36100884199389666	0.42153982990381805	6.577785698047619	0.15332471480959955	0.878428563019777	0.9832515948837142	-5.953434002243199	
SAA1	-0.04148117203906657	-0.6534246301202221	0.570462286042089	5.551762428571428	-0.13436479216189826	0.8933644080759336	0.9832515948837142	-5.956008089703065	
CO6A1	0.025371838850300928	-0.3557804095016797	0.40652408720228156	6.398348923619047	0.13194690894073033	0.895271992021544	0.9832515948837142	-5.9563119691651245	
ANXA6	0.013222812715666506	-0.19943663163062386	0.22588225706195686	6.469564976447619	0.12324943420622063	0.9021388460067541	0.9832515948837142	-5.95735945831989	
COBA1	-0.02903039363195333	-0.5015461716919216	0.443485384428015	6.124124055409524	-0.12178179527573105	0.9032983272801647	0.9832515948837142	-5.957529176395905	
PERM	0.028095287982007278	-0.430596447215156	0.48678702317917055	6.6964772162	0.12141108363579338	0.903591234409832	0.9832515948837142	-5.957571724036041	
EDIL3	-0.016359178462273628	-0.2971763270452533	0.26445797012070604	6.230384707590476	-0.11547384506045451	0.908284158045586	0.9832515948837142	-5.95823548779675	
PGS1	-0.023387077194978352	-0.4274801348650691	0.3807059804751124	6.206867289723809	-0.11472031270722635	0.9088800022480165	0.9832515948837142	-5.958317351463264	
MFAP4	0.020300368273215776	-0.33766500500173025	0.37826574154816184	6.0884823320761905	0.11241096095371665	0.9107064092087896	0.9832515948837142	-5.958564901793976	
MUC18	0.015388562662010873	-0.25821078400189	0.2889879093259118	6.370207668866667	0.1114881640312842	0.9114363599377702	0.9832515948837142	-5.95866241346215	
ITIH5	0.01687584488431648	-0.28872966979018366	0.3224813595588166	6.303949282571429	0.10945865323115449	0.9130420091314189	0.9832515948837142	-5.958874044115314	
A2AP	0.029147027393363927	-0.5064034662248768	0.5646975210116046	6.733511955666667	0.10787966955226377	0.9142914727421501	0.9832515948837142	-5.9590360068509	
EMIL1	0.008946238615587809	-0.1570862488705973	0.1749787261017729	6.445015680904762	0.10680538880960974	0.9151416834758803	0.9832515948837142	-5.95914485523614	
CO8B	-0.017887005274440888	-0.3549821324589031	0.31920812191002135	6.661640886361905	-0.10517945657704784	0.9164286709595781	0.9832515948837142	-5.959307526510241	
GRP75	0.011537096103981747	-0.21953654446505244	0.24261073667301591	6.6556483072	0.09896733276482302	0.9213478204912486	0.9851089153349336	-5.959906061749523	
MIME	-0.020812772829981195	-0.5249595402407464	0.4833339945807841	6.008771082904762	-0.08183116223132367	0.9349325650179976	0.9961867675536595	-5.961368323123471	
TENX	-0.009984153983006677	-0.2809629176584763	0.26099460969246296	6.301904072895238	-0.07303344312130726	0.9419147061334174	0.9986689747612515	-5.962011378301334	
PRELP	0.01452326603091711	-0.3923609055658873	0.4214074376277216	6.160065447123809	0.07075208774045878	0.9437260214572345	0.9986689747612515	-5.96216620210307	
CO9	0.01124975204156739	-0.3234876625344525	0.3459871666175873	6.663440963380952	0.06661690552009826	0.947009955245754	0.9987238094571262	-5.962434313259528	
FBLN2	-0.008165901432017945	-0.2769387016966381	0.2606068988326022	6.440628385609524	-0.06022330417491593	0.9520891781166201	0.9995673601354097	-5.962817082453645	
MXRA5	0.008346550660445338	-0.28234680361533915	0.2990399049362298	6.598131994238095	0.05691381434080311	0.9547191009945177	0.9995673601354097	-5.963000057821361	
FIBB	-0.016670117114098205	-0.7128018332212382	0.6794615989930419	6.264681714095238	-0.047467132025139185	0.9622286639588387	0.9995673601354097	-5.963465472980154	
PRDX2	0.006264150672455378	-0.3371431513646594	0.3496714527095702	6.498068865038095	0.036157503097303395	0.9712235735779727	0.9995673601354097	-5.963911875578674	
LTBP1	-0.004149835806454413	-0.29020387369072836	0.2819042020778196	6.318054918961905	-0.028756007841705067	0.9771123019467869	0.9995673601354097	-5.9641386540074866	
IGJ	0.007131980820108574	-0.49308674387969464	0.5073507055199118	6.12737042132381	0.02826155047070696	0.977505747513742	0.9995673601354097	-5.964151961178509	
ECM1	0.003644948310552847	-0.2528651571509502	0.2601550537720559	6.802650974095238	0.028166485248408164	0.977581392672311	0.9995673601354097	-5.964154493185734	
C1S	0.004000286364777923	-0.3332182087929485	0.3412187815225044	6.742036837047619	0.023513942841147818	0.9812837432167016	0.9995673601354097	-5.964267985201253	
A2MG	-0.004080515624035827	-0.3581758899751779	0.35001485872710625	6.584546353895238	-0.022842338018823564	0.9818182214047513	0.9995673601354097	-5.9642826802773445	
CPXM2	0.002586611287648673	-0.3755509479475209	0.3807241705228183	6.3794046907904765	0.013558982934067688	0.9892068649677819	0.9995673601354097	-5.964442184558688	
CO6A2	0.0024027503909919454	-0.37263771077351415	0.3774432115554981	6.455417099419048	0.012699198008740193	0.9898912270869412	0.9995673601354097	-5.964452840835026	
TIMP3	-0.001993467846062851	-0.37804525624142804	0.3740583205493023	6.430438853447619	-0.010507692111604862	0.9916356306902758	0.9995673601354097	-5.964476846335111	
PCOC1	-0.0012190909438482614	-0.2757805916862046	0.2733424097985081	6.6840941776	-0.008801206835015795	0.9929939941538537	0.9995673601354097	-5.964492399235943	
FIBG	-0.0016799811476008427	-0.6851727640784766	0.681812801783275	6.319679964971429	-0.004872100490189547	0.9961216372227704	0.9995673601354097	-5.96451775746335	
LYSC	0.0007052142368494468	-0.47377743306090714	0.475187861534606	6.343588391190476	0.002946093320431221	0.9976548005041728	0.9995673601354097	-5.9645248649493565	
HEP2	8.350204244516541e-05	-0.3044606271572577	0.30462763124214803	6.770374157047619	0.0005434913404731093	0.9995673601354097	0.9995673601354097	-5.96452882232522	
