	logFC	CI.L	CI.R	AveExpr	t	P.Value	adj.P.Val	B	
FETUA	1.3185908099557608	0.7517563939051555	1.8854252260063662	6.314955426295238	-4.61051534775889	1.0983592461204363e-05	0.003470815217740579	3.1727581037462214	
A1AG1	-0.9879047160990048	-1.4514194450053417	-0.5243899871926678	6.816519439095238	4.2242261255087215	4.992037436267807e-05	0.00599996137373417	1.7894687703390284	
FA10	1.0551744131235874	0.5454580077919188	1.5648908184552561	6.381876717133333	-4.102903272305951	7.894566200228415e-05	0.00599996137373417	1.3724560891048796	
MGP	1.4482212039271938	0.7428087347290555	2.153633673125332	5.809310470361905	-4.068997361770007	8.959701583555909e-05	0.00599996137373417	1.2574713339986143	
OSTP	1.4204509414091304	0.7203206086935596	2.120581274124701	5.8769239935333335	-4.021082503648424	0.0001070207594147354	0.00599996137373417	1.0961566504882265	
IGF2	0.9240078455200995	0.46664396617274867	1.3813717248674504	6.395016253	-4.004141666666057	0.00011392331722280071	0.00599996137373417	1.0394548274720785	
FGL2	0.549693253672165	0.27144879471084055	0.8279377126334895	6.531769111333333	-3.915520671596241	0.00015754184123906544	0.006554413465223918	0.7457029922794813	
SPRL1	0.7857729073884769	0.3865703192130282	1.1849754955639256	6.095908920209523	-3.9012101099546497	0.00016593451810693462	0.006554413465223918	0.6987233417979093	
VTNC	0.7145495947439424	0.3352694655730066	1.0938297239148782	6.7310077769714285	-3.7339450775356773	0.00030154409131879405	0.010587548095193215	0.1591974784535699	
CERU	-0.5121190978608989	-0.789792604472976	-0.23444559124882186	6.926051385380952	3.655376921542425	0.0003968137868174801	0.01253931566343237	-0.08801983908705235	
GAS6	0.9185211939992846	0.40961160108455663	1.4274307869140124	6.2748306666666664	-3.5772079142497515	0.0005194264616702511	0.014921705626163576	-0.3299507375780708	
AEBP1	0.5340866414723551	0.2339750217679994	0.8341982611767107	5.986901511057143	-3.527154986847809	0.0006158903505643042	0.01621844589819334	-0.48272160228231353	
FA9	0.6034704044614031	0.2578872998894544	0.9490535090333518	6.568646303266667	-3.4609801858183014	0.000769526307002565	0.018705408693293117	-0.6820990058100946	
PROC	0.9352131705312742	0.3882698366017169	1.4821565044608316	6.5879875456761905	-3.3889403081070215	0.0009774461110444498	0.02128702649299961	-0.895738510099072	
APOC3	0.7184457171592864	0.29702057919743313	1.1398708551211396	6.371226074666667	-3.378851936522278	0.001010460118338589	0.02128702649299961	-0.9253699030407461	
PROZ	0.8535079984189065	0.34743394638491765	1.3595820504528953	6.604242165209524	-3.342636596352089	0.0011377946986044101	0.0224714452974371	-1.0311568770177475	
IBP5	0.6857478061017888	0.2715519067023146	1.0999437055012629	6.396725071514286	-3.281362952316872	0.0013880422051525583	0.025801255107541672	-1.2080455042027252	
SPP24	0.8954077148115017	0.34357365420267993	1.4472417754203235	6.225941072647619	-3.215940224461993	0.001711468452443348	0.0291786575436011	-1.3939750337248027	
THRB	0.7852350248465079	0.2982650629675778	1.272204986725438	6.576175055190476	-3.1958996061547653	0.0018238133688805891	0.0291786575436011	-1.45031749982099	
KNG1	0.47029229705324294	0.1782757582983308	0.7623088358081551	6.837723358590476	-3.1919498184729473	0.0018467504774431075	0.0291786575436011	-1.4613879197887387	
S10A8	-1.0904447650991127	-1.7722408780657375	-0.408648652132488	5.844254993	3.1698943633392402	0.00197984611619254	0.029791970129373457	-1.5229979183890876	
CTHR1	0.4356199486270613	0.15783567227763567	0.7134042249764869	6.304631612295238	-3.1081054058586224	0.0024017437038268154	0.03449777320042153	-1.6937223658145797	
KVD15	-0.5272451075933725	-0.8737448990099046	-0.18074531617684048	6.913007162885714	3.015818629420002	0.0031892121396586	0.04381700157096164	-1.943505412575134	
S10A9	-0.9917921321977268	-1.6572116100476957	-0.32637265434775786	5.952319329647619	2.9540700406471783	0.0038426968192304097	0.05059550811986706	-2.1071064157809642	
CPXM2	0.45771042704176285	0.14420703525880463	0.7712138188247211	5.954781103476191	-2.8936380125518264	0.004599661261480933	0.058139718345118996	-2.264447303392526	
LTBP4	0.39571522084409816	0.12242731891742864	0.6690031227707677	6.2277090308666665	-2.869842001753772	0.004933603937229636	0.05996226323709865	-2.325644035067693	
APOC1	0.439872329314365	0.12950378890647324	0.7502408697222567	6.635888242904762	-2.808953745391052	0.005891760989561746	0.0689554249148708	-2.48026460383046	
FBLN2	0.42452590506500243	0.12204647230859406	0.7270053378214107	6.025862570495238	-2.7816596143370313	0.0063741304539105675	0.07193661512270498	-2.5486519577743514	
QSOX1	-0.3164716427035421	-0.5485290980492987	-0.0844141873577855	6.6490091188095235	2.702930720434972	0.007974146520405782	0.08592463334885955	-2.7426805170325115	
SMOC2	0.39220935522518385	0.1034064738280075	0.6810122366223602	6.190133754542857	-2.69160957911814	0.008232072309142415	0.08592463334885955	-2.770184454622886	
HDGR3	0.366886678677495	0.09439243208856479	0.6393809252664253	6.289102593219048	-2.6685186644548318	0.00878174112808965	0.08592463334885955	-2.8259708612673973	
APOA4	0.4012476951239493	0.10249476955878567	0.700000620689113	6.730521550523809	-2.661926271548639	0.008944659175914426	0.08592463334885955	-2.8418208827319424	
SFRP2	0.45395155947431287	0.11537378854710528	0.7925293304015204	6.547241623742857	-2.657337458914458	0.009059672854492839	0.08592463334885955	-2.8528335332238606	
COCA1	0.4463442067271892	0.111754050773267	0.7809343626811114	5.985036092495238	-2.6439447864649703	0.00940304025868991	0.08592463334885955	-2.8848796362577303	
FST	0.42948575074461537	0.10700300650641398	0.7519684949828167	6.374318232790476	-2.639598770071779	0.009516968883576216	0.08592463334885955	-2.8952484233222293	
APOC2	0.5428927270062028	0.13163373388428323	0.9541517201281224	6.506707022704762	-2.6163404414381293	0.010148152081560498	0.08907822382703105	-2.950484787674597	
APOH	-0.3326681761832251	-0.5916295970135717	-0.07370675535287846	6.673138345	2.546078717141723	0.012290830621128105	0.10497033719666164	-3.114740854272582	
IBP3	0.46351678948753755	0.09815190263219026	0.8288816763428848	6.593699848247619	-2.5143996116007115	0.013383537652540044	0.11129468153164879	-3.187509322412969	
SODE	0.5443772823172099	0.11249236465599227	0.9762621999784276	5.722316715714285	-2.498202242858264	0.013975203410763748	0.11323498148208574	-3.2244039032751677	
FMOD	0.3938461915939346	0.07852669843028953	0.7091656847575796	5.844755528914286	-2.4755486698600104	0.014841957406503464	0.11555850442342684	-3.2756497029549267	
TENX	0.3664221656760581	0.07217704947538306	0.6606672818767332	6.185553839114286	-2.468130464053527	0.015136050533716123	0.11555850442342684	-3.2923406744890653	
A4	0.4291508022894716	0.08375800728935945	0.7745435972895838	6.168835519790476	-2.462591031954177	0.015359041727164327	0.11555850442342684	-3.3047753543524183	
FBLN1	0.36385351121054127	0.06722640615763259	0.66048061626345	6.394784308666667	-2.4311478744670354	0.01668122046518166	0.1215705306701192	-3.3748860209309064	
TRFL	-0.6966314875248607	-1.266803029159036	-0.12645994589068554	6.448082584761905	2.421548669342007	0.017104577872529097	0.1215705306701192	-3.3961298155436443	
TARSH	0.34487291965077554	0.06152743524625637	0.6282184040552947	6.261385410761905	-2.4123395468773934	0.017519685898503435	0.1215705306701192	-3.416439766890923	
PERM	-0.6785871896142245	-1.2376842512043749	-0.1194901280240741	6.450018484219048	2.405548323568147	0.017831516899855463	0.1215705306701192	-3.4313729256720857	
APOD	-0.39364303980926124	-0.720150351993455	-0.06713572762506748	6.592199917333334	2.3894904749713692	0.01858853000115699	0.1215705306701192	-3.4665325193764978	
HPT	-0.4574072499272877	-0.8368383102081194	-0.07797618964645597	6.5660471572761905	2.389273152545879	0.01859896782840021	0.1215705306701192	-3.467006913282481	
SDF1	0.35935310918706614	0.06060809997049821	0.6580981184036341	6.425181817542857	-2.3840556384865006	0.01885112659125266	0.1215705306701192	-3.4783846378801027	
YBOX1	0.30054668063667356	0.04874400572161153	0.5523493555517356	6.490460699514285	-2.36563226580098	0.01976593106161745	0.1249206843094223	-3.518381652004908	
OMD	0.36171364471758977	0.05134235460976	0.6720849348254195	6.113993817638096	-2.3098245284178036	0.022781257903512684	0.13927752970890508	-3.637836444152677	
MIME	0.47718391681115696	0.06730803206067137	0.8870598015616425	5.8291502412	-2.3074328386834533	0.02291908716728818	0.13927752970890508	-3.6428983533819617	
OLFL1	0.36200369343073147	0.04974885196684742	0.6742585348946155	6.5171852788095235	-2.297732459131062	0.023485661929844796	0.14002772018548973	-3.663380251004868	
MUC18	0.35102833813638384	0.04658636944331224	0.6554703068294554	6.2032865693809525	-2.285247775883373	0.024232974328132824	0.14180777569796246	-3.689626331508745	
ITB1	0.2611664799088578	0.03385730975301873	0.48847565006469684	6.436304498657143	-2.2771734814781714	0.024727344168094495	0.14206983194759745	-3.706531756535807	
FRIL	-0.6677036925894455	-1.2594624436636017	-0.0759449415152893	6.373021250123809	2.23632401487711	0.0273665577049919	0.15281470509203154	-3.791228435002388	
SULF1	0.34950899661784707	0.03849232587035645	0.6605256673653377	6.338256381209524	-2.2272569854122963	0.0279847270978843	0.15281470509203154	-3.809839162373929	
CLUS	0.2825468240915957	0.031013478614784207	0.5340801695684072	6.5638514004857145	-2.226334936917946	0.028048268656132372	0.15281470509203154	-3.811727884166319	
CO1A2	0.4120514720604631	0.035257053477213196	0.788845890643713	6.048181467457143	-2.1674178593559073	0.03237869889460764	0.17152336546554128	-3.9309359581198646	
FRIH	-0.5392943800434891	-1.0338090389735428	-0.04477972111343531	6.405071025333333	2.1614359133574865	0.03284926850709232	0.17152336546554128	-3.9428761981749396	
LYSC	-0.4491013842100989	-0.8615397328294162	-0.036663035590781545	6.409898631333333	2.1581468512310407	0.033110523080373475	0.17152336546554128	-3.94942846710418	
APOA1	0.38240850919645925	0.028734013986708384	0.7360830044062101	6.640843504152381	-2.142986542207331	0.034338162437563914	0.17477780081120953	-3.9795119173303535	
CO1A1	0.41051830408300266	0.02975849534741215	0.7912781128185932	6.046394811171429	-2.1368648964537487	0.03484494130096899	0.17477780081120953	-3.991604426746825	
TSP2	0.3696285475039107	0.023700339057780517	0.7155567559500409	6.06767335692381	-2.1177523221804067	0.03646904937648665	0.18006593129640283	-4.029154816022304	
A1BG	-0.23894189188241838	-0.4647356590712072	-0.013148124693629581	6.942225885857143	2.0973745173828195	0.03827229888008085	0.183810057530493	-4.068849988234225	
FBLN3	0.33114163644562955	0.01802614280027026	0.6442571300909888	5.856512638933333	-2.096065603620088	0.03839070821839411	0.183810057530493	-4.071387652824924	
HSP72	0.31027428748102553	0.01179607209474065	0.6087525028673104	6.195534892657143	-2.060292047450273	0.04175134452803111	0.19626225427578436	-4.1401794937881204	
IC1	-0.2887638406088215	-0.5675099092806665	-0.010017771936976505	6.7275648039047615	2.053192631528723	0.04244749417251686	0.19626225427578436	-4.153701814852235	
CLC11	0.2980960733616128	0.00976478931645558	0.58642735740677	6.452799322466666	-2.0490857255773687	0.042854732737433926	0.19626225427578436	-4.161504625261905	
A2MG	-0.3121565835319639	-0.6161886289029488	-0.008124538160979022	6.606786190714286	2.034926728512404	0.04428450082358999	0.19991288943220625	-4.188295115012886	
IGLC2	-0.25992837634790494	-0.5142630665883212	-0.005593686107488727	6.682072161504762	2.025553564472896	0.04525328783990986	0.20140899940016221	-4.205935875459379	
APOE	0.2922601409875838	0.0031668241280685128	0.5813534578470991	6.540149486085714	-2.003674523076655	0.04758535449231482	0.203630329079969	-4.246820259097721	
IGHD	-0.37507953052283854	-0.7471046014733709	-0.003054459572306212	6.5819342956952385	1.9982360701902664	0.048180680423691155	0.203630329079969	-4.256919088251815	
F13B	-0.4278379247471101	-0.8528005504787946	-0.0028752990154256586	6.638198811	1.995373411300637	0.04849658470858131	0.203630329079969	-4.262224635983457	
S10AC	-0.748672019669535	-1.4932869616831437	-0.004057077655926444	5.888226121180953	1.9927622804964698	0.04878626816798887	0.203630329079969	-4.2670578666441425	
COEA1	0.41052342791077767	0.0018783759180579507	0.8191684799034974	5.797942783723809	-1.991073721654494	0.048974382943283684	0.203630329079969	-4.270180285025371	
C1QB	0.313834141473539	-0.002130895098044372	0.6297991780451224	6.309993939514285	-1.9685969077591245	0.05153778216248667	0.2102664863142922	-4.311509758469384	
LTBP2	0.2985715189592656	-0.0044812906450441	0.6016243285635753	5.9429967407047615	-1.9526558256899673	0.05342404837124127	0.2102664863142922	-4.340557586221608	
SPON1	0.32238896549936996	-0.005501133989762486	0.6502790649885024	6.253597512114285	-1.9487113010942725	0.053899713529917126	0.2102664863142922	-4.347711428923683	
HDGR2	0.22707867549616131	-0.0045673175055725435	0.45872466849789517	6.326886155266667	-1.942885462945194	0.05460879633203763	0.2102664863142922	-4.358252647481069	
S10AA	0.25655621141691	-0.005568499677289562	0.5186809225111095	6.599985529266666	-1.9398591939817649	0.05498023647420223	0.2102664863142922	-4.363716768049463	
ANXA4	0.25476077923173757	-0.005532731438316951	0.515054289901792	6.662506104371428	-1.9398353364243344	0.05498317318137332	0.2102664863142922	-4.363759812908661	
CD9	0.30141926324179996	-0.006861803410472989	0.6097003298940729	6.3858380047238095	-1.9378483592954059	0.05522822267115903	0.2102664863142922	-4.367343076376385	
C1QC	0.2705333173839317	-0.007076978737565409	0.5481436135054288	6.402476163485714	-1.931438247322993	0.056025067299415636	0.21076096745970643	-4.378879614855398	
PGS1	0.347173163940385	-0.011204366864708715	0.7055506947454787	6.181517881285714	-1.9199990467944281	0.05747120059533936	0.21365763986032046	-4.399378786250343	
CSPG2	0.2708050577831181	-0.009608415009237703	0.5512185305754739	6.058184915666667	-1.9140511258991533	0.058235483796006786	0.21398154511090864	-4.40999270063792	
ANXA2	0.23405486229280434	-0.010339717099564522	0.4784494416851732	6.598932894847619	-1.8981115729841427	0.06032596646857429	0.21911500464447675	-4.438285031103752	
B2MG	0.32489440539897824	-0.01621347506967802	0.6660022858676344	6.500469013352381	-1.8877571276966232	0.06171747159574818	0.21924438652255773	-4.456545638927659	
ADIPO	0.2584691426459223	-0.012932224333878639	0.5298705096257232	6.4568290675333335	-1.8875232510493543	0.06174921012818873	0.21924438652255773	-4.456957015738597	
PRDX2	-0.37426000836313644	-0.7715460598720333	0.0230260431457604	6.844003870657143	1.867092111626236	0.06457517990435051	0.22407311596025517	-4.492710505353057	
S10AD	0.3097788622617603	-0.02177404187709958	0.6413317664006202	6.374882607895238	-1.8518021442803916	0.06676014618472854	0.22407311596025517	-4.519229102420924	
LV861	-0.4163706211607331	-0.8626269528210289	0.029885710499562623	6.590232703514285	1.8492316841132976	0.06713346281239374	0.22407311596025517	-4.523667213740854	
HSP74	-0.20572411755455916	-0.426597425643921	0.015149190534802681	6.536814406561905	1.8460251390609346	0.06760160053836928	0.22407311596025517	-4.529195485742416	
MIF	-0.36271785279622315	-0.7522891282384734	0.026853422646027136	6.454049569752381	1.8453453009016139	0.06770120216552723	0.22407311596025517	-4.530366412191109	
RNAS1	-0.4221537767992113	-0.8759717468774559	0.03166419327903336	6.334286775895238	1.8436761123167713	0.06794627062897843	0.22407311596025517	-4.533239643218729	
CO8G	-0.26699687729234045	-0.5541541732463653	0.020160418661684387	6.581273518771429	1.842815962797984	0.06807284535501423	0.22407311596025517	-4.534719296889269	
A1AT	-0.26468281378497216	-0.5529648374763374	0.02359920990639308	6.968651209580952	1.8197168621068942	0.07154618194007764	0.233078283433655	-4.574212911323508	
IGHG2	-0.2611489225371915	-0.5469667367828862	0.02466889170850317	6.753397396342857	1.8109004775400384	0.07291013028249728	0.23509797111499123	-4.589163459389994	
FCG3A	-0.29357735889581904	-0.6189496116058014	0.03179489381416334	6.749129822047619	1.788288911149404	0.07650713528927267	0.24370813720252268	-4.6271956135301835	
IGKC	-0.39789854987949885	-0.8410434745490507	0.045246374790052946	6.461222733457143	1.7795992550955737	0.07792794004612338	0.24370813720252268	-4.641691904699259	
TSP1	0.3481839566995624	-0.04043286021886722	0.736800773617992	6.181679301590476	-1.7757540121459015	0.07856357337179434	0.24370813720252268	-4.64808542573919	
CO3A1	0.3891593215109157	-0.045714111338463315	0.8240327543602948	5.886685502628572	-1.7736184564918318	0.07891843236505434	0.24370813720252268	-4.651630612077701	
HV307	-0.23847480906714322	-0.5054301329437833	0.028480514809496787	6.84456737807619	1.770514802101172	0.07943651307550581	0.24370813720252268	-4.656775757203705	
CAD13	0.2921109612252598	-0.036701385375001894	0.6209233078255215	6.254081089238095	-1.760740589380536	0.08108642808934388	0.2463779930406987	-4.672923705800935	
HV551	-0.27629877463228897	-0.5894443383592993	0.036846789094721444	6.808384198495238	1.7487524419344478	0.08314846251860668	0.247254827009267	-4.69261426742571	
IGHA2	-0.3057834576329766	-0.6526195585186588	0.041052643252705634	6.618376730714286	1.7473718317827451	0.08338867755868451	0.247254827009267	-4.694873779280296	
IGHG4	-0.27902450241094895	-0.595855907742831	0.03780690292093314	6.706352919866666	1.7454594233426566	0.0837223623100999	0.247254827009267	-4.698000854171483	
HV374	-0.30329854434407033	-0.648608437647457	0.0420113489593163	6.615578298790476	1.7408323286004814	0.08453425231697115	0.24734096048298967	-4.7055534873704765	
CO5A2	0.3531727526649773	-0.05055937338216532	0.7569048787121199	6.195663140180953	-1.7337621602868567	0.08578727740993117	0.24832583420461973	-4.717057323116589	
HGF	0.2948896505595445	-0.04327773572675031	0.6330570368458394	6.2592436998	-1.7283171864464657	0.0867626116083159	0.24832583420461973	-4.725886691882337	
SRP14	0.27740094597173187	-0.04118716473816386	0.5959890566816276	6.339334413180953	-1.7257346211711964	0.0872283784706101	0.24832583420461973	-4.730065316160264	
GRP75	0.28155943016639545	-0.04638315380743335	0.6095020141402243	6.507312743628572	-1.7016408464382062	0.09167298172639236	0.25707767414818145	-4.76876481601992	
MFGM	0.2830076056914663	-0.046885801229044344	0.6129010126119769	6.118513081209524	-1.7002786819980806	0.09192967461628007	0.25707767414818145	-4.770937364031463	
HV309	-0.22061352304252085	-0.47861266883360726	0.03738562274856555	6.723881602285714	1.694765055242792	0.09297467607711296	0.25771927754708507	-4.779714361109869	
FCN3	-0.31605104444165083	-0.6867244370473434	0.05462234816404177	6.727822575485714	1.6899017492988881	0.09390442607689346	0.25803303165476815	-4.787433736416576	
TIMP1	-0.3774108489466399	-0.8222954886628075	0.06747379076952781	6.52045149427619	1.6813673408541872	0.09555426662530987	0.26030300218618896	-4.800929371901446	
S10A4	0.2476097488270111	-0.04673848945584058	0.5419579871098628	6.269511071028571	-1.6672546501293817	0.0983340405267415	0.26558595561068643	-4.823104027454894	
LV310	-0.2616666852046248	-0.5755014030942822	0.05216803268503262	6.700435867514286	1.6525061550572788	0.1013086461332598	0.2713011201534754	-4.84608830978701	
APOB	-0.27354710248823916	-0.6041818052292376	0.05708760025275933	6.544343559095238	1.6397563570051066	0.10393831166565515	0.2720351746489615	-4.865801597572671	
LUM	0.24591151630636507	-0.05333549779712857	0.5451585304098587	6.273350901523809	-1.6287134417354547	0.10626011509945385	0.2720351746489615	-4.882758568200748	
AACT	-0.2817065344975993	-0.6246224895707426	0.06120942057554407	6.693456242142857	1.6281891913231776	0.10637136854465823	0.2720351746489615	-4.883560875033604	
LTBP1	0.2381825681326224	-0.051992097839246076	0.5283572341044909	6.030402518638096	-1.6268447832789126	0.10665709908780782	0.2720351746489615	-4.885617219839021	
CRIP2	0.3569368951109215	-0.0794034164893136	0.7932772067111566	5.693022194819048	-1.6212938775723735	0.10784338327178224	0.2720351746489615	-4.894090533890516	
A1AG2	-0.31677906127849226	-0.704112495255901	0.07055437269891651	6.734440325342857	1.620940673487803	0.1079192234856021	0.2720351746489615	-4.894628759118684	
FBLN5	0.2879693982157699	-0.0646808569834163	0.6406196534149561	5.673149259257142	-1.6184443654116745	0.10845645346367586	0.2720351746489615	-4.89842954532068	
VINC	0.2601648492247812	-0.058447784618448406	0.5787774830680108	5.891728044790476	-1.6183828392546273	0.10846972153724413	0.2720351746489615	-4.898523152433636	
SFRP3	0.2982423440935534	-0.06868614304673076	0.6651708312338376	5.82558373312381	-1.6109553832244976	0.11008103713163238	0.2739024230991798	-4.909798563462067	
CATL1	0.25013928394762047	-0.059467245685650316	0.5597458135808913	6.749681784085714	-1.601280553564421	0.1122085885997938	0.27658161747610016	-4.924411637680365	
ANT3	0.1797651371818313	-0.04318861090049772	0.40271888526416033	6.77450516212381	-1.5980351636246282	0.11292958829207604	0.27658161747610016	-4.929294778033378	
LG3BP	-0.28717988218326973	-0.6452424407947727	0.0708826764282332	6.311000720133333	1.5896105663358286	0.1148184889697337	0.27658161747610016	-4.9419267233434665	
KV320	-0.24634188320335795	-0.5540201180120199	0.06133635160530396	6.653940827257143	1.5868545463668982	0.11544186530162324	0.27658161747610016	-4.94604532695368	
KVD11	-0.2510883851644685	-0.5647753517278953	0.0625985813989583	6.8454075974	1.5864478034293061	0.11553409337609247	0.27658161747610016	-4.946652588074325	
DEF1	-0.5223728542191873	-1.182955762221677	0.13821005378330253	5.994043655923809	1.5672883531412265	0.11994538692595257	0.2849830245759475	-4.9750892172630135	
ANXA6	0.20832050355615203	-0.0589813393061199	0.47562234641842394	6.4530001094095235	-1.5446343990190827	0.12533263901405486	0.2942990885465568	-5.008287017807177	
TETN	0.24794624654785205	-0.07053786838906503	0.5664303614847691	6.393410330476191	-1.5429981344954826	0.12572904099299104	0.2942990885465568	-5.0106669775171415	
IGJ	-0.2799795516432098	-0.6425000909880418	0.08254098770162216	6.655030959257143	1.5306973660306198	0.12874081510600893	0.2991330703933737	-5.028481368011535	
PGBM	0.18327108075546894	-0.05552126754749831	0.4220634290584362	6.066891822190476	-1.521139952167925	0.13111989948384345	0.3024371404152885	-5.042228631409928	
AFAM	-0.20698317070427263	-0.4824447399571343	0.06847839854858906	6.9758307772	1.4892570230477404	0.13930695707424604	0.31766183718917895	-5.087492517770185	
HDGF	0.21544518087626313	-0.07158847190617618	0.5024788336587025	6.496995364257143	-1.4876460206739932	0.13973099800410085	0.31766183718917895	-5.089755266975949	
HMCN1	0.19989544549121827	-0.06762227623012504	0.46741316721256154	6.311635521761905	-1.4809690431362843	0.14149922655778224	0.31938396851613704	-5.099108454039894	
HTRA1	0.2195689598658115	-0.0770319796215285	0.5161698993531515	6.412700538838095	-1.4672160219607764	0.14519624609943158	0.32540435296042824	-5.1182466926404855	
HV169	-0.25489845513232967	-0.602975694119522	0.09317878385486267	6.656387018838095	1.4514003268669748	0.14953997629136176	0.3306158212185424	-5.140043432643981	
CYTC	-0.18796826921646395	-0.4446960241315938	0.06875948569866594	6.599399409247619	1.4511334670038347	0.14961412162737836	0.3306158212185424	-5.14040926549268	
PTN	0.29060700328268146	-0.10959505881198683	0.6908090653773498	5.811066644914286	-1.4392041167394471	0.1529577479196552	0.3356572801570211	-5.156696958517247	
HSPB1	0.2153666107859786	-0.08884993539233896	0.5195831569642961	6.0032344082952385	-1.403108258499733	0.1634262293500068	0.3561564722386355	-5.205192710113368	
CADH1	0.19210857719605465	-0.08160173756616976	0.4658188919582791	6.463218598828571	-1.39107719208143	0.16703454221314798	0.36152681739284087	-5.221093273448538	
LEG3	0.22057137087198103	-0.09928329763730781	0.5404260393812699	6.532883302095238	-1.366759455304594	0.17451269865851105	0.3720866674670707	-5.252829182825205	
CD5L	-0.24394511481779502	-0.597761329031048	0.10987109939545792	6.5394258147904765	1.3665012483674264	0.1745934402022977	0.3720866674670707	-5.253163260131434	
HV102	-0.22033040987354466	-0.5418468396319301	0.1011860198848408	6.874146716304762	1.3582099581899987	0.17720118944553245	0.3720866674670707	-5.263858445585992	
F13A	0.24381938513514884	-0.1123056553018606	0.5999444255721582	6.477906302342857	-1.3569422307063583	0.17760249006881476	0.3720866674670707	-5.265488188615553	
CO4B	-0.19993472000723067	-0.492096163893023	0.09222672387856168	6.813760029590476	1.356316219361699	0.17780090755546732	0.3720866674670707	-5.26629242357365	
BCAM	0.23711532238946725	-0.11065589741142084	0.5848865421903553	6.1878801706380955	-1.3513306242044667	0.17938709338426012	0.3729363257199092	-5.27268461454002	
HS90A	0.1932513827779299	-0.09216982425894868	0.4786725898148084	6.438194987638095	-1.3419366379931867	0.1824047698450369	0.3760027016363277	-5.284667173504309	
CO5A1	0.18304184501698095	-0.08782223290217872	0.4539059229361406	6.273043979180953	-1.3393516305679343	0.18324182294934957	0.3760027016363277	-5.287950329739091	
IGLL5	-0.19983230734748555	-0.5003724994076504	0.1007078847126793	6.697543739561905	1.3178281552038025	0.19032368768388747	0.38718724651881176	-5.315049189233436	
DCD	0.21935277558297647	-0.11191570317896557	0.5506212543449185	6.528568016847619	-1.312377147457019	0.19214924841847678	0.38718724651881176	-5.32184483535087	
CO4A1	0.24189776383823666	-0.12442346925744588	0.6082189969339192	6.175635878266666	-1.3087762333008275	0.1933623458524581	0.38718724651881176	-5.326319064903957	
PEDF	0.1982686953146561	-0.10271888414920197	0.4992562747785142	6.437689149971429	-1.3055731591554036	0.19444620098089554	0.38718724651881176	-5.33028897074922	
OLFL3	0.20768030105842955	-0.10786029882749965	0.5232209009443587	6.538034499561904	-1.3044748080334017	0.1948188993559844	0.38718724651881176	-5.331648104903026	
LV319	-0.23809626435866862	-0.6046987210008302	0.128506192283493	6.7136174724	1.2872202084344617	0.20074371959061624	0.3948121234204873	-5.352854118047226	
HV330	-0.17296937485785896	-0.44131909781463347	0.09538034809891555	6.878072434523809	1.277508219727676	0.20413668435590082	0.3948121234204873	-5.364669904802124	
HS90B	0.16691377169007224	-0.09222452236721293	0.42605206574735743	6.429563923495238	-1.2766040386644322	0.20445470737051408	0.3948121234204873	-5.365765535845439	
ANXA7	0.16895948133396288	-0.09383142775200304	0.4317503904199288	6.4200642546285716	-1.2742888087322626	0.20527069666972347	0.3948121234204873	-5.368567561739307	
KV315	-0.21341059024767053	-0.5459428458722765	0.11912166537693539	6.772315287047619	1.2719728085623998	0.20608935596224978	0.3948121234204873	-5.371365587014603	
MMP2	-0.15987556809926642	-0.4090251906071807	0.08927405440864783	6.456314699266667	1.2717961496041896	0.20615189988727978	0.3948121234204873	-5.371578811157039	
HV439	-0.18920163863946565	-0.4882260744977599	0.1098227972188286	6.802867391438095	1.2540471118740977	0.21250717147851808	0.40453172401934767	-5.392855165123425	
KV401	-0.1843351051302524	-0.48098946328315817	0.11231925302265341	6.820503359580952	1.2315525750515022	0.22076622127895246	0.417737280982928	-5.41940312128769	
PRELP	0.20005404487229347	-0.12299031858766926	0.5230984083322562	6.127387678761905	-1.2273849891312436	0.22232166805840825	0.4181764708717679	-5.424270451347485	
FCGBP	-0.22810964588719335	-0.5977440601519144	0.14152476837752764	6.141543598276191	1.22311386744779	0.22392399562005116	0.4185352658886387	-5.429242069178776	
PXDC2	0.13798174604557562	-0.08620902220978982	0.36217251430094105	6.374496046323809	-1.2198306731516562	0.22516137721857146	0.4185352658886387	-5.433052284007271	
FIBB	-0.22289279069228896	-0.5931256176786511	0.14734003629407322	6.523510539266667	1.1932095954647723	0.23537754735323888	0.43496669569370455	-5.463578851421762	
CO4A2	0.19108907186421162	-0.12735604904884298	0.5095341927772662	6.410307154723809	-1.1893149837712285	0.23689961361693881	0.43523417385437596	-5.467989885688121	
LBP	-0.25714534782749815	-0.6876305198039251	0.1733398241489288	6.571756168628571	1.183902979216917	0.23902638782538488	0.4366031130220903	-5.474096213903906	
MMP9	-0.33093378861710937	-0.8872731661007218	0.22540558886650303	6.5297809340380955	1.1789542425713253	0.24098303107668356	0.43678115536106366	-5.47965610954392	
C1QA	0.1615286717677268	-0.11054653895179897	0.43360388248725257	6.357998751009524	-1.1766743495820395	0.2418882980638802	0.43678115536106366	-5.4822099348574	
CO9	0.1824755995570835	-0.1264829255817155	0.49143412469588255	6.875768597219047	-1.170577722244294	0.2443209683697594	0.4386671932093407	-5.489015430548067	
ITIH4	-0.15410420596945562	-0.4161090155331034	0.10790060359419218	6.886205835704762	1.165737767797476	0.2462645649253601	0.43965877127917397	-5.494393616772763	
DERM	0.24624023246371096	-0.18130997675793847	0.6737904416853604	6.348787466761904	-1.1414779531118107	0.2561721616706434	0.45462486669151736	-5.521023985081327	
TINAL	0.21784740846227268	-0.1614874911140089	0.5971823080385543	6.332710246733333	-1.138217440811551	0.25752484537272663	0.45462486669151736	-5.52456147019967	
ITB3	-0.19645992504499987	-0.5407589893817585	0.14783913929175874	6.623116320542858	1.1309249102819512	0.2605684481013837	0.45631342406574465	-5.532437753186857	
HEMO	-0.18268055230928593	-0.5033724213880099	0.138011316769438	6.7572854526	1.1290157637186822	0.26136939796170816	0.45631342406574465	-5.534491564606662	
HSP7C	0.13288568755228275	-0.10155920317900563	0.36733057828357113	6.485172679409524	-1.1233965189979886	0.26373686399768353	0.4579167528750989	-5.54051695271091	
ITA1	0.14508966643276472	-0.1180820837166836	0.40826141658221304	6.454695740428572	-1.0926796433078618	0.27694317409893127	0.4761699496892292	-5.572935021955147	
SAMP	0.16573662786705826	-0.13508735514371387	0.4665606108778304	6.741071258285714	-1.0919473024065858	0.27726351500891827	0.4761699496892292	-5.573697205349536	
C1QBP	0.20215279135932368	-0.17468726769467807	0.5789928504133255	6.270431237142857	-1.063208201226414	0.29003693198652386	0.49443076954778137	-5.6032128051921966	
HPTR	-0.18515959528870446	-0.5310338988856715	0.16071470830826257	6.7083955646952385	1.0610199838957124	0.29102570612622575	0.49443076954778137	-5.605428595459207	
CYTB	-0.20072641901523172	-0.5785852888140128	0.17713245078354936	6.498797044228572	1.0528598249233683	0.2947332274055047	0.49613247781594016	-5.613652178410919	
IGHG3	-0.16903100618025246	-0.4875123149302607	0.14945030256975578	6.7625585702	1.0519087460107033	0.2951674235107492	0.49613247781594016	-5.614606605493579	
CD14	0.15196620586875031	-0.1410844231269865	0.4450168348644871	6.6649869868666665	-1.0277796190212514	0.30632845640243517	0.5111196049326606	-5.638538072277781	
CATD	-0.20876182853420247	-0.6124502077599298	0.19492655069152479	6.67194545492381	1.0249448155296392	0.3076580838176408	0.5111196049326606	-5.641313938512697	
HRG	-0.11640846897695095	-0.3421090304271834	0.10929209247328148	6.9870059071714286	1.0222275385044732	0.30893621690550055	0.5111196049326606	-5.6439676684466	
PON1	-0.2562456975898694	-0.7574708943057606	0.24497949912602174	6.500545573914286	1.013256330809773	0.3131812661202697	0.5133153187524492	-5.652680034534921	
ICAL	0.15925965756140836	-0.15320208936641694	0.47172140448923366	6.411921255828571	-1.0101934765370866	0.31463943904219366	0.5133153187524492	-5.65563727584013	
FA12	-0.13556969279861364	-0.4018272576643241	0.1306878720670968	6.725503559314285	1.0091513251282898	0.31513661974042767	0.5133153187524492	-5.656641490186574	
IPSP	-0.1461233853122884	-0.43464465577639677	0.14239788515181995	6.460595637790476	1.003777664781497	0.3177085422405235	0.5148507658872072	-5.661803400405101	
S10AB	0.14587238950255413	-0.14315224277868507	0.4348970217837933	6.733841130057143	-1.0003083138843907	0.31937641968486163	0.5149130031653891	-5.665121680333355	
SERPH	-0.18049827860865458	-0.5407310403197565	0.17973448310244727	6.527694382971428	0.993082880915528	0.32286863244600017	0.5152011698260106	-5.671996303900456	
CO6A2	0.1509574958922792	-0.15206433530703795	0.45397932709159633	6.363919604819047	-0.987361987571124	0.3256515084723206	0.5152011698260106	-5.6774047464757675	
PCOC1	0.11660614210617329	-0.11761397350259464	0.35082625771494125	6.520528831066667	-0.9867175997434466	0.3259659530478649	0.5152011698260106	-5.67801201896707	
COIA1	0.12885259056120818	-0.13002578137220955	0.3877309624946259	6.353601849838095	-0.9864907657577369	0.32607668976329784	0.5152011698260106	-5.678225695212399	
FIBG	-0.1911404937327036	-0.5790735853207749	0.1967925978553678	6.489657814285715	0.9765433222599645	0.3309572501133611	0.5181940971282635	-5.687548696047262	
ANX11	0.11914744050173809	-0.12281809184248876	0.36111297284596494	6.41429274972381	-0.9759483861275208	0.3312506570250292	0.5181940971282635	-5.688103345577143	
TIMP2	0.122562347820871	-0.127590111177179	0.372714806818921	6.417954258742857	-0.9710641790731019	0.33366586457823344	0.5194010502794176	-5.692644266667766	
KV240	-0.16303863961426635	-0.49842882784522446	0.17235154861669177	6.784646899485714	0.9634647464775264	0.3374465751313258	0.5208187555045896	-5.699665081396616	
LAMB1	0.14050134589794935	-0.14878317188861248	0.4297858636845112	6.404754120380952	-0.9626112474717582	0.33787292683050907	0.5208187555045896	-5.700450210908466	
HV349	0.15859748321470055	-0.17245803202275226	0.4896529984521534	6.894215228857143	-0.9494915462856544	0.34447077471973986	0.5284114796671737	-5.712432926175373	
POSTN	0.16124819140545701	-0.17918448573123866	0.5016808685421527	6.231931174809524	-0.9387701041971661	0.34992401450260935	0.5313511368968183	-5.722105210472524	
LEG1	0.15573460913677548	-0.17358827937418672	0.48505749764773765	6.1261754994	-0.9372573607475359	0.3506978872099422	0.5313511368968183	-5.7234612296308045	
S10A6	0.1375437520439023	-0.1538247673892852	0.42891227147708977	6.548190190085714	-0.9356078967910543	0.3515429546101664	0.5313511368968183	-5.724937354029882	
IBP7	0.19449405108762116	-0.21886730135754182	0.6078554035327841	5.568171796361905	-0.932549924800645	0.35311309730484763	0.5313511368968183	-5.727667204403177	
CO8A	-0.13505177324793127	-0.42410442062287695	0.1540008741270144	6.756474895866667	0.9260170395507517	0.35648250258061254	0.5338790086041401	-5.733469661064843	
IGHM	-0.1621851323236121	-0.5215240142812247	0.1971537496340005	6.5070154562095235	0.8945455628953564	0.37300074474244915	0.5559822421632732	-5.760859840779055	
SAP	-0.16233979083589026	-0.5242414648993051	0.19956188322752463	6.385197668333333	0.8890578657319812	0.37592950139786063	0.5577170067686571	-5.765540415887314	
BGH3	-0.12251659529390528	-0.39903376507828564	0.15400057449047505	6.556181675542857	0.8781494928281287	0.38179384535649463	0.5637703510871602	-5.774760149141808	
ALBU	-0.12806282516502804	-0.41902835793485566	0.16290270760479958	6.928138756104762	0.8723226933816138	0.3849495201323665	0.565786271450362	-5.77963899499757	
PRDX1	-0.11068858832007186	-0.36367840946982755	0.14230123282968385	6.598244662828572	0.8671524176049468	0.3877631302487451	0.5672830979564975	-5.783941322097788	
HV315	-0.13499731766893555	-0.4449180434031532	0.1749234080652821	6.704903423990476	0.8633167310641608	0.3898586591838128	0.5677204437884094	-5.7871168124046335	
LAMC1	0.10983211915520143	-0.14401764124520028	0.3636818795556031	6.307875245247619	-0.8575278705233551	0.3930344436175821	0.5697196522163117	-5.791883019300764	
FINC	-0.12930596759550808	-0.4315004211064375	0.17288848591542136	6.317706541771429	0.8480622231638526	0.39826144188015766	0.572254376159652	-5.799608350895504	
CO6A1	0.11949127756955939	-0.15985100403024344	0.39883355916936225	6.343556120380953	-0.847803425713148	0.39840494542760585	0.572254376159652	-5.799818379226778	
A2AP	-0.14148870036144878	-0.4775284688443075	0.19455106812140993	6.601032057838095	0.8345007266661147	0.4058237692907869	0.5802729008863741	-5.810529081080633	
HS71B	0.10856885482876955	-0.15242345294047516	0.36956116259801425	6.252183718580953	-0.8244668304627631	0.41147456830230333	0.5850153627558637	-5.8184973114598115	
TRFE	-0.1241916580485558	-0.42361815023603966	0.17523483413892804	6.90131965732381	0.8220492573721621	0.4128431199194861	0.5850153627558637	-5.820402959334017	
SRPX2	0.11287029774175045	-0.16097900898172468	0.3867196044652256	6.402433890228571	-0.8168901576630986	0.41577273614025445	0.5865365384835732	-5.824451137503044	
CO8B	-0.1212419069303494	-0.4167789140456677	0.17429510018496885	6.666311199123809	0.8130860802126809	0.4179408477784514	0.5869747017688473	-5.82741995670475	
RNAS4	-0.14113387192008212	-0.48705222297868134	0.20478447913851708	6.337604091409524	0.8086364112633306	0.42048545907113666	0.587935420648138	-5.830875251723518	
KLKB1	-0.08935911649338678	-0.30943936293531576	0.13072112994854224	6.8268416704	0.8047360205800633	0.42272352549615444	0.5884609429814308	-5.833888615713121	
CFAD	-0.15003658968636932	-0.521867720133633	0.22179454076089442	6.429207446819047	0.7997367911150643	0.42560243170301193	0.5898700369217184	-5.837729877557541	
COFA1	-0.11566944717078242	-0.4083266651920731	0.17698777085050826	6.364948704247619	0.7833485766069797	0.43512091464126423	0.6004288603783384	-5.850156261368334	
TTHY	0.10157789871167933	-0.15889430810561034	0.362050105528969	6.879229289942857	-0.7729180928815507	0.4412434054649512	0.6062300701170634	-5.857932768489236	
APOA2	0.117308937450408	-0.18928518205948158	0.42390305696029756	6.82713488172381	-0.7583381746961149	0.44988483274445334	0.6154268707673042	-5.868630185309795	
VTDB	-0.0820048509703785	-0.2997254661818333	0.1357157642410763	6.869105797085714	0.746509999492418	0.45696621509844104	0.6224194998754627	-5.87716058711867	
CXCL7	-0.12612018171552647	-0.4690260586190275	0.21678569518797458	6.583859392552381	0.7289626856048697	0.46758760972569524	0.6341531531043765	-5.88957114704635	
CATB	-0.11175110418483784	-0.41924045840773616	0.19573825003806045	6.754435434914286	0.7203065718984797	0.4728778308081538	0.6385871561340881	-5.895585670464071	
CO3	-0.08271203613722158	-0.31341545830949713	0.147991386035054	6.7829546646	0.7105756384188433	0.4788646027415593	0.6420170930628628	-5.902262071601822	
CD59	0.10971186083086361	-0.19673095945876956	0.41615468112049675	6.565942618657143	-0.7095773908540804	0.47948112013555577	0.6420170930628628	-5.9029418842336945	
FHR1	-0.14035362413938696	-0.5360579070426638	0.25535065876388985	6.69924286352381	0.7029889830238092	0.48356111063813134	0.6447481475175084	-5.907404889404661	
PLTP	0.15974159994269016	-0.2929266499854926	0.612409849870873	6.718608779333334	-0.6994128937537812	0.4857836412584883	0.6449900446961441	-5.909810074864148	
CFAH	-0.08260066845965663	-0.3197088784601072	0.15450754154079394	6.631909951609524	0.6904505956587151	0.4913782235973513	0.6487775739863955	-5.915784491128466	
GANAB	0.09201400373636999	-0.1729509650232967	0.35697897249603666	6.61772687192381	-0.688273593414622	0.49274246125549026	0.6487775739863955	-5.917224191975638	
CO6	0.07266837084911369	-0.13925139813716741	0.28458813983539477	6.88273286692381	-0.6796253827626638	0.4981822074917335	0.6532181641800323	-5.922898945690879	
GELS	0.0761891666003788	-0.14899769815196462	0.30137603135272223	6.511904591533333	-0.670572605242992	0.5039109444792159	0.6579994151050919	-5.928762971903858	
CFAB	-0.0984338575434284	-0.3929580808755502	0.1960903657886934	6.671544103761905	0.6623981704868147	0.5091139805413942	0.6599680734559185	-5.933991059960217	
ANXA5	0.09914236173700616	-0.19784001689165795	0.39612474036567025	6.545679259819048	-0.6616437548040043	0.5095956010229243	0.6599680734559185	-5.934470353575208	
CO6A3	0.09180652983864623	-0.18919408280421934	0.3728071424815118	6.487201686619048	-0.647533056196091	0.5186482708754776	0.6679498527020044	-5.94333530578211	
LAMA5	0.12139204837769643	-0.2513578799671914	0.4941419767225842	6.165037964009524	-0.6454584782903587	0.5199862777363704	0.6679498527020044	-5.944622662433769	
ITGBL	0.0895067539534307	-0.18701699551594292	0.36603050342280435	6.436371666457143	-0.6415330116065563	0.5225229514936114	0.6684909015059968	-5.947047353786622	
THIO	-0.09201449028500643	-0.391461692226879	0.20743271165686616	6.2668504964	0.6090200687005176	0.5437781524927565	0.6926299301150607	-5.966565686863725	
PROS	0.10039610204687398	-0.22795639580952987	0.42874859990327785	6.640842407752381	-0.6059993600178141	0.5457748499957282	0.6926299301150607	-5.968327940201296	
LAMA4	0.07355160968483951	-0.18427656959965408	0.33137978896933307	6.595160540285714	-0.5654021278672405	0.5729620525599753	0.7242240344358088	-5.991167344697089	
FHR5	0.11355632451223667	-0.29625951790377686	0.5233721669282502	6.421263051266667	-0.5491844385393554	0.5840020087993096	0.7352375887672583	-5.999851379988999	
TAGL2	0.10582633934737061	-0.2826502568108844	0.49430293550562565	6.003901193190476	-0.5399139547246014	0.5903575355667092	0.7402896080915877	-6.004702553432618	
FHR2	-0.09120272333881554	-0.44333681923301926	0.2609313725553881	6.719164565980952	0.5133284882066811	0.6087602799493946	0.7603488081581371	-6.018158957734743	
LV321	0.07363460544416857	-0.21368228971207565	0.36095150060041276	6.751354103361905	-0.5079447056975672	0.6125182997423945	0.7620306406243963	-6.020801703550124	
SOST	0.12216508584286849	-0.3679474791975639	0.6122776508833009	5.7970361638190475	-0.4940227017122671	0.6222840580091222	0.7711441660034613	-6.027507057286854	
PDIA1	0.05419326041622384	-0.17162973591933095	0.28001625675177866	6.61201588	-0.47563384804326736	0.6352869247645294	0.780141549969184	-6.036079507066699	
MANF	-0.07761082562107498	-0.4029105806636101	0.24768892942146015	6.6748365	0.4728617725011816	0.6372571374518743	0.780141549969184	-6.037343705508633	
ANGI	-0.0768481266663687	-0.4016430260595009	0.24794677272676352	6.380601962047619	0.46894263920360985	0.6400470429921892	0.780141549969184	-6.039118461886707	
TRYB2	0.13819162168368765	-0.44657727576201695	0.7229605191293922	5.9653306931714285	-0.46837433179659993	0.6404520327394828	0.780141549969184	-6.039374595491631	
FBLN4	0.053088659880925794	-0.17376124501209775	0.27993856477394935	6.265339039361905	-0.46382996236630925	0.6436943585524039	0.780141549969184	-6.041411597240846	
APOM	-0.08208837175972712	-0.4342729614047742	0.27009621788532	6.694538566828571	0.4619627214971495	0.6450286016345339	0.780141549969184	-6.042242850105191	
CO2	-0.06734213958449722	-0.35827464260625175	0.22359036343725733	6.665316806857143	0.45876503002555336	0.6473162140907393	0.780141549969184	-6.043658632692818	
ANXA1	0.050163039401062655	-0.16957553370563516	0.26990161250776046	6.563522365847619	-0.4524526969459006	0.6518419373507431	0.780141549969184	-6.0464246755834115	
CO4A	-0.08114888408909847	-0.4388433644866455	0.27654559630844855	6.8067434191047615	0.44964104872268884	0.6538619971027875	0.780141549969184	-6.047644442134209	
LV147	-0.05967594409082257	-0.3230222051698328	0.2036703169881877	6.700030691333334	0.4491255688369086	0.6542326289298537	0.780141549969184	-6.047867249197403	
COMP	0.06849779085232899	-0.24905088266087588	0.38604646436553386	6.551518415352381	-0.42752537915516114	0.6698399708467493	0.7929572741478903	-6.056974659045766	
IGLC7	0.09868205771532321	-0.3611880252903551	0.5585521407210016	6.275051150866667	-0.4253032271351303	0.6714539769902585	0.7929572741478903	-6.057886227785606	
ZA2G	-0.06189663577378662	-0.3513291485427733	0.22753587699520006	6.97801080967619	0.42385310432801476	0.6725080679482107	0.7929572741478903	-6.058478542921813	
AMBP	-0.0426937130132642	-0.2455166538961947	0.16012922786966627	6.636112199628571	0.417198260959551	0.6773538043625441	0.7957018668348101	-6.061170914180074	
CATS	0.07219116802377827	-0.27841712796508594	0.4227994640126425	6.858296277619048	-0.4080914718702479	0.6840068918466689	0.8005413993464716	-6.064786457436973	
PA2GA	-0.08675820803745711	-0.5147422939273656	0.3412258778524514	6.172788160514286	0.401771004890351	0.6886390955009907	0.8029887608055832	-6.067249027219089	
CO7	0.04760411246844933	-0.20060436942707513	0.2958125943639738	6.869050293561905	-0.3801224264538674	0.7045940927778589	0.8167340810997774	-6.075393273091951	
PGCA	0.07030192693711029	-0.2978169743290002	0.43842082820322076	6.025189294247619	-0.37850772758935003	0.7057895299171377	0.8167340810997774	-6.07598270454037	
APOA	-0.09210681298561722	-0.5785488592954966	0.3943352333242622	6.240958445933333	0.3752807494762099	0.7081808171561361	0.8167340810997774	-6.077153186650279	
C1S	-0.050462068829632195	-0.3197981662248217	0.2188740285655573	6.679552811685714	0.3713352067795525	0.7111085484112343	0.817128368356182	-6.078570723841718	
PRG4	0.0448615556877679	-0.20664141928770752	0.2963645306632433	6.706236344580953	-0.3535304628012609	0.7243735301242015	0.8293552011566944	-6.084781654351922	
ECM1	-0.0657516582940591	-0.44015737142208683	0.3086540548339686	7.163243833028571	0.3480646212077522	0.728462829702004	0.8298589915198039	-6.086627272244424	
MSRE	0.05517503384227914	-0.2638870925539343	0.3742371602384925	6.7110367301142855	-0.3427385788266628	0.732455089920804	0.8298589915198039	-6.088398085630859	
PLF4	-0.08558403207701064	-0.58094935378257	0.40978128962854865	6.204968656009524	0.3424228847062153	0.7326919577026116	0.8298589915198039	-6.0885021929732215	
FIBA	-0.05647813063710196	-0.4128050990025677	0.2998488377283638	6.452147487238095	0.31414290777728276	0.7540128495440742	0.8509573587711695	-6.097439739248311	
MMP12	-0.07944433379687926	-0.602820678308835	0.44393201071507643	6.398378558190476	0.30084616277014437	0.7641048054790793	0.8592780018910643	-6.1013764124137655	
PGS2	-0.055084420314015864	-0.4462356191341008	0.33606677850606903	6.295161865590476	0.27911280187249005	0.7806870494927204	0.8682150669962617	-6.1074449494204215	
HV372	-0.04547504029504052	-0.37113078448817427	0.28018070389809324	6.778635228752381	0.27676424815903	0.7824851837484741	0.8682150669962617	-6.108073540222567	
LRP1	0.03035067798416033	-0.18951138359651754	0.2502127395648382	6.495464999714286	-0.27359851739130586	0.7849108412427058	0.8682150669962617	-6.108912455574431	
FBN1	0.03934078236735762	-0.24620114016614897	0.3248827049008642	6.315305564771428	-0.2730667062032599	0.7853185360734107	0.8682150669962617	-6.109052439531507	
ITIH1	-0.027848346661147477	-0.23043204614682913	0.1747353528245342	6.646625817190476	0.27245234946126856	0.7857895859523129	0.8682150669962617	-6.109213812655216	
PLMN	-0.050870572042737254	-0.42717027537150354	0.325429131286029	6.7583263780095235	0.2679343431848998	0.7892561392607573	0.8690067596041788	-6.110389408122927	
CD44	-0.037610307618401125	-0.34257771260613284	0.2673570973693306	6.6202351189333335	0.24442695634829079	0.8073596027871797	0.8828882783196866	-6.11618926444718	
CAPG	-0.04613844635227528	-0.4214029203741104	0.3291260276695599	6.4770719238190475	0.24368071075350392	0.8079360732813159	0.8828882783196866	-6.116364676643788	
CATG	-0.0573961030685817	-0.5300199624746496	0.4152277563374862	6.516205339666667	0.24069241426132948	0.8102455718756618	0.8828882783196866	-6.1170617361753425	
KVD20	-0.03976645969098984	-0.38275267898964604	0.30321975960766634	6.6398633439238095	0.2297925243821824	0.8186835883719041	0.8886705134890456	-6.119531455857479	
RARR2	0.037822746248967816	-0.2952974911734784	0.37094298367141404	5.8981489933999995	-0.22503376187888816	0.8223742764196945	0.8886705134890456	-6.120573856301147	
PEPD	-0.03682233306813324	-0.3641573049113734	0.29051263877510686	6.465790619980952	0.2229536227890054	0.8239887988996529	0.8886705134890456	-6.1210226632807885	
LECT2	-0.030043547284095834	-0.32396440058040443	0.2638773060122127	6.350996791952381	0.20258927392561124	0.8398336711883168	0.900642446621948	-6.125196498378454	
GRN	-0.030545366082602266	-0.3498569677374042	0.28876623557219966	6.740544365828572	0.18959473585747408	0.8499792583909103	0.900642446621948	-6.1276512116873425	
CFAI	0.02529210702420752	-0.24167964859444746	0.2922638626428625	6.914782320142857	-0.18776529851417112	0.8514096716928212	0.900642446621948	-6.127983745286436	
SFRP4	-0.03777247108761953	-0.43802301539419547	0.36247807321895636	6.365270343323809	0.18704198587221343	0.8519753574750835	0.900642446621948	-6.128114331752592	
CMA1	0.05573593124155011	-0.5420666390752792	0.6535385015583793	6.2025201239714285	-0.18478772655268882	0.8537388546082422	0.900642446621948	-6.128518083452487	
TENA	0.03234475591521803	-0.3190649084593855	0.38375442028982154	6.544579106838095	-0.182425613549277	0.8555875203629902	0.900642446621948	-6.128935903302478	
ITB2	-0.04149437988172959	-0.495191261585804	0.4122025018223448	6.595229356428572	0.18126715681545794	0.8564944603454787	0.900642446621948	-6.12913885239642	
CBPB2	0.026296016431885443	-0.264078557693536	0.3166705905573069	6.872702312561905	-0.1794845271370966	0.857890431750653	0.900642446621948	-6.129448625955146	
ITIH2	-0.022970408699534258	-0.2900321291256778	0.24409131172660925	6.870448328085714	0.17047186741209105	0.8649550254130527	0.9050522782467704	-6.130967947355719	
HEP2	0.02144016081463747	-0.24295230707404408	0.285832628703319	6.743435623819048	-0.16072172999453066	0.8726100162885315	0.9056530980179671	-6.132523514279144	
CBPA3	-0.05133040769777026	-0.6888435952974388	0.5861827799018982	6.199879020504762	0.15958099892931754	0.8735064279467826	0.9056530980179671	-6.132699528362791	
FHR3	0.03372237528505933	-0.3871859155265792	0.4546306660966979	6.581898849609524	-0.15879115786511086	0.8741271990363291	0.9056530980179671	-6.132820666135382	
NPC2	0.01513231125603354	-0.29239102222772	0.3226556447397871	6.705621956266667	-0.0975265431085105	0.9224873317823741	0.9526339766118636	-6.140385968781821	
SAA4	0.009157798127274991	-0.36509842369051093	0.38341401994506097	6.540351135609524	-0.04849731280742588	0.9614086414000367	0.9873623358061419	-6.1438355348946905	
CCL18	-0.007054754626619839	-0.33380778321679355	0.3196982739635538	6.408235531514285	0.04279154134671564	0.9659459821422313	0.9873623358061419	-6.144086511765304	
CO5	0.005143986626854753	-0.23974170038196776	0.2500296736356773	6.7953118128190475	-0.04163245938883196	0.9668678481883247	0.9873623358061419	-6.1441336618996125	
MFAP4	0.007432224581108368	-0.3948598362440887	0.40972428540630546	5.740179170495238	-0.036616177191155244	0.9708580074810521	0.9873623358061419	-6.144322792856392	
C1R	0.0043804495679455255	-0.25663650256733106	0.2653974017032221	6.786112321990476	-0.03326178937445859	0.9735266458551862	0.9873623358061419	-6.144435735699436	
IBP6	0.005707484692772226	-0.3524853564497718	0.36390032583531623	6.657576511495238	-0.03158082653794957	0.9748640783908743	0.9873623358061419	-6.144488255677849	
VWF	-0.004425491990418913	-0.4175839994637615	0.4087330154829237	6.635219171104762	0.021229535785724635	0.9831013603151584	0.9925240570593932	-6.144751658800541	
PROP	0.0020326374200724745	-0.2871419552294814	0.29120723006962634	6.377831174714285	-0.013931421194756944	0.9889101565800525	0.995208947386295	-6.14487530486614	
CATZ	0.001114464888488773	-0.3109140936041585	0.31314302338113603	6.7304734317238095	-0.007078931083876762	0.9943648148150691	0.9975215285128947	-6.144944678033303	
SLPI	0.00012277776964683692	-0.34764950222668073	0.34789505776597446	6.269682723961905	-0.0006997137621935014	0.9994429880036031	0.9994429880036031	-6.1449685881400145	
