	logFC	CI.L	CI.R	AveExpr	t	P.Value	adj.P.Val	B	
CHIT1	-1.8417459621678136	-2.7741542393752328	-0.9093376849603945	5.24223168024	3.933891705436439	0.00018297398406745487	0.03779451291274845	0.6556059308571971	
SELE	-1.0587430439488104	-1.653358134048307	-0.4641279538493136	5.853906613546666	3.546120078172535	0.0006724168063896191	0.03779451291274845	-0.46838148831021886	
ANGPTL4	-1.0069077186209276	-1.5784165264413896	-0.43539891080046567	3.3198408802133335	3.5088559239266837	0.0007587875075828954	0.03779451291274845	-0.5722366334129472	
P4HB	-0.8925955749014416	-1.410560678208329	-0.3746304715945541	4.635884080213334	3.432045385631642	0.0009710366037524445	0.03779451291274845	-0.7838846666987127	
CD164	-0.8690002760381312	-1.3788367130322832	-0.3591638390439793	3.7097692802133335	3.3945939904400966	0.0010937997988012267	0.03779451291274845	-0.8858790006145405	
TIMD4	-0.9364358587545312	-1.4932742437452737	-0.3795974737637887	5.662119680213333	3.349250759528288	0.0012620251755749146	0.03779451291274845	-1.008295205527558	
AHCY	-0.6162501229479986	-0.9866773329425402	-0.2458229129534571	1.1905381723066666	3.3132402786333643	0.0014126756906873003	0.03779451291274845	-1.10467004295029	
LAMA4	-0.9898805393420717	-1.5860368563525484	-0.393724222331595	6.938292346906667	3.3069028020142266	0.0014408791103341736	0.03779451291274845	-1.1215529559561448	
GLRX	-0.7757680791109389	-1.2501193969580218	-0.301416761263856	1.2052980566266667	3.257096216603354	0.0016816748444260369	0.03779451291274845	-1.253416099717506	
SERPINB8	-1.288435922065684	-2.078137868702615	-0.49873397542875286	3.7467554135466665	3.249364340521735	0.001722280224143299	0.03779451291274845	-1.2737549319652794	
LILRA5	-0.563139623640485	-0.9084341460280672	-0.21784510125290274	0.9870516644266667	3.2480685872134747	0.001729174412393101	0.03779451291274845	-1.27715996067956	
IL-18BP	-0.9624045032435112	-1.5561948896727178	-0.36861411681430467	3.166637413546667	3.2279238334612748	0.001839740376297836	0.03779451291274845	-1.3299685281773055	
SNAP29	-1.0853241731234582	-1.7559005131367624	-0.41474783311015384	6.164697680266666	3.22336914165289	0.0018656409604176649	0.03779451291274845	-1.3418748807109546	
NID2	-0.7401235307560347	-1.204415808500993	-0.2758312530110762	2.14190594688	3.1747647206685685	0.0021641316735109936	0.03779451291274845	-1.4681548006820817	
SHPS-1	-1.1432060447443981	-1.8611687365286063	-0.42524335296019	3.3808408802133334	3.1711839081678925	0.002187801576754719	0.03779451291274845	-1.477401738876913	
RELT	-0.9637145599311445	-1.5749381090475552	-0.3524910108147339	4.467857280213333	3.1401264433312797	0.002403486340308521	0.03779451291274845	-1.5572758998241278	
TIE1	-0.7428353415112602	-1.215665137296262	-0.27000554572625857	1.1285570422533333	3.12886276969109	0.002486498310593591	0.03779451291274845	-1.586098382938851	
PAG1	-0.5736546734703303	-0.9408716651482014	-0.2064376817924592	0.8669526959866667	3.1111901964630673	0.00262215084109117	0.03779451291274845	-1.631163443929502	
CASP-3	-0.9214727625966237	-1.5144058814292216	-0.3285396437640258	8.014576480213334	3.095106431608725	0.0027515737793808244	0.03779451291274845	-1.6720096012063488	
CA13	-0.7019964363878273	-1.1538379971876105	-0.25015487558804406	1.1580417645466667	3.0941939049360827	0.002759092197230852	0.03779451291274845	-1.6743222462146967	
CD97	-0.720497341978868	-1.1850773590529404	-0.25591732490479535	5.11686434688	3.0886638948858174	0.002805065481037216	0.03779451291274845	-1.688326080898264	
ITGA5	-0.702215391325031	-1.1554926082026817	-0.2489381744473803	2.4249250135466665	3.0853557572843555	0.0028329073736683406	0.03779451291274845	-1.6966943208284357	
IL2-RA	-0.8562637871392916	-1.4099236707085427	-0.3026039035700405	2.7813652802133335	3.080089344676567	0.002877761809930051	0.03779451291274845	-1.7100021715068614	
DAB2	-0.8679556316331757	-1.4386877835163556	-0.29722347974999586	1.3494738054666666	3.028753858616171	0.0033509586812626507	0.03779451291274845	-1.8388159634878996	
IGF2R	-0.9018227964861202	-1.4962098214077941	-0.30743577156444624	3.3240884802133333	3.0216953959134143	0.0034214019626531023	0.03779451291274845	-1.856398020239499	
COMT	-0.8838678763934691	-1.4699788062112769	-0.2977569465756613	1.7713545553333334	3.0033526109846767	0.0036109405447579445	0.03779451291274845	-1.9019411308489533	
IL7R	-0.6046142888517618	-1.0060913726746359	-0.20313720502888782	1.5005545202266666	2.9992760511961354	0.0036543660575262694	0.03779451291274845	-1.9120338170391507	
STIP1	-0.787738968985022	-1.3118034472779112	-0.2636744906921329	4.433822480213333	2.9936181319389736	0.0037154397393460224	0.03779451291274845	-1.9260241141396022	
NADK	-1.1756701333334942	-1.9615226263906145	-0.3898176402763739	4.133323813546666	2.979499002139477	0.003871996988276347	0.03779451291274845	-1.9608475062320698	
CHL1	-0.5699863871006474	-0.9510973808244683	-0.18887539337682652	0.9570017997466667	2.9785973638976175	0.0038821993347318323	0.03779451291274845	-1.963066986454613	
IL-1RT1	-0.5932084613460066	-0.9898564163764587	-0.19656050631555438	2.33749834688	2.978522680903881	0.003883045514133064	0.03779451291274845	-1.9632508034558676	
PILRB	-0.7987840022114191	-1.334140171028317	-0.26342783339452114	4.246701280213333	2.971565729544575	0.003962623088651752	0.03779451291274845	-1.980358295567243	
PARK7	-0.5955378667306002	-0.9952801888280312	-0.19579554463316917	6.26394314688	2.967071718676367	0.004014828095183041	0.03779451291274845	-1.9913928364838513	
APOM	-0.9218783149819993	-1.5449369636949055	-0.2988196662690933	3.98251274688	2.94675116917956	0.0042589262639395956	0.03779451291274845	-2.041125981773781	
TYMP	-1.4594560675384791	-2.4500351820943256	-0.46887695298263254	5.63779474696	2.9342739186589872	0.004415534563074772	0.03779451291274845	-2.071531558476438	
BLM hydrolase	-0.7010440599497596	-1.1780116278924226	-0.22407649200709656	7.0154514135733335	2.92721928882314	0.004506419191572401	0.03779451291274845	-2.088678382157715	
FUCA1	-1.2344979708543071	-2.0788365138023823	-0.39015942790623204	8.003356613613333	2.911873873370933	0.0047101121305481546	0.03779451291274845	-2.1258653393654776	
FCGR3B	-0.81834157288903	-1.379303588483418	-0.257379557294642	4.42994234688	2.905360004295181	0.004799118864434775	0.03779451291274845	-2.1416043733888173	
TNF-R1	-0.7897055593612747	-1.3311189276169217	-0.24829219110562772	4.006385280213333	2.9049256042754235	0.0048051094432617234	0.03779451291274845	-2.1426530044791727	
SERPINB6	-0.7710878806387452	-1.3004573327068742	-0.2417184285706162	4.10374354688	2.900973724032816	0.00485992547246485	0.03779451291274845	-2.1521871076014345	
ARSA	-0.878148224132783	-1.4845851629627007	-0.2717112853028655	5.32967314688	2.883905163332412	0.005103371157353011	0.03779451291274845	-2.19324889874177	
CRKL	-0.7267004141328788	-1.2293542073102337	-0.22404662095552397	1.4950733081333334	2.8792888636791227	0.005171117153427002	0.03779451291274845	-2.2043216225169444	
HAVCR2	-0.9930228436298844	-1.6814367129871426	-0.3046089742726261	2.6278852802133335	2.8728200411388363	0.005267444394674226	0.03779451291274845	-2.2198143593134967	
TNF-R2	-0.8391741936864358	-1.4209818244347434	-0.257366562938128	2.62156826104	2.8725758236491337	0.005271113209437118	0.03779451291274845	-2.220398719470007	
GRN	-0.6502340014942977	-1.1016759160125824	-0.19879208697601303	5.65290554688	2.8685775187586655	0.00533151436073254	0.03779451291274845	-2.2299602436004466	
NOTCH1	-0.5877652284430263	-0.9975943743460078	-0.17793608254004467	3.698806080213333	2.8562738458367827	0.005521402951102109	0.03812703791209135	-2.2593173080244853	
CXCL16	-0.8068848876317173	-1.3718157482672253	-0.24195402699620927	6.60102048024	2.8445598501814398	0.005707955252871603	0.03812703791209135	-2.287174771522888	
CD2AP	-0.9502853216545246	-1.6163896226873966	-0.28418102062165274	2.7689098135466668	2.841257382903734	0.005761586818823317	0.03812703791209135	-2.2950121249203823	
SIRPB1	-0.7116008311950299	-1.2114148684478354	-0.21178679394222455	2.08877714688	2.83548132727201	0.005856504256089266	0.03812703791209135	-2.308702423841307	
TIMP4	-0.6080430966029529	-1.0394428572163572	-0.1766433359895485	3.595179013546667	2.807070087730642	0.006344647958770403	0.040478853976955165	-2.375720277175159	
SELL	-0.7424175432634423	-1.2737990977662705	-0.21103598876061425	7.18160128024	2.782534416711423	0.006795956575014258	0.041213751489884445	-2.43316363745899	
FAP	-0.5953175073928121	-1.021874942913082	-0.16876007187254222	2.9496788802133334	2.779520823282833	0.006853372268258821	0.041213751489884445	-2.440191346742093	
MESDC2	-0.7882713086607236	-1.3550984244054747	-0.2214441929159724	8.556765947	2.7696436541230987	0.007044683745923722	0.041213751489884445	-2.4631822203410363	
NECTIN2	-0.7339287836191497	-1.2647830945346739	-0.20307447270362566	3.35690514688	2.75345108709849	0.007368923577826658	0.041213751489884445	-2.5007313630707095	
NUDT5	-0.9129252382469145	-1.574410261635629	-0.2514402148582	4.59461034688	2.7486155031571124	0.0074683655901106975	0.041213751489884445	-2.511910383291661	
Ep-CAM	-0.8022858331032042	-1.3844227301144407	-0.22014893609196762	2.2984124802133334	2.7447499816484133	0.007548739562826005	0.041213751489884445	-2.520835430303892	
CST6	-0.7640335720327931	-1.3187052347868216	-0.20936190927876452	1.7617518849866667	2.7433123403074715	0.007578832962988495	0.041213751489884445	-2.524152202801878	
PILRA	-0.6118710272967475	-1.056355547934944	-0.16738650665855093	5.36287154688	2.7415870648313665	0.007615092021919304	0.041213751489884445	-2.5281307286085553	
CRELD2	-0.9175132202933821	-1.5841136264311644	-0.25091281415559985	5.1509756802133335	2.741230471335845	0.007622606074931607	0.041213751489884445	-2.5289527904622098	
SPINK1	-0.5812660437942293	-1.0081976328724231	-0.15433445471603552	0.7934728802133333	2.7115365159856726	0.008272612059939333	0.043486996388338285	-2.5971042405141476	
FCGR2A	-0.6378356120793035	-1.1068475121256132	-0.1688237120329939	7.806592613573334	2.708467916261507	0.008342590091899811	0.043486996388338285	-2.6041128915887115	
SUMF2	-0.6619944681831639	-1.1520272158541653	-0.17196172051216235	5.18420434688	2.690469360450366	0.008764022504448856	0.043486996388338285	-2.645091993486654	
LILRB2	-0.7046262842322923	-1.226365608873567	-0.18288695959101753	9.088671280373333	2.6897013547393422	0.008782429394205296	0.043486996388338285	-2.6468356608974846	
VASN	-0.6654818782926449	-1.15851999605115	-0.1724437605341399	2.1480866135466665	2.6881563885430606	0.008819564530897371	0.043486996388338285	-2.650342102867722	
THOP1	-0.7850287592400494	-1.3670076192031833	-0.20304989927691564	2.5165990768266666	2.68644004045199	0.008860986724896516	0.043486996388338285	-2.654235594412092	
CD163	-0.7455484826483068	-1.2999523864209128	-0.1911445788757008	6.89540928024	2.67823329681728	0.009061507555013297	0.0437972865158976	-2.6728244631610916	
TPP1	-0.8472321527387887	-1.4826130959584547	-0.21185120951912273	4.922539280213333	2.6556267709060166	0.00963541278471172	0.04426729261864774	-2.723790485558162	
CD93	-0.6320000670605298	-1.1060792718122026	-0.157920862308857	9.147313680413333	2.655002979430536	0.009651707247648165	0.04426729261864774	-2.725191820671956	
GUSB	-0.6290423548874564	-1.101754453960931	-0.15633025581398186	8.771200213666667	2.6502202272218427	0.009777475276344273	0.04426729261864774	-2.7359272513615847	
SIGLEC7	-0.7634628205980908	-1.3390467344102661	-0.18787890678591546	2.6565604802133334	2.641666802887336	0.010006116439922842	0.04426729261864774	-2.7550869631909274	
FBP1	-1.0495380673962647	-1.840851336707511	-0.2582247980850182	2.4717548491866665	2.6414873853924	0.010010964016885521	0.04426729261864774	-2.7554883172258346	
TFPI	-0.4963372952286859	-0.871030096417174	-0.12164449404019778	8.97264714696	2.638155281481338	0.010101380683270534	0.04426729261864774	-2.762938128420607	
BAG6	-0.7057049751351819	-1.2386656316051843	-0.17274431866517959	1.1991287489066667	2.6371013612505854	0.010130132793609043	0.04426729261864774	-2.7652928484251853	
ICAM1	-0.6560370998824208	-1.1532687625748004	-0.1588054371900412	8.301921680266666	2.627655451869914	0.010391164026582696	0.04479434222270108	-2.7863629716367244	
TNFRSF14	-0.7976430863235199	-1.4071856099129205	-0.18810056273411924	4.206099413546666	2.6061738962994556	0.011007654609927392	0.04659659338990222	-2.8340490018324918	
LTBR	-0.6169474917106496	-1.089015535757431	-0.14487944766386823	4.453099813546666	2.6028095672853304	0.011107152970097362	0.04659659338990222	-2.841488212717329	
VSIG4	-0.8325431576247	-1.4719578723890172	-0.19312844286038278	6.288604746906667	2.593121843243619	0.011398229288874082	0.04659659338990222	-2.8628655558903646	
LYVE1	-0.6642551765504942	-1.1750848249895927	-0.15342552811139554	4.80120874688	2.589748832310116	0.011501183833414865	0.04659659338990222	-2.8702931769170923	
QDPR	-0.7766853861110901	-1.3742655822196017	-0.1791051900025784	3.2424270135466666	2.5884973889936003	0.011539595228220298	0.04659659338990222	-2.8730469219582626	
vWF	-0.900550244854066	-1.5979393206647132	-0.20316116904341874	3.59436714688	2.571766900817233	0.012064382530976143	0.047946889179633925	-2.909756114273164	
CD300LG	-0.3810555548916552	-0.6765403297290604	-0.08557078005425	0.86165194688	2.568336848441344	0.012174601954703285	0.047946889179633925	-2.917257874364849	
ADGRE2	-0.4852814918358634	-0.8629109381410853	-0.1076520455306414	3.0207104802133333	2.5593322562937466	0.01246829310320516	0.04795104873414244	-2.936912126016222	
C2	-0.6513432180138534	-1.1589609399801781	-0.14372549604752882	3.59769754688	2.5554766305284877	0.012595991768626276	0.04795104873414244	-2.9453102968549745	
MCFD2	-0.4878931195506091	-0.8686595440538213	-0.10712669504739691	2.6325162135466664	2.5519069914721006	0.012715269853701147	0.04795104873414244	-2.9530761914529027	
AP-N	-0.5940667982456612	-1.0580276627874863	-0.13010593370383622	3.69339514688	2.5500736624585136	0.012776925211291873	0.04795104873414244	-2.9570611760511074	
SAA4	-0.6959768362408827	-1.2410390906842956	-0.15091458179746975	3.69475034688	2.5430065065362726	0.013017127895159523	0.048086026828869796	-2.9724003530375485	
PEBP1	-0.6658535256267266	-1.1885491930524879	-0.14315785820096527	7.58026728024	2.5370474940895016	0.013222823160803681	0.048086026828869796	-2.9853068593432877	
MMP-2	-0.7453578557146834	-1.3311112568871994	-0.1596044545421672	4.843526480213334	2.534246224268124	0.013320527168319616	0.048086026828869796	-2.9913653831092635	
SNAP23	-0.4335422250130425	-0.7746149154334786	-0.09246953459260643	0.6764368769066667	2.531530995801792	0.013415850745358657	0.048086026828869796	-2.99723250957864	
SCARF1	-0.6938862971183675	-1.2417273714817798	-0.14604522275495513	4.86904274688	2.522507782514672	0.013737060531723357	0.04855974149768966	-3.0166924901035705	
METRNL	-0.3900161214388221	-0.6983344569776737	-0.08169778589997045	1.8239742135466666	2.5193122613875087	0.013852465442914604	0.04855974149768966	-3.023570266260929	
VCAM1	-0.5771495822257624	-1.0343120117806308	-0.11998715267089399	5.32923034688	2.51429740762527	0.014035335322804623	0.04866599965189864	-3.0343491814451298	
ENO2	-0.8332236835228113	-1.5009531391479671	-0.16549422789765544	2.5340217621466667	2.4851915319502216	0.015140244496193079	0.05169302206623394	-3.0965551666074616	
TCN2	-0.8294099259854993	-1.4947098517301534	-0.16411000024084543	6.60392261356	2.4828503708602327	0.015232426564971755	0.05169302206623394	-3.101532449351996	
U-PAR	-0.7778830620659017	-1.4060941643412583	-0.14967195979054526	7.2873582135733335	2.466081934731022	0.01590753808811742	0.052902567749519847	-3.137067015059732	
CD99L2	-0.5408407442734999	-0.9776746915341408	-0.10400679701285903	2.5298520802133333	2.465765744566285	0.015920521955968357	0.052902567749519847	-3.1377351240317934	
ITGB2	-0.6367592294382262	-1.153221039916882	-0.12029741895957025	7.96885728024	2.4554767663893124	0.01634824227054502	0.053633854230052534	-3.159436437490455	
FETUB	-0.4342787451958687	-0.78750775383171	-0.08104973656002734	0.9045044802133333	2.448561439876399	0.016641473606046942	0.053633854230052534	-3.1739792405387894	
OPG	-0.6481849599955433	-1.1754164309911883	-0.1209534889998981	10.287800880213334	2.4484791940733204	0.016644989243809406	0.053633854230052534	-3.1741519943061567	
OSMR	-0.5139231658806904	-0.932844238119864	-0.09500209364151685	1.44362029548	2.443232418168712	0.01687064431118239	0.05377438913730898	-3.185162525547794	
KIT	-0.542934381215232	-0.9868058266482994	-0.09906293578216452	1.49745725868	2.4360653287519813	0.017183312763554306	0.05377438913730898	-3.2001707449492462	
CTSF	-0.5582675182779494	-1.0147213129201507	-0.10181372363574814	1.1907504430266667	2.4358151772894154	0.017194318783716352	0.05377438913730898	-3.20069390266549	
SERPINA7	-0.7889861249916967	-1.438581093435842	-0.1393911565475514	3.0934228802133332	2.418942291349579	0.017951395427532282	0.055189019782171736	-3.235876570030647	
DPP4	-0.6295519282834573	-1.1486464807900734	-0.11045737577684123	6.3305262135466664	2.415371186562374	0.01811539660919752	0.055189019782171736	-3.2432964062186778	
APP	-0.5646656770600174	-1.0304685027610694	-0.09886285135896528	4.67053874688	2.4142823834159084	0.018165664818583175	0.055189019782171736	-3.245556815210915	
CANT1	-0.3381278290283597	-0.6178276900312009	-0.05842796802551853	0.8686702135466666	2.4076173237830214	0.018476103134581864	0.055287218733279006	-3.2593750145912375	
COL1A1	-0.4769474929655546	-0.8717181727500065	-0.08217681318110265	3.9102988802133334	2.4061598451136255	0.018544615687965057	0.055287218733279006	-3.262392394977172	
EPHB4	-0.5309780748834622	-0.9721332175528296	-0.08982293221409476	1.8126166135466666	2.3970883231287528	0.018976165367208097	0.055374876523101565	-3.281138136914438	
PAI	-0.5583880938889456	-1.0231149593215656	-0.09366122845632563	7.887283413573333	2.3929695052914863	0.019175044510223282	0.055374876523101565	-3.289629609102279	
IL-17RA	-0.6478971636857821	-1.1872815454804453	-0.10851278189111901	2.56363394688	2.3922496831592985	0.019209991562693568	0.055374876523101565	-3.2911123436232343	
COMP	-0.5848849532863896	-1.0720550584841604	-0.09771484808861886	9.316608613786666	2.391049750740352	0.01926837396258393	0.055374876523101565	-3.2935831980982893	
IL-6RA	-0.8066825920302249	-1.4834754247961812	-0.12988975926426838	6.9509552802	2.3738087604882896	0.020124860238142434	0.05650308766525267	-3.328968931812756	
ITGB1	-0.45887383438079227	-0.8442057505779552	-0.07354191818362932	6.342014880213333	2.371685542614787	0.020232645544568745	0.05650308766525267	-3.33331161082658	
TNFRSF10C	-0.4745003458870532	-0.8735526800946327	-0.07544801167947368	3.2306888802133336	2.3681296308618034	0.020414312405423952	0.05650308766525267	-3.3405772148168307	
NRP1	-0.5150485897642282	-0.9482823616123857	-0.08181481791607076	3.2152240802133334	2.3676891970505842	0.02043691427180635	0.05650308766525267	-3.3414764839257916	
ALDH1A1	-0.7016877204213717	-1.2931134625544665	-0.110261978288277	1.9029530732	2.362884247090187	0.02068494086925995	0.05650308766525267	-3.3512778849341096	
PRCP	-0.7621896264083746	-1.4048130775903354	-0.119566175226414	4.605931280213333	2.362137952573061	0.020723702999481387	0.05650308766525267	-3.352798696186927	
B4GAT1	-0.33340829607576306	-0.616087394126485	-0.050729198025041	0.6285965724	2.348991791370708	0.021417174249125447	0.0578989710633137	-3.3795210107055325	
FCN2	-0.6372901169295208	-1.180527510580243	-0.09405272327879854	8.292868213613334	2.3363952824831435	0.022100903267524907	0.05924527850706256	-3.405006606749069	
TGFBR3	-0.46710367416871496	-0.8666681344709807	-0.06753921386644923	0.9210933468266667	2.3282264832510324	0.02255458281898516	0.05995759932713555	-3.4214713226705387	
DLK-1	-0.5349022480702571	-0.9933780503677141	-0.07642644577280006	1.57046229108	2.3235755504483206	0.02281655790683619	0.06015274357256813	-3.430823515681873	
USP8	-0.4812065116742975	-0.8945649700669942	-0.06784805328160087	0.8346017713066667	2.318480570591742	0.023106635926767816	0.060418170988843715	-3.4410502248677926	
uPA	-0.5802898288799576	-1.0800925582596468	-0.08048709950026844	9.578876213733333	2.312305057443582	0.02346260770335176	0.0608501777021887	-3.4534200002971955	
LILRB1	-0.7593008025141249	-1.4193784499419841	-0.09922315508626556	6.002915546906666	2.2909606339564665	0.02473060844008232	0.06292144839690676	-3.4959554956442793	
ESAM	-0.5166223427365594	-0.9658996492611207	-0.06734503621199811	2.9517636802133334	2.290116079521771	0.024782002568393104	0.06292144839690676	-3.497631564022353	
CD109	-0.6035837200779461	-1.1287533411720618	-0.07841409898383056	2.6209236802133336	2.288952158060536	0.024852985887179473	0.06292144839690676	-3.499940564077433	
PLXNB2	-0.4658584179445987	-0.8718689197804896	-0.059847916108707766	4.476686613546667	2.285154006434881	0.02508587180443433	0.06301096933554765	-3.5074683528269857	
MET	-0.3578492007474098	-0.6719731431455349	-0.04372525834928459	0.9655271621866667	2.268808320394267	0.026110243802901736	0.06472095961264769	-3.5397419525236082	
LAIR1	-0.6335036075797855	-1.190123199387769	-0.07688401577180204	9.14737608032	2.2666757477687525	0.026246573806787448	0.06472095961264769	-3.5439378608294207	
NID1	-0.5615163461882859	-1.0565135067559566	-0.06651918562061532	7.5927852802133335	2.2592198217630832	0.026728155332556486	0.06472095961264769	-3.558580875314752	
SPINT2	-0.546340066489983	-1.0281311068207668	-0.06454902615919922	3.94374674688	2.2584117562291133	0.026780813176645206	0.06472095961264769	-3.5601653678048897	
DPP7	-0.5218678476708296	-0.9824601438866425	-0.061275551455016675	1.2465684923066667	2.25653807077204	0.02690326410177347	0.06472095961264769	-3.563837493371859	
TNFSF13B	-0.6660385975250918	-1.25419453682339	-0.07788265822679352	3.9299140802133334	2.2553071914373284	0.026983973756997313	0.06472095961264769	-3.5662483879719655	
APEX1	-0.5690375730076976	-1.0740764740557958	-0.06399867195959963	6.847241013546666	2.2439589410238634	0.027738184200584978	0.06593404689864996	-3.5884223534160684	
ANGPTL3	-0.45668160876792385	-0.8624432394563935	-0.05091997807945431	1.6851810135466667	2.2415133981280295	0.027903123295666906	0.06593404689864996	-3.593188157744235	
HDGF	-0.6340628828963757	-1.1989229357197972	-0.06920283007295414	2.7276904802133335	2.2355802421654585	0.02830687178479111	0.06597274038371162	-3.6047318202619425	
RETN	-0.8776711394715825	-1.6596856070752941	-0.09565667186787086	7.63525754692	2.2351970928918825	0.028333120478271138	0.06597274038371162	-3.6054763718719136	
COLEC12	-0.5989238454507186	-1.1343230582674666	-0.06352463263397079	2.1959652526133335	2.2278844901366925	0.028838205210987972	0.06666222798771858	-3.619665323488612	
FAM3C	-0.3971610242194912	-0.7538649171529038	-0.04045713128607853	0.9673531101733334	2.2174690500565224	0.029571246870795046	0.06786494785455842	-3.639805195446227	
SELP	-0.6751080139189175	-1.2843174277514218	-0.06589860008641324	6.802160613546667	2.2070158479471735	0.030323326327351005	0.06909386498874978	-3.6599356590352103	
PEAR1	-0.43541578477438136	-0.8290183287641453	-0.041813240784617456	2.1465630135466665	2.2031550708389953	0.030605307214565433	0.0692417943364991	-3.667349714085802	
XG	-0.6135020973185074	-1.172770645712047	-0.05423354892496768	3.21629354688	2.1847132830997475	0.03198415524091171	0.07093018385030796	-3.7026084858299964	
FAS	-0.5065482091057345	-0.9683183170585701	-0.044778101152898875	5.3439716802133335	2.1847098273891925	0.031984418623670255	0.07093018385030796	-3.7026150685822805	
SPP1	-0.3245544758594301	-0.6204796149341398	-0.028629336784720294	5.105048480213333	2.1842610247122805	0.03201864098571895	0.07093018385030796	-3.703469911639411	
ITGAM	-0.7624621527954941	-1.4591914260747338	-0.0657328795162545	4.896089413546667	2.179480697721085	0.032385143749574755	0.07114241135769811	-3.7125655854510833	
PGLYRP1	-0.6293365481976471	-1.205058007577084	-0.05361508881820998	8.842347413653334	2.177054645280595	0.032572544835582536	0.07114241135769811	-3.7171750572194195	
CCDC80	-0.7996306470288813	-1.5325682125551068	-0.06669308150265596	8.89497994692	2.172807458883268	0.032902901004731394	0.07114241135769811	-3.7252338709342134	
THBS4	-0.8483963833412166	-1.626506661818608	-0.07028610486382525	5.835386880213333	2.1714830830502234	0.03300651059855587	0.07114241135769811	-3.727743993761569	
IGFBP-2	-0.599819015768554	-1.1511606254130764	-0.04847740612403173	8.118093013613333	2.166697359550909	0.033383288569734416	0.0714716043875522	-3.7368033494394797	
MIF	-0.4137761709243245	-0.7969772980232496	-0.03057504382539944	9.632626480413334	2.1504903229157697	0.03468726925215807	0.07361838704472547	-3.76735333607938	
WFIKKN2	-0.3265885851791226	-0.6293199527234719	-0.02385721763477333	0.9598754135466666	2.148534702261876	0.03484757505878854	0.07361838704472547	-3.7710260704132184	
C1QTNF1	-0.4627673843164611	-0.8932816803384207	-0.03225308829450152	8.749929546973334	2.1407894650152475	0.03548881949725927	0.07377212838849719	-3.7855431722071216	
GDF-15	-0.5598923729499066	-1.082090555991205	-0.03769418990860807	8.1015204802	2.1353446885366227	0.035945726853149076	0.07377212838849719	-3.795720939584843	
F11	-0.34990755677948915	-0.6763455388411119	-0.023469574717866315	8.551985013573333	2.1347716728938937	0.035994108598433446	0.07377212838849719	-3.796790739098576	
CLEC14A	-0.6506844811531276	-1.2578309733813318	-0.04353798892492344	5.918654880213333	2.1343997075224923	0.03602554525292929	0.07377212838849719	-3.7974850501554127	
PPP1R2	-0.6430892129720583	-1.2433185292558058	-0.04285989668831103	3.9885238135466667	2.1337956016821917	0.036076652127290165	0.07377212838849719	-3.7986124486677695	
DKK3	-0.7037252690252787	-1.3629619333566365	-0.0444886046939208	4.546415280213333	2.1259869118114643	0.03674295524207147	0.0746560682944	-3.8131600148819476	
LILRB5	-0.7400205823639565	-1.4354625429129304	-0.04457862181498273	7.040021546933334	2.119247610327585	0.03732657717107746	0.07536188682008677	-3.825677639547314	
CLEC5A	-0.7354187391006825	-1.4290916669625555	-0.041745811238809494	5.867545013546667	2.1114399788154743	0.03801276170082145	0.07626459737460405	-3.840135885900872	
CA3	-0.6537382261114939	-1.2723039465008743	-0.0351725057221135	4.642373413546666	2.104829033415999	0.03860230045689578	0.07696333653593596	-3.8523413739541206	
LCN2	-0.5027365518594602	-0.9792613797317	-0.02621172398722038	2.918075813546667	2.1011338671113693	0.03893526080777567	0.0771450198613692	-3.8591489037547007	
KYAT1	-0.651145474820413	-1.2752664826763738	-0.027024466964452265	7.204406080293333	2.0778204660211186	0.04109385362325788	0.08091937843098312	-3.901855374640494	
SPINT1	-0.3434823831744186	-0.6762998762068487	-0.010664890141988459	0.7004377202266666	2.055403617774401	0.04326616261133319	0.084674269159603	-3.9425221816486093	
ANXA11	-0.5595431283570733	-1.1058312317952246	-0.013255024918922054	4.14101034688	2.039908171712011	0.04482496577309831	0.08719002488791683	-3.9704042394892287	
NCAM1	-0.37481126134758364	-0.7456156803884695	-0.004006842306697733	1.56257834688	2.013105446389816	0.047635366547127744	0.09147866090160466	-4.018189651613512	
PTPRF	-0.2953646263792354	-0.587765187608899	-0.0029640651495717596	0.4457796209066667	2.0117734579714517	0.04777888785926338	0.09147866090160466	-4.02054972751224	
CD69	-0.569339541479617	-1.1333885181522163	-0.005290564807017617	2.8583572802133332	2.010265066106507	0.04794186392939332	0.09147866090160466	-4.023220683011535	
CPA1	-0.32919041637910224	-0.6556738061206175	-0.0027070266375868735	1.2483214135466667	2.0080979204304175	0.048176849628431294	0.09147866090160466	-4.027054990036586	
CDH1	-0.35916298644239975	-0.7163004274846396	-0.002025545400159867	4.212532213546667	2.002880257042978	0.04874665686484695	0.09201292035435608	-4.036271425291729	
CCL16	-0.5536262541646473	-1.114493550544899	0.0072410422156042875	7.74818488024	1.9658725280780103	0.0529560938274995	0.09937055253513141	-4.101026845946015	
ACP6	-0.4056934133893218	-0.8186941724790906	0.007307345700447054	0.7754756871733334	1.9563470552010773	0.05408840960513239	0.10090176996513002	-4.1175194673625235	
CD46	-0.4270647077132954	-0.8630059096679796	0.008876494241388755	7.582565813573333	1.951032751844332	0.054729041722705096	0.10119926649453094	-4.126689570842459	
HTRA2	-0.6588810304365456	-1.3318928489956456	0.014130788122554527	4.563705013546667	1.949768758700257	0.05488236082618763	0.10119926649453094	-4.128867363156692	
PON3	-0.24958516097964004	-0.5057150479838827	0.006544726024602571	0.46442670564	1.9406950451468197	0.05599373487817782	0.10265518060999267	-4.144463705940478	
CA1	-0.27643811651880423	-0.5610481582155007	0.00817192517789228	9.731173280253334	1.934400966040713	0.05677582999340315	0.10349422724511775	-4.155243904296512	
LGMN	-0.72770197159243	-1.4807986353853395	0.02539469220047952	5.228355413546667	1.9244277995522177	0.05803405729632611	0.10518672884959107	-4.1722610169686085	
CCL21	-0.7484906722600749	-1.5308474716197114	0.033866127099561494	3.88452514688	1.9053743971773862	0.06050360533491741	0.10904322091434267	-4.204551509940596	
TR	-0.4931470353235753	-1.00942841166813	0.023134341020979332	2.2791783468799998	1.9023427231460712	0.06090462398409938	0.10914929803891968	-4.2096627014677	
MFAP5	-0.5039449747009717	-1.0377627441639445	0.02987279476200122	5.96228794688	1.8801343609913366	0.06391126372657133	0.11389772697640366	-4.2468804199938806	
CST3	-0.3758606934955966	-0.775670315092909	0.023948928101715783	10.06946168044	1.8722871790762348	0.06500310749581341	0.11483306530618415	-4.259936629991046	
CTSH	-0.3829231785833383	-0.7904826583805189	0.02463630121384225	1.01007468264	1.8711967309097983	0.06515606526777219	0.11483306530618415	-4.261747018560663	
CD74	-0.5140246948583219	-1.0631899032902634	0.03514051357361947	4.794275013546667	1.8641453103634509	0.0661524965165689	0.11594860653178836	-4.273430913994098	
ST6GAL1	-0.6078557804891709	-1.2585584962395528	0.042846935261211194	4.52728394688	1.8604445296631682	0.0666805543325002	0.11623550181457684	-4.279546963846334	
LRIG1	-0.38132923106906	-0.7940168400937673	0.031358377955647276	2.0021330135466666	1.8402526949303017	0.06962440503449534	0.12070752829350007	-4.312722670375142	
CD58	-0.3279920527965819	-0.6836594452238054	0.02767533963064167	1.7018514135466667	1.8366147340376606	0.07016620299553636	0.12098929057068161	-4.318665008151717	
TFF3	-0.49573094007324753	-1.035519546431877	0.044057666285381825	2.565063813546667	1.8290311671501407	0.07130696332760468	0.12229527581454781	-4.331017858487481	
TMSB10	-0.49829079815373317	-1.0422694071105154	0.04568781080304901	5.556827013546667	1.8243150423568102	0.07202417517872178	0.12286476942252539	-4.338676513440836	
CCL24	-0.5757186188084918	-1.2059553791294828	0.05451814151249912	8.3822668804	1.8193042658719187	0.07279278803298099	0.12338442046925585	-4.346793960083112	
FCER2	-0.3990163476235335	-0.8362999716007712	0.038267276353704194	1.01767196384	1.8172985057175859	0.0731023682404055	0.12338442046925585	-4.35003759464474	
ALCAM	-0.3817488510723648	-0.8069307538979094	0.04343305175317974	4.64936954688	1.7881410013517665	0.0777280790748166	0.13050135381508682	-4.3968217303814505	
PRTN3	-0.5903602277627873	-1.2562103689423634	0.07548991341678879	7.41895234688	1.7657913681833755	0.08143614272814906	0.13492165633411016	-4.43221466721222	
CA2	-0.6006920193760935	-1.2783694862381112	0.07698544748592417	6.0689160802133335	1.765336947155792	0.08151302939515653	0.13492165633411016	-4.432930067802463	
CNTN4	-0.2899398388434497	-0.6171664437324695	0.03728676604557013	1.32138874688	1.7646479698610624	0.08162971684164032	0.13492165633411016	-4.434014411880915	
PLC	-0.3992106968589208	-0.852584921819173	0.05416352810133135	8.17584968024	1.7536549182375454	0.0835103027769188	0.13662368516164314	-4.4512633690215875	
GNLY	-0.3882600526903293	-0.8292062500249306	0.052686144644272015	10.01875634696	1.7536216619008413	0.08351604578846523	0.13662368516164314	-4.451315401068391	
CD209	-0.5186922809504714	-1.1110037133417714	0.07361915144082865	3.6191994135466667	1.7440481218875303	0.08518290588005965	0.1380638204071967	-4.46625633039767	
MB	-0.5814596244509944	-1.2456185993889528	0.08269935048696397	1.7716245402933333	1.7435977975108972	0.08526198313547884	0.1380638204071967	-4.4669572822368036	
CPB1	-0.3042741289247773	-0.6526107725166628	0.0440625146671082	1.5810610135466667	1.73966112610803	0.08595584549814944	0.13848441774701856	-4.47307783503459	
PDGFRB	-0.3797233137918679	-0.8163476025738563	0.05690097499012042	2.2648798135466666	1.7320409874782716	0.08731216042067186	0.13990051840018114	-4.4848892074487745	
BCAM	-0.38923942029162095	-0.8378294500718534	0.05935060948861148	6.104567813546667	1.728088556374084	0.08802256405570573	0.13990051840018114	-4.490996812268399	
CLEC11A	-0.7499611844380927	-1.6146299709906058	0.11470760211442044	4.90755354688	1.7273796485171469	0.08815048338067841	0.13990051840018114	-4.492090916930774	
MEGF9	-0.3084061413296647	-0.6697269453799374	0.05291466272060796	1.29389594688	1.6999214097257718	0.09322399477933223	0.1472200709634009	-4.534151392582212	
CES1	-0.6908433902524979	-1.5174495447486638	0.13576276424366807	6.28678074696	1.664484542297047	0.10012231759269062	0.15733507050279955	-4.587515309180044	
JAM-A	-0.46696223120307956	-1.0297605194267456	0.09583605702058651	4.764780080213333	1.6524479232556746	0.1025578017536848	0.15847017914974082	-4.605404844456497	
QPCT	-0.33231474560452046	-0.7329661485879269	0.068336657378886	6.22714474688	1.651892337162627	0.10267136927253784	0.15847017914974082	-4.606227690313771	
TR-AP	-0.29448245491893066	-0.6496411455036926	0.06067623566583119	7.39988394688	1.6513372317517743	0.10278494039445234	0.15847017914974082	-4.607049568614029	
PECAM-1	-0.43170048671302047	-0.9524222059985592	0.0890212325725182	5.037715013546666	1.6511086014858802	0.10283174634481615	0.15847017914974082	-4.6073879998471785	
ICAM3	-0.41939179986431396	-0.9319845444124821	0.0932009446838542	3.4650308802133334	1.6294696431973734	0.10734057215475666	0.16462328133349702	-4.639222767362707	
TXNDC5	-0.4082927110375599	-0.9214945922715809	0.10490917019646112	3.37368754688	1.5844632885319232	0.11722959467726721	0.1789293813495131	-4.704186220341673	
BLVRB	-0.49165899982101435	-1.1132337415098743	0.1299157418678456	3.0975864802133333	1.575322330339531	0.11932460140406785	0.18092353397062652	-4.717173734871441	
SEMA7A	-0.36338405330499823	-0.8244035238916542	0.0976354172816577	2.5398486135466665	1.569803854971102	0.12060378903797442	0.18092353397062652	-4.7249805178148	
PCSK9	-0.28408277220218847	-0.6446519620080582	0.07648641760368124	1.69714194688	1.5691160957282335	0.12076397648500302	0.18092353397062652	-4.725951675925619	
PTPRS	-0.3131646326377192	-0.7112715889145615	0.08494232363912319	2.82723434688	1.5666491115381385	0.12133996418945354	0.18092353397062652	-4.729431944458423	
DAG1	-0.476233768667478	-1.0816932556824086	0.12922571834745267	5.519003013546667	1.5665126001537943	0.12137190053201904	0.18092353397062652	-4.729624377189346	
FCRL5	-0.21581316532067965	-0.49153869212918455	0.05991236148782528	0.37697570177333334	1.558833582695076	0.12317919935405575	0.18276355625090132	-4.740423888390194	
Gal-4	-0.29906718102048196	-0.6845963274695652	0.08646196542860124	1.6795880802133334	1.5449354349878979	0.1265046374502142	0.18682860808619597	-4.759843809588378	
MATN2	-0.5657103830418632	-1.3050605801400859	0.17363981405635942	7.480317013573333	1.5238518650135262	0.13168497416320668	0.1935829804519029	-4.788993559944055	
IGFBP-1	0.7266347129385748	-0.23039181245834905	1.6836612383354987	6.139340880213333	-1.512136373528638	0.13463518219085116	0.1970120326554198	-4.80502914295597	
KLK10	-0.37041967754851235	-0.8606931195307312	0.11985376443370649	1.2751423089066667	1.5047157789596657	0.13653063712354263	0.19887339380095936	-4.815126100287278	
CRIM1	-0.4064277796716847	-0.9452438988957084	0.13238833955233903	4.51627794688	1.5022478776286405	0.13716565046241114	0.19889019317049614	-4.818473773735127	
CTSZ	-0.261218261007717	-0.6124802170222455	0.09004369500681153	5.616648080213333	1.4810550884560914	0.14271478690903217	0.2060000770315894	-4.84700920212059	
CCL15	-0.4639952248736188	-1.0925746990447842	0.16458424929754656	6.026748480266667	1.470117711400918	0.14564659577193362	0.20908997464508083	-4.861587041404377	
Notch 3	-0.3516090859097058	-0.828561040424579	0.1253428686051674	2.24872994688	1.468196722783971	0.14616634591176497	0.20908997464508083	-4.864136935663359	
FABP4	-0.607144827097042	-1.4379622649669614	0.22367261077287748	4.57548674688	1.4554104534865624	0.1496628065534989	0.21313587183288457	-4.881029326248373	
INHBC	-0.17368009147396204	-0.4139630718059799	0.06660288885805582	0.5079127464666666	1.4395469150749725	0.154090802442074	0.2182254515325902	-4.901793784142171	
CCL14	-0.2291544367402708	-0.5465861070291907	0.08827723354864914	10.90572448028	1.4377282619655518	0.15460486534910778	0.2182254515325902	-4.9041605934211105	
MMP-9	-0.4146761465438365	-0.9976700006198511	0.16831770753217817	5.684162880213333	1.4165890214960322	0.160677978834258	0.22579856937501455	-4.931464239899127	
UMOD	-0.18836822282268365	-0.46051376148680256	0.0837773158414353	0.36774600861333334	1.3784950635327817	0.1720838912234703	0.24044058882250724	-4.979701384283817	
CHI3L1	-0.4652201890073738	-1.1381747401342373	0.20773436211948976	7.131754346906667	1.3768023952724129	0.172604686019919	0.24044058882250724	-4.981815872697083	
CD177	-0.638196045635924	-1.5701319804967322	0.29373988922488403	3.7781737202266665	1.3638507434398173	0.17662946639196925	0.2449773903436443	-4.997913620094954	
ANXA4	-0.4259454217728426	-1.0510370354168206	0.19914619187113541	3.9958126135466667	1.3570913311843147	0.17875811240633493	0.24685644094208156	-5.0062576599323165	
CSTB	-0.1714046305357714	-0.4240285514178448	0.08121929034630196	9.13970354696	1.351284742024266	0.18060218981582224	0.24771741665444322	-5.013394089286967	
CCL18	0.21806705583843963	-0.10389972533753852	0.5400338370144178	10.652362213626667	-1.348893892755752	0.1813656583485628	0.24771741665444322	-5.016324054206188	
MCP-1	-0.5624484388706558	-1.3935449416122692	0.26864806387095763	9.471841413546667	1.3478142848101413	0.18171120845498342	0.24771741665444322	-5.0176454897152425	
ANGPT2	-0.3741063892560326	-0.9332599102740589	0.18504713176199367	1.9234328982533333	1.332486615922036	0.186671009655525	0.253395966298351	-5.036298038741757	
NPDC1	-0.22249523118298511	-0.5651107443862085	0.1201202820202382	0.7046356083066667	1.2933393096565433	0.1998004425477447	0.27006924225733286	-5.083015602849744	
PAMR1	-0.5432710853269337	-1.4282166761468504	0.34167450549298317	6.460625280266667	1.2226406059802395	0.2252332380741242	0.3031620377453402	-5.164014373827175	
OMD	-0.375147998412865	-0.9919124138372439	0.24161641701151398	6.09013394688	1.2113847965911932	0.22949096538348712	0.3075950334341697	-5.176507813665294	
FSTL3	-0.3446339412477962	-0.9136460450689017	0.22437816257330923	1.83873394688	1.2062444720174803	0.2314547007421577	0.30892907755961635	-5.18217648036488	
CLUL1	-0.1367432693151371	-0.3633659716302983	0.0898794330000241	0.20868854490666666	1.2017146042773326	0.23319528995823946	0.3089556428345169	-5.187152772996551	
CNTN1	-0.14753924657484144	-0.39216823489408736	0.09708974174440452	0.4884589312	1.2011532926586597	0.23341162985303626	0.3089556428345169	-5.187768151478151	
ENG	-0.26416441653958495	-0.708779384969622	0.18045055189045212	6.894669680213333	1.1832841068043987	0.240374737556633	0.3159144671490165	-5.207214234320059	
MMP-3	-0.45242802868064674	-1.2143585777320924	0.309502520370799	4.102393413546666	1.1825864804662112	0.24064957842385898	0.3159144671490165	-5.20796774477247	
CR2	-0.42970781934290214	-1.166111456847529	0.30669581816172486	6.9209943468	1.1621337811817345	0.24880776747302735	0.32528556485203164	-5.2298689161772645	
GP1BA	-0.3301142701658955	-0.8981183837148521	0.23788984338306113	4.158027413546667	1.1574749784967135	0.25069334149856554	0.326412963012418	-5.234806252789501	
CGA	-0.29873551991536007	-0.8147190383230279	0.2172479984923078	1.16761849964	1.153054481669946	0.2524918498693405	0.32741829312325044	-5.23947338355075	
REG3A	-0.31205953150436494	-0.8654159876154555	0.24129692460672558	1.12501161908	1.1231331990629312	0.26490674301543143	0.3421265223559621	-5.270611552889852	
NOMO1	-0.1976666097882384	-0.5507637717094283	0.15543055213295143	0.93521551928	1.1149050454860443	0.2683947413687277	0.3452335584541296	-5.2790359154833135	
TNXB	-0.23320967306783338	-0.6572258320871215	0.1908064859514547	5.003279413546666	1.0953753072872454	0.27680199790366794	0.3546178206075103	-5.2987918595162435	
RARRES2	-0.20695670299194172	-0.5857789476186791	0.1718655416347957	9.639416880373334	1.088034879817956	0.2800087817105335	0.35729120546264076	-5.306130072809003	
TINAGL1	-0.21768188797735816	-0.6183687277504089	0.18300495179569248	4.488044213546667	1.0819719724320322	0.2826768029718408	0.3592585663267618	-5.312155173140832	
CCL5	-0.21433819565081	-0.6169957917879062	0.18831940048628623	8.47789448024	1.060138161496107	0.2924302009955042	0.3701795004665311	-5.333582874099743	
CD59	-0.1289041439280833	-0.37242517198463104	0.11461688412846444	6.10473634688	1.054215032019072	0.2951154157752762	0.3721020459775222	-5.33932289013475	
EGFR	-0.16360450377655983	-0.47584025786047063	0.14863125030735097	0.6417169909866667	1.0435455642936302	0.2999947378214753	0.3767650447442938	-5.349583875967662	
SDC4	-0.20291599359088633	-0.5950383925368546	0.18920640535508196	1.6626220802133334	1.0306077929578572	0.3059845987315985	0.3827807333152154	-5.361890539759968	
REG4	-0.2726159689471248	-0.8027581758674752	0.2575262379732256	3.6827092802133334	1.0241361688732862	0.3090109346063367	0.3850565942946149	-5.367990584274297	
PDGF subunit A	0.3468563191415705	-0.34559213996862775	1.0393047782517688	7.157462480266667	-0.9976103630505543	0.32162548112327666	0.3992160641179971	-5.392603374716689	
SERPINA5	-0.15581489552512592	-0.46972575648797643	0.15809596543772456	8.533706746906667	0.9885563378276744	0.3260086187242317	0.4021378104686555	-5.400860727032029	
SEMA3F	-0.12431519239277189	-0.3750219569910359	0.12639157220549213	0.4389280555333333	0.9875451220879722	0.3265006047378739	0.4021378104686555	-5.401778419748014	
TSHB	-0.11286228300976463	-0.34172785774275216	0.11600329172322289	0.39522732877333333	0.9821258743037203	0.32914560579399565	0.4036830837212674	-5.40668089594577	
PPIB	-0.11851656505255906	-0.35941908180957044	0.12238595170445232	5.79943794688	0.9797979190851548	0.33028615940830963	0.4036830837212674	-5.408778801549907	
IGFBP6	-0.2720687933967932	-0.8287049013450491	0.28456731455146284	7.292665413573333	0.9734331900678489	0.3334177829280013	0.4059552395192077	-5.414489832139712	
IGLC2	-0.12468750060609084	-0.3832483511643965	0.13387334995221478	7.08054714688	0.9604150252463987	0.3398837331795581	0.41084601471096915	-5.426058080091424	
CDHR5	-0.11343531411706186	-0.34872495766608397	0.12185432943196027	0.28039400585333335	0.9601614388743211	0.3400104949332159	0.41084601471096915	-5.426281916688614	
VCAN	-0.14243642779836857	-0.4407815609569454	0.15590870536020823	4.423418613546667	0.9508256953755374	0.3446987138797164	0.4135874559981413	-5.434482336327739	
MBL2	-0.36259428563562235	-1.1223535842526993	0.39716501298145457	10.291912746706666	0.950481625173671	0.34487229873199243	0.4135874559981413	-5.43478307211915	
AOC3	-0.14131491909766328	-0.44057615441470466	0.15794631621937813	5.538175280213333	0.9404513710708047	0.34995758140636357	0.41811411411471905	-5.443503415455904	
B4GALT1	-0.11068902918104105	-0.3530098933254254	0.1316318349633433	0.64815514688	0.9097300979789978	0.36583318533442943	0.4354506944838918	-5.469650908796491	
ACAN	0.20948003483022112	-0.2612383198793343	0.6801983895397766	5.0166678135466665	-0.8862990798238304	0.3782447071133409	0.44757012990216355	-5.489023274572869	
Gal-3	-0.14606048766542115	-0.4746691138921194	0.18254813856127708	9.397633680266667	0.8852227783358256	0.3788211130833359	0.44757012990216355	-5.489901270962147	
CD79B	-0.11150618693204079	-0.36483099591049095	0.14181862204640938	0.34819926978666665	0.8766374809414048	0.38343862628613745	0.4513539549272245	-5.496867392390641	
COCH	-0.3689772357462307	-1.2140377937879296	0.4760833222954682	3.86778394688	0.8695819868218344	0.38725954601350376	0.45417571756730774	-5.50254250179946	
TIMP1	0.16862897627658172	-0.22475730543521813	0.5620152579883816	9.276157280333333	-0.8537127872855098	0.39593967841869093	0.46184161908364324	-5.515142881413138	
CA4	-0.28746736276870605	-0.9591594139947051	0.3842246884572929	2.90128594688	0.8523483600707593	0.39669154742607604	0.46184161908364324	-5.516215646368039	
CRTAC1	-0.1941134761290819	-0.6523771918970105	0.26415023963884665	1.3609217202266666	0.843604735067115	0.4015305571496257	0.4657754462935658	-5.523050313193685	
IGFBP-7	-0.11595668314124143	-0.3909691352492926	0.15905576896680979	11.184155147106667	0.8397349321888931	0.40368371891507215	0.46657647222430443	-5.526053191629684	
AXL	-0.26773559934511876	-0.9173957966735033	0.3819245979832659	6.069452480213333	0.8207646724082313	0.4143403904493962	0.4771645651745754	-5.540577828904039	
CRHBP	-0.09656858345093737	-0.33657535918510006	0.14343819228322535	0.39200187824	0.8013295390888583	0.4254323549315804	0.4881759756229286	-5.555120673374686	
F7	0.26661986255440934	-0.41639803406556036	0.949637759174379	6.219391813546666	-0.777426268443979	0.4393140549772485	0.5022194591663183	-5.572537527376403	
ANGPTL1	-0.19790568579738388	-0.7065725151128724	0.3107611435181047	1.5476398841733334	0.774860723745523	0.44081958798297527	0.5022194591663183	-5.574376082047137	
PRSS2	-0.3222428137834766	-1.1651232653458223	0.5206376377788693	4.68298634688	0.7614055769901492	0.44876466598071707	0.5094517026613834	-5.583920627868858	
PI3	-0.2541691375231993	-0.9422568783674579	0.4339186033210592	2.0735328943066667	0.73566109435519	0.4641951948712185	0.5251002381699245	-5.6017241827579385	
PCOLCE	-0.09501017836217474	-0.36549497011542814	0.17547461339107867	9.547128346933333	0.6995617828565346	0.48633090351831665	0.5471312582370575	-5.625672562615236	
PAM	-0.24862253192938483	-0.9576832192315443	0.4604381553727746	5.279922080213334	0.6983222369333002	0.4871011828818945	0.5471312582370575	-5.626473789493881	
TGFBI	-0.09758988371477842	-0.38461309016475276	0.18943332273519595	10.004237547013334	0.6771526505496412	0.5003595653645239	0.5600515836887127	-5.639941111723948	
CTSD	0.08611751452791509	-0.18819748028435607	0.3604325093401863	5.763744613546667	-0.6252313312826671	0.5336870319968898	0.5952663049196079	-5.671237722827602	
DEFA1	-0.13687325368897543	-0.5892724282451518	0.315525920867201	5.980415280213333	0.6025534555808292	0.548594626913498	0.6097619720745849	-5.684132971393679	
REG1A	-0.23466281307149667	-1.0339863743733737	0.5646607482303803	6.0199802136	0.5846829801976375	0.5604879575942978	0.6208182585853507	-5.693962412891238	
MEPE	0.10681667558260594	-0.27953736629184867	0.49317071745706054	0.7174927598933334	-0.5506205190479875	0.5835043664010398	0.6440757539167187	-5.711886094075754	
TNC	0.0876899867201178	-0.23168684674947565	0.40706682018971124	8.44478728024	-0.5468212554793448	0.586099175110991	0.6447090926220901	-5.713819181737959	
SCGB3A2	-0.10830759261649295	-0.5059994655274626	0.2893842802944767	0.6719461277066667	0.5423891344210967	0.5891330910499167	0.645819436580493	-5.716057498955332	
SPARCL1	-0.14439355629279726	-0.6823238721977023	0.39353675961210777	3.48883474688	0.5345896995861336	0.5944899004998696	0.6494598570529397	-5.719952514002041	
MYOC	-0.18672072711602344	-0.8966964023857056	0.5232549481536586	2.0005286645333333	0.5237787254192539	0.6019524059525353	0.6553679778118047	-5.725258931770096	
ENPP7	-0.06623647857553673	-0.32567874298097216	0.19320578582989872	0.4563828113733333	0.5084582556669994	0.6126008027215667	0.6646927077148972	-5.732594519146213	
GP6	-0.11368242741728646	-0.5821832185869347	0.3548183637523617	2.47921314688	0.48326106177841754	0.6302959398217084	0.6815742535699152	-5.744188955014769	
RNASE3	-0.056684705363921284	-0.30190787698486804	0.18853846625702547	8.162148613573333	0.46036593733022296	0.6465645111014038	0.6968043210856344	-5.754216511648477	
NOV	-0.106214899036046	-0.5698959090320904	0.35746611095999836	8.112742346906666	0.45621013048752707	0.649536372977932	0.6976501783837048	-5.755984802426686	
MFGE8	-0.08746045586876922	-0.47224145458437966	0.29732054284684123	10.591163680333333	0.45268584333704487	0.6520610951699528	0.6980117092591105	-5.757471890951095	
IGFBPL1	-0.11985697510560876	-0.6633160756806573	0.42360212546943976	1.8353229723066666	0.43923328287349844	0.6617354452335278	0.7059986857173758	-5.763042831053045	
PLTP	-0.1444097781389994	-0.8126752940516833	0.5238557377736845	2.379736031026667	0.4303743142674912	0.668138063212838	0.7104534738829843	-5.766620211112393	
TYRO3	-0.04739210863964998	-0.28130550420851114	0.1865212869292112	0.3093848947066667	0.4035057548685433	0.6877061566653271	0.728831441781526	-5.777026577094592	
LDL receptor	-0.1269601912698099	-0.777929337806422	0.5240089552668021	4.557426080213333	0.3884239111011919	0.6987853698285087	0.7360747787310786	-5.7825753600890515	
SOD1	-0.049216045527907405	-0.3018907572014916	0.2034586661456768	3.5716480802133335	0.3879213931274607	0.6991556675721531	0.7360747787310786	-5.782756619737927	
AZU1	0.08209480129388684	-0.36037943125329375	0.5245690338410675	7.357800080213333	-0.3695102290821699	0.7127722417358366	0.7466250553468464	-5.7892364459106265	
MPO	0.07745871592213248	-0.34168668212974695	0.49660411397401194	4.662060613546667	-0.3680479346348732	0.7138578115385208	0.7466250553468464	-5.789737651574349	
SOST	0.14319747052804918	-0.6548793268618883	0.9412742679179867	8.044017813573333	-0.35734643674808625	0.721820188141017	0.7524857516894916	-5.793345354771594	
LTBP2	-0.04880996202310182	-0.38166196593764334	0.28404204189143967	8.204029546906666	0.2920492450046781	0.7710425513653375	0.800239049124834	-5.813059149868639	
CTSO	-0.07368344431906432	-0.5798002837812339	0.43243339514310536	1.7791512238666667	0.2899465365265185	0.772644599155012	0.800239049124834	-5.813628264084321	
ANG	0.03541281882434833	-0.2140946673202089	0.2849203049689056	8.449177946906667	-0.2826673913700822	0.7781981542969472	0.8033825605848743	-5.815566735527238	
IGFBP3	-0.056603642170604686	-0.5034265379958166	0.3902192536546072	7.91034968024	0.25229448197784043	0.8014926677920056	0.8247618097601606	-5.823124427132232	
EFEMP1	0.05285677791373433	-0.4337809396337085	0.5394944954611771	8.663539146946666	-0.21631852504449667	0.8293174663645317	0.8492057647632786	-5.830967902147301	
GAS6	0.0741010846074386	-0.6140759479828316	0.7622781171977088	11.304206613586667	-0.21444858477374695	0.8307700478897687	0.8492057647632786	-5.8313427080838425	
PROC	0.06919732963436119	-0.5830780606827787	0.7214727199515011	6.675866880213333	-0.21127939071966675	0.8332332425420257	0.8492057647632786	-5.8319705117454586	
SPON1	-0.05968837086975815	-0.7557077319352772	0.6363309901957608	2.6937596802133332	0.1707918721086501	0.8648400689048832	0.8786114075817126	-5.839169312091625	
ANGPTL7	-0.014309706083904333	-0.2401337070371855	0.21151429486937684	0.2563139475333333	0.12620001602545358	0.8999059605817881	0.9087167251632972	-5.845333603010084	
t-PA	0.03280118388595726	-0.48622075864108066	0.5518231264129951	10.129947147226666	-0.12586430850870062	0.9001707998482817	0.9087167251632972	-5.845372993961852	
CFHR5	0.015581244337976571	-0.2767017154630973	0.30786420413905047	9.320532480333334	-0.10616892879203077	0.9157272995330492	0.9215047588360968	-5.847500412385751	
GAL	0.026376764831568852	-0.5958396773439867	0.6485932070071243	1.8778535868933333	-0.08442651023595246	0.9329387254672927	0.935872495044234	-5.8494296492299025	
COL18A1	-0.0015719598283075518	-0.263959847734468	0.2608159280778529	7.87250288024	0.011931538686654617	0.9905114158624687	0.9905114158624687	-5.852681984784433	
