	logFC	CI.L	CI.R	AveExpr	t	P.Value	adj.P.Val	B	
COLA1	0.5952086286433322	0.22431757402101205	0.9660996832656524	6.409927226493827	-3.1907005899814522	0.001987761669142891	0.44982780213439416	-3.655747132150031	
PODN	0.41437906466448654	0.1274293174891845	0.7013288118397886	6.492440205283951	-2.87114517434637	0.005159141286609009	0.44982780213439416	-3.8432634429386017	
PROC	0.9159393330938689	0.2730431705408686	1.558835495646869	6.397315538185185	-2.8326249024842634	0.005761597581829967	0.44982780213439416	-3.8649715850136017	
SPP24	0.7529201857888355	0.22375259300859274	1.2820877785690783	6.507429086765432	-2.8289084599635	0.005823013619862707	0.44982780213439416	-3.8670552780535745	
CO3A1	0.7462151768187221	0.15710564686089046	1.3353247067765537	6.124841063839506	-2.518437760371025	0.013657768801712822	0.5370551426292809	-4.034158694081108	
CO2A1	0.7024272825495691	0.13856555910371038	1.2662890059954277	6.243245294975309	-2.4768057657180687	0.015233988633455424	0.5370551426292809	-4.055472359847562	
CO1A2	0.5934751045755575	0.1151038904059864	1.0718463187451286	6.367081998320987	-2.4666109801571516	0.015644010093555292	0.5370551426292809	-4.060650502855995	
COGA1	0.5702162801128373	0.1051826346800655	1.0352499255456091	6.089913749641975	-2.4379142739545108	0.016851706830453773	0.5370551426292809	-4.075138516576451	
IBP3	0.5120807461747261	0.09354926432927202	0.9306122280201802	6.644664585802469	-2.4326157202825374	0.017083592135189705	0.5370551426292809	-4.077799366654893	
CO8A2	0.5082691456355345	0.08508374494602844	0.9314545463250405	6.335003580148148	-2.387955685207802	0.019154057411801678	0.5370551426292809	-4.100049350273593	
DERM	0.46943141924507015	0.07425768258914356	0.8646051559009967	6.473901976320987	-2.361822595783618	0.020466565324453387	0.5370551426292809	-4.112920598803803	
OSTP	0.8465391419394447	0.13164773447692868	1.5614305494019607	5.984447820716049	-2.354345302980795	0.02085651039337013	0.5370551426292809	-4.116583029428492	
FETUA	0.8698344530780413	0.12518303492416938	1.6144858712319132	6.13506955991358	-2.3224521646800773	0.02259472617801057	0.5370592606927128	-4.132102199251138	
APOB	-0.5358435024801667	-1.0072490205313422	-0.06443798442899096	6.222283317469135	2.2599899094576417	0.026373664926048344	0.5630023988838899	-4.162010933818526	
SDF1	0.37425883707764473	0.03638909775501453	0.7121285764002749	6.318125124111111	-2.2023480799930955	0.030343023349887734	0.5630023988838899	-4.189032523357881	
SCUB3	0.4567581551850326	0.03519602529376242	0.8783202850763028	6.126824976864198	-2.154209382848943	0.034048733518851695	0.5630023988838899	-4.211166174344921	
HPTR	-0.533694183286952	-1.0279021374062312	-0.039486229167672804	6.222644686037037	2.1470686541146518	0.034630692037072315	0.5630023988838899	-4.214415468504194	
MGP	0.7568501795937314	0.05562364780641682	1.4580767113810458	5.991051997086419	-2.1459261474318727	0.03472460252642655	0.5630023988838899	-4.214934533081468	
CFAH	-0.26901024530336726	-0.5207137967445679	-0.0173066938621666	6.689174957333333	2.1249204209814687	0.0364910684986368	0.5630023988838899	-4.224437548362967	
ECM2	0.4111721109727459	0.020294054272434747	0.8020501676730571	6.351315112	-2.091440685094563	0.03946760992410734	0.5630023988838899	-4.239424889044334	
ANX11	0.4808261244645844	0.022777571200531144	0.9388746777286376	6.349280396777778	-2.087083060388943	0.03987005184890771	0.5630023988838899	-4.241361153518703	
CO8A1	0.42045657863853353	0.019474999878128674	0.8214381573989384	6.384753445962963	-2.0847785193940367	0.040084313189144266	0.5630023988838899	-4.24238380198438	
FINC	-0.24027347217974682	-0.473404780705471	-0.007142163654022621	6.426975994037037	2.049124831233247	0.043527941864107446	0.5641624703051353	-4.25808579969892	
CATD	-0.49725539007943775	-0.980412491908583	-0.014098288250292412	6.38894615362963	2.0462294219417085	0.04381844429554449	0.5641624703051353	-4.259351058664841	
CO1A1	0.5179401987175584	0.001279797412977346	1.0346006000221393	6.392985197728395	-1.9931392204715932	0.049447794861343944	0.5698986267183633	-4.282285341019761	
SAMP	0.4141964128668399	-0.0004044771861763108	0.8287973029198561	6.344029016938272	-1.9862746335663173	0.050218924113431505	0.5698986267183633	-4.285213787078963	
SERPH	-0.30416733906672166	-0.609855817974482	0.0015211398410386878	6.248958052728395	1.9783207244501402	0.05112522744513516	0.5698986267183633	-4.28859629048024	
LG3BP	-0.4110981175022795	-0.8276019281643661	0.005405693159807157	5.960565026061729	1.9624097904851707	0.05298006376922382	0.5698986267183633	-4.295328222464632	
ZPI	0.35786478582629455	-0.00616484744484963	0.7218944190974388	6.801392506037037	-1.9545438599671836	0.053917986741593156	0.5698986267183633	-4.298639315618732	
ASPN	0.48920745669174837	-0.01140498729051187	0.9898199006740086	6.308284708148149	-1.942918664188308	0.0553299637590644	0.5698986267183633	-4.303512191942854	
HEMO	0.31357567163462746	-0.0147332180784292	0.6418845613476841	6.861742564790124	-1.898991023185705	0.06095167760476572	0.590897348958422	-4.321701579361953	
ITAV	-0.21063234990846882	-0.43382332994478723	0.01255863012784958	6.389283066160494	1.8763403879918026	0.06403387689212764	0.590897348958422	-4.330941617417257	
IBP5	0.41797520108968605	-0.026169369651429908	0.862119771830802	6.475313065407407	-1.8710670499923692	0.0647699514553001	0.590897348958422	-4.333079150490918	
KNG1	0.408062212226162	-0.02884515037344748	0.8449695748257715	6.800053279839506	-1.8569499966941676	0.06677550999547738	0.590897348958422	-4.338775982809171	
SMOC2	0.30618948517393135	-0.022116703331789056	0.6344956736796518	6.303918481444445	-1.8542760818070578	0.06716118676966965	0.590897348958422	-4.339850835295097	
S10A6	0.27679896149599753	-0.021941481506808136	0.5755394044988031	6.375137390222222	-1.8421866415879535	0.06892829062451777	0.590897348958422	-4.344693833641582	
CTHR1	0.2849353509168909	-0.02619455596330439	0.5960652577970862	6.547092943777778	-1.8208231567237945	0.07214599236593293	0.590897348958422	-4.353185009450297	
PDIA1	-0.2648531360839306	-0.5568132684400721	0.027106996272210915	6.6561969448888885	1.8036188305769218	0.07482739698981603	0.590897348958422	-4.3599606393417725	
HPLN1	0.3771680917765177	-0.039714107187756864	0.7940502907407923	5.586944910135802	-1.7988079014693905	0.07559186378923671	0.590897348958422	-4.361845341174019	
LYSC	0.4717787658841363	-0.0513076985676873	0.99486523033596	6.335009774765432	-1.7931974011819607	0.07649156620820997	0.590897348958422	-4.364037745811571	
CRLF1	0.28287765568914464	-0.03502061403696399	0.6007759254152533	6.401119304333333	-1.7691867294685604	0.08044287184741614	0.6062645707524776	-4.37335287270594	
CD44	-0.2972483455294807	-0.6344646873193744	0.039967996260413086	6.37487291825926	1.7525645644020345	0.08327596159923308	0.6126731460515005	-4.379737263333571	
POSTN	-0.38597577151410456	-0.8293882760350548	0.05743673300684565	6.167287803987654	1.7306741250110316	0.08713195784953394	0.6248081842265842	-4.38806448776593	
CO5A1	0.3397994625862321	-0.052868727894498424	0.7324676530669627	6.384158519358024	-1.7205217202178884	0.08896945018113174	0.6248081842265842	-4.391895274153381	
SAP	-0.43779616497965346	-0.9475256344244146	0.0719333044651077	6.47557878962963	1.7076363988444343	0.09134720144325155	0.6272507832436606	-4.39672866863414	
TIMP3	0.3441394318184752	-0.061416603602565734	0.7496954672395162	6.447962045876543	-1.687123059920481	0.09523960905695691	0.6329351221708653	-4.40435718295798	
SOST	0.5147235459555075	-0.09378009468748427	1.1232271865984993	5.630962891975309	-1.6817988359191007	0.0962716852492902	0.6329351221708653	-4.406323826009849	
SODE	0.399080697461699	-0.07933911927137022	0.8775005141947683	6.097032403604938	-1.6584972480134537	0.10089622540469186	0.6495194510427038	-4.414866004958421	
MIME	0.4656772074999077	-0.09688117659051454	1.02823559159033	5.994809853901234	-1.6458133221411189	0.10348828585355034	0.6526098026274909	-4.4194713048830945	
CO5A2	0.30548492464268834	-0.06662793648245163	0.6775977857678284	6.45810694237037	-1.6322184986986652	0.10632603089109917	0.6570948709069928	-4.42437236020674	
LEG3	-0.36184119209785615	-0.8055664569908283	0.08188407279511595	6.322559338469135	1.621313657991672	0.10864737366773063	0.658007079399255	-4.428277429208233	
THRB	0.4340396712747818	-0.10140504889784663	0.9694843914474103	6.606311827234568	-1.6116768894618556	0.11073258294097495	0.658007079399255	-4.431708919743417	
CCL18	-0.402019005644338	-0.9033585582765289	0.09932054698785286	6.342321299037037	1.5943284977139935	0.11456740215115556	0.6679495710322088	-4.437840207563181	
ITIH2	-0.3774757607940216	-0.8565839380723093	0.10163241648426602	6.455828444271605	1.5664577250225822	0.12095008112466792	0.6754636487536637	-4.44756553509379	
LTBP4	0.271450451853097	-0.07464245675958603	0.6175433604657801	6.279879214283951	-1.5594126797075352	0.1226075081593395	0.6754636487536637	-4.44999941535017	
HORN	0.2944540066424522	-0.08462367897102158	0.673531692255926	6.411611112012346	-1.5443738548664163	0.12620596187119257	0.6754636487536637	-4.455161826348654	
OLFL3	0.26294743039413115	-0.07620540065454057	0.6021002614428028	6.451731726444445	-1.5414756809642256	0.12690895656801415	0.6754636487536637	-4.4561514974208	
APOA1	-0.4664821548535262	-1.0718373885020591	0.13887307879500677	6.078527557827161	1.532102870024396	0.12920372177638473	0.6754636487536637	-4.459340626652077	
HSP7C	-0.1775750993443122	-0.40848515964862764	0.0533349609600032	6.459913903851852	1.5289821124740215	0.12997502113359213	0.6754636487536637	-4.460398569770958	
SULF1	0.2603068116650073	-0.07924021407966697	0.5998538374096816	6.482409927049383	-1.5242239985439967	0.13115799004925507	0.6754636487536637	-4.462007821351854	
TSP2	-0.3222293310360997	-0.7485924744284109	0.10413381235621161	6.349541312938271	1.5026180702838685	0.13663688897476847	0.6865953635813709	-4.469257986717615	
HRG	-0.2702119677781265	-0.6287874142781752	0.08836347872192218	6.863516310839506	1.4982601389566679	0.13776347100985437	0.6865953635813709	-4.470708961518992	
PGS1	0.3378900967088744	-0.11460788431880964	0.7903880777365584	6.219113367382716	-1.4846429159621752	0.1413307003188738	0.6931934348973334	-4.475218121189267	
TETN	0.29046818476074887	-0.10510635747787506	0.6860427269993727	6.501418658296296	-1.4599346947228269	0.14798736159686893	0.7145014802098828	-4.4833041005219885	
LAMB1	-0.207262561802179	-0.4933478516153557	0.07882272801099771	6.45743221274074	1.4404179587376642	0.15341570179310043	0.7192522532668472	-4.4896034712729875	
FA9	0.219950363992322	-0.08490502104325479	0.5248057490278988	6.61181595017284	-1.434478380210852	0.15509795114192576	0.7192522532668472	-4.491505172972291	
ITIH5	0.23765899295525544	-0.09622846696130655	0.5715464528718175	6.252732553012345	-1.4151984275645249	0.1606568689659893	0.7192522532668472	-4.497628456691251	
APOA	0.4022234172072855	-0.16525750034780562	0.9697043347623766	6.03088173571605	-1.4092215703579796	0.16241091223977933	0.7192522532668472	-4.4995112489431195	
COMP	0.3168278715837192	-0.13167556871959185	0.7653313118870303	6.438823830222222	-1.4044969296458147	0.1638078412913399	0.7192522532668472	-4.500994392155328	
FA10	0.28652706000490075	-0.12001357882678587	0.6930676988365874	6.693678265530864	-1.4012798317130901	0.164764297950852	0.7192522532668472	-4.502001671077021	
ITIH3	0.18616368278597026	-0.0783106462317961	0.45063801180373664	6.651483029654321	-1.3995055685877862	0.1652936215721527	0.7192522532668472	-4.502556286705855	
APOC3	0.32354432802490724	-0.14557389374343166	0.7926625497932461	6.702363189679012	-1.371243813887187	0.17390162551688573	0.7192522532668472	-4.511303284965162	
CADH1	0.24420195226553315	-0.11108192264790862	0.5994858271789749	6.526430913395062	-1.366585561022399	0.17535258862963882	0.7192522532668472	-4.512729204496168	
PON1	-0.46017827999839245	-1.1312162499568112	0.21085968996002635	5.940734156518518	1.3634594131582443	0.17633147040367117	0.7192522532668472	-4.51368362361536	
ITA8	0.2486480331459961	-0.11416508806265419	0.6114611543546464	6.024708316740741	-1.3625901220393488	0.17660440434540464	0.7192522532668472	-4.5139486609600095	
CO4A2	0.2733353016889449	-0.12577873870989742	0.6724493420877872	6.165115496395062	-1.3616387809882888	0.17690346682291386	0.7192522532668472	-4.514238535374751	
THSD4	0.30808451243746504	-0.154235403559844	0.7704044284347741	6.168295999296296	-1.3249224443160967	0.18874107066019194	0.7488905695164584	-4.525282742653025	
COBA1	0.35296171555091643	-0.17834915910113042	0.8842725902029633	6.137121454209876	-1.3208152959067974	0.1901013770035197	0.7488905695164584	-4.526500752370098	
AGRIN	0.1885609949586972	-0.09684058714375862	0.47396257706115297	6.403005082950617	-1.313586504286	0.19251341477293113	0.7488905695164584	-4.52863597843586	
CPXM2	0.27204739732974653	-0.14100270228812822	0.6850974969476213	6.40403379825926	-1.3094985961284513	0.19388752608840348	0.7488905695164584	-4.52983863495306	
TARSH	0.2523991683924357	-0.14313635857418477	0.6479346953590561	6.094569940592593	-1.268719499588168	0.20799816374863037	0.782295121386839	-4.541644540247883	
PGCA	0.33038668431378243	-0.18914696768052913	0.849920336308094	5.572999801	-1.2643637763936402	0.20954905558070008	0.782295121386839	-4.542884955695002	
AMPN	0.15991795718860927	-0.09287711962929937	0.41271303400651793	6.669455637629629	-1.2577427269201207	0.2119228328190936	0.782295121386839	-4.544762848469103	
PRDX2	0.24328805801423828	-0.14192546490977906	0.6285015809382556	6.507776259530864	-1.2556900708735659	0.21266275144496596	0.782295121386839	-4.545343159783481	
BGH3	-0.23673226195864575	-0.6172291052485734	0.14376458133128198	6.423071579901235	1.2369996669836019	0.2194875605654266	0.7885501908005915	-4.550586334228244	
LEG1	-0.26895488227330144	-0.7035007605199705	0.16559099597336757	6.0985210295061725	1.2305718905458556	0.2218712580627168	0.7885501908005915	-4.552372473379133	
A2MG	-0.24299974183498405	-0.6367317125385058	0.15073222886853768	6.514412039765432	1.2270671357680325	0.22317889630003077	0.7885501908005915	-4.553342691177791	
APOC4	0.2310819642508082	-0.14447654045850436	0.6066404689601208	6.816299702037037	-1.2233525801606004	0.22457092812444032	0.7885501908005915	-4.554368153164516	
LRP1	-0.170566336350154	-0.45090270529570425	0.10977003259539625	6.486450818407407	1.209698300162157	0.22974212677397557	0.7976440131815555	-4.558112536647024	
HS90A	-0.1764135106304636	-0.4780041672438555	0.1251771459829283	6.54095881908642	1.1629931392533766	0.2480808466985693	0.8032097281846152	-4.570621088047389	
LAMA4	-0.19116283225587927	-0.5236621395837715	0.14133647507201302	6.296038018	1.1430781006010589	0.2562095256274523	0.8032097281846152	-4.575813296224001	
APOH	-0.18682781934231085	-0.5143250415572749	0.14066940287265317	6.679270618407408	1.1342195194662383	0.2598851771947879	0.8032097281846152	-4.578095615804818	
TAGL2	-0.18738805040144613	-0.5170545000770365	0.1422783992741442	6.441099838469135	1.1301350251951539	0.26159239354241204	0.8032097281846152	-4.579142277286921	
VWA1	0.20712203563341353	-0.16157765888501646	0.5758217301518436	6.543600303	-1.116906249616532	0.2671757784432668	0.8032097281846152	-4.582507608627037	
IGHG3	-0.2004965866126672	-0.5579344586979551	0.15694128547262073	6.6455454437777775	1.1152432679515343	0.2678835203917611	0.8032097281846152	-4.582928002937726	
LUM	0.25983877453012993	-0.2047248607666307	0.7244024098268906	6.252522174703704	-1.1120439222925436	0.26924880275666896	0.8032097281846152	-4.583735111137687	
ITB2	-0.18422017642778712	-0.5147160104764118	0.14627565762083758	6.4740089574320985	1.1082414703660164	0.27087776488875953	0.8032097281846152	-4.584691503899921	
CO5	-0.1994659670770406	-0.5582531813235811	0.1593212471695	6.700665376493827	1.1053378501475686	0.272126288960157	0.8032097281846152	-4.585419727771011	
APOL1	-0.22447253350995905	-0.6309402564485647	0.18199518942864656	6.506725899	1.0979949349942666	0.2753015284630826	0.8032097281846152	-4.5872532212413875	
CO5A3	0.2779448221598074	-0.23394348187904257	0.7898331261986574	6.248335308049382	-1.0795594773292592	0.2833865190814854	0.8032097281846152	-4.5918052477206155	
HPT	-0.23494784770485994	-0.6680145100268827	0.19811881461716285	6.575358213654321	1.0786484186920657	0.2837902714577769	0.8032097281846152	-4.592028301294916	
CO4A1	0.23955182157339647	-0.20819673941292935	0.6873003825597223	6.136355107506173	-1.0637228093683104	0.29046128994420767	0.8032097281846152	-4.595656973668432	
TRFE	0.15400600203578466	-0.13637599565673816	0.44438799972830745	6.806662126493827	-1.0544625284203883	0.2946537511447349	0.8032097281846152	-4.597884071020159	
EDIL3	0.1670703302327395	-0.14839987468543916	0.4825405351509182	6.20459360637037	-1.0529413378945414	0.29534637613609876	0.8032097281846152	-4.598248140501354	
CATF	0.16742940849192867	-0.14999844910837595	0.4848572660922333	6.271401598271605	-1.0486966918361023	0.2972849033124756	0.8032097281846152	-4.599261366672188	
LV310	-0.2030370765712304	-0.589141703664252	0.18306755052179122	6.721565022938272	1.045522873054731	0.29874002839852154	0.8032097281846152	-4.600016425519067	
VTNC	0.17029217692330953	-0.15720764810120866	0.4977920019478277	6.652733955876543	-1.0338244952309605	0.30414520897112973	0.8032097281846152	-4.602780612246125	
PRELP	0.22901985162020966	-0.21260012994057914	0.6706398331809984	6.153821586382716	-1.0310687082325085	0.30542806836009057	0.8032097281846152	-4.603427444836558	
ANGI	0.19655735529538226	-0.18481352241524457	0.5779282330060092	6.261120813135802	-1.0247194197547589	0.3083976403763935	0.8032097281846152	-4.604911451108798	
CRIP2	0.19558179935512363	-0.1871337661176984	0.5782973648279457	6.1658634342592595	-1.0160509927730759	0.3124831572631256	0.8032097281846152	-4.606923340146625	
FA12	-0.24239228262269294	-0.7171859949155541	0.23240142967016822	6.663118742283951	1.0150256626857366	0.31296879475725764	0.8032097281846152	-4.6071602307757615	
RNAS4	0.2100842689474782	-0.2033293690208776	0.623497906915834	6.42470055982716	-1.010350190008794	0.315189694838799	0.8032097281846152	-4.608237540559209	
APOC2	0.2530506770873371	-0.245247501280415	0.7513488554550891	6.7050870399999996	-1.0096745213761076	0.31551151414799644	0.8032097281846152	-4.608392832270589	
ITIH4	-0.1608544794737324	-0.4781507951884614	0.15644183624099653	6.746311292567901	1.007932208566161	0.31634238658783276	0.8032097281846152	-4.608792815956869	
CD97	-0.12324285272462696	-0.36731977260080817	0.12083406715155423	6.505751795222222	1.0039179544431627	0.3182622578420016	0.8032097281846152	-4.609711850627356	
TENX	0.1506790981528239	-0.15006663384752575	0.4514248301531736	6.250547146444444	-0.9961316346137933	0.3220082719202002	0.8032097281846152	-4.6114844477335755	
APOD	-0.21514890553535268	-0.645624252890113	0.21532644181940772	6.403715435864197	0.9936971610317822	0.32318548787433443	0.8032097281846152	-4.612035952175045	
IC1	-0.16707021232775424	-0.5016358404261859	0.16749541577067747	6.657188495567901	0.9928437272531391	0.32359885005461486	0.8032097281846152	-4.612228982164997	
SLPI	0.2520369617994445	-0.2566257734453025	0.7606996970441915	6.190982491629629	-0.9851389865893655	0.32734651897117895	0.8032097281846152	-4.613964438266391	
CO8G	0.17113341781164548	-0.17501624401097937	0.5172830796342703	6.613704346259259	-0.9829560620292471	0.3284135098588289	0.8032097281846152	-4.614453772047471	
F13A	-0.19651531214894044	-0.5965242961788291	0.20349367188094816	6.686441059666667	0.976764446132641	0.3314523818870869	0.8032097281846152	-4.615836039131073	
FBLN2	0.1517573723296268	-0.15933838462150393	0.4628531292807575	6.4200369079876545	-0.9698820090477686	0.3348519572181595	0.8032097281846152	-4.61736268130851	
ITAM	-0.15872217357398458	-0.48411498805959097	0.16667064091162184	6.652169025209877	0.9698237980018316	0.3348808077033999	0.8032097281846152	-4.617375549264743	
HV118	-0.1852706911502375	-0.5657949037529538	0.19525352145247885	6.770734257160494	0.9680273298502144	0.33577197229603817	0.8032097281846152	-4.6177723059964695	
IBP7	-0.21031858695732566	-0.6435778779762116	0.22294070406156027	5.878286457950617	0.9651458855228441	0.3372045968700005	0.8032097281846152	-4.618407206736641	
CBPB2	0.22771805291097083	-0.24151844496524358	0.6969545507871853	6.770937063925926	-0.9648701479054198	0.33734190012420684	0.8032097281846152	-4.618467867663902	
KV315	0.195414603454103	-0.20792287509814567	0.5987520820063517	6.6528709771358026	-0.9632779734769215	0.3381354367933578	0.8032097281846152	-4.618817812226013	
FCGBP	0.1520746713956969	-0.16202600225558503	0.4661753450469788	6.226135631691358	-0.9626118683022518	0.3384677840078868	0.8032097281846152	-4.618964050791724	
HS71B	-0.13194459628191624	-0.40501357536379706	0.1411243827999646	6.3504555640123455	0.9606881528039377	0.33942880242596596	0.8032097281846152	-4.6193858422919325	
CYTB	-0.22691110738314715	-0.6971990312939204	0.24337681652762602	6.37910926525926	0.9593014949635463	0.34012262986782327	0.8032097281846152	-4.619689375760148	
A1AT	-0.1578010072750941	-0.4866886685666193	0.17108665401643108	6.801529406074074	0.9539494973663231	0.3428092214331039	0.8032097281846152	-4.620856948441439	
CRAC1	0.15670726244490588	-0.1701114511407553	0.483525976030567	6.440412784037037	-0.953334699378272	0.3431187188361463	0.8032097281846152	-4.620990668001351	
LAMC1	-0.1328089797972987	-0.4117204341222359	0.14610247452763855	6.2229806819506175	0.9467259543251056	0.34645711725170714	0.8049266859456955	-4.6224228392280065	
HS90B	-0.1577086177516936	-0.49094821561236623	0.17553098010897905	6.460910975320988	0.9409401854414756	0.3493970129293561	0.8056990820535153	-4.623668786710987	
MMP7	-0.3905714962649602	-1.225610317920881	0.4444673253909606	5.581928328074074	0.9299445891727399	0.355028436237355	0.8075837261483417	-4.626016365339157	
CYTC	0.14825766870936152	-0.16898962662336703	0.4655049640420901	6.651936649987654	-0.9291427265476107	0.3554413810879433	0.8075837261483417	-4.626186523490715	
IGHA1	-0.19266242213197762	-0.6075537771248943	0.22222893286093912	6.476167138271605	0.9232638330424869	0.3584783185671956	0.8085386893230907	-4.627429721450188	
CATB	-0.15500745259147886	-0.49485437865295523	0.18483947346999752	6.406515165395062	0.9068436704182331	0.3670483584486979	0.8198229253802207	-4.630861708328844	
ANXA2	-0.15198833679635257	-0.4884873499312701	0.18451067633856497	6.392351085037037	0.8980275508038927	0.37170286149994525	0.8198229253802207	-4.6326798215831415	
ITA1	0.13305852670604643	-0.1654749136133781	0.431591967025471	6.379610714185185	-0.886161581152677	0.3780260721134844	0.8198229253802207	-4.635099776901535	
ICAM1	-0.13386105696388936	-0.43481319783340433	0.16709108390562558	6.48677448791358	0.884341499834776	0.3790018998568959	0.8198229253802207	-4.6354682110711485	
ANGL4	-0.13337367691402727	-0.43544059261123336	0.16869323878317885	6.617977409888889	0.8778698952794268	0.38248437838155114	0.8198229253802207	-4.636772302040589	
F13B	-0.2129030770886184	-0.6964026323169866	0.27059647813974985	6.655896333098766	0.875485691249672	0.38377237470202863	0.8198229253802207	-4.637250404644281	
APOE	-0.15724358702980337	-0.5157892286294313	0.2013020545698246	6.493671053308642	0.8719502122005547	0.3856872809945354	0.8198229253802207	-4.637957053395089	
HV169	-0.1840613190366364	-0.6041926261590053	0.23606998808573246	6.626865963074074	0.8710451716767572	0.3861784275186475	0.8198229253802207	-4.638137501807016	
CO6A3	-0.16942262742477515	-0.5571077419792825	0.21826248712973223	6.412496119012346	0.8688713543566179	0.3873596993705898	0.8198229253802207	-4.6385701792573615	
CD5L	-0.1972778953630799	-0.6559912679689817	0.2614354772428219	6.24735803362963	0.8550671421609398	0.39491324603441713	0.8301237620723462	-4.641293317713542	
PGS2	0.25869276265819374	-0.34895157433390545	0.8663370996502929	6.00804771082716	-0.8464435832718293	0.3996776638285632	0.8303453732987952	-4.642973010561592	
FRIL	-0.23637544081367368	-0.7948279113360504	0.322077029708703	6.45453539845679	0.8415488449634057	0.40239753677559786	0.8303453732987952	-4.643919054638175	
CLUS	0.11981264243760113	-0.16633931996385726	0.40596460483905955	6.600123757012345	-0.8324709954316944	0.40747165652576445	0.8303453732987952	-4.645659498787751	
S10A4	0.1424485477843861	-0.19784640519024832	0.4827435007590205	6.314993485555555	-0.8322728186462821	0.4075828599494786	0.8303453732987952	-4.645697289603993	
APOA2	-0.17339680922983264	-0.5883981374638295	0.24160451900416424	6.595097012419753	0.830720270483338	0.40845468201105783	0.8303453732987952	-4.645993046348899	
IGKC	-0.13238654176528333	-0.45817032289481074	0.19339723936424405	6.672066344506173	0.8079371370771796	0.4213779197960775	0.8425491101531339	-4.650271429350854	
GANAB	-0.09180551380578128	-0.3184217632090472	0.13481073559748463	6.685865825308642	0.8054543124115822	0.42280085452518723	0.8425491101531339	-4.650730679326891	
MSRE	0.14183912626953932	-0.20883225764956448	0.4925105101886431	6.549776305506173	-0.8041904530709191	0.42352628522149705	0.8425491101531339	-4.6509639280118185	
MEGF6	0.20052640547710518	-0.30328218374515015	0.7043349946993606	6.049235785444444	-0.7913510713705497	0.4309377570210332	0.8425491101531339	-4.653313255814426	
CFAB	0.12097323402969111	-0.187368867658126	0.42931533571750824	6.751022248333333	-0.7800449969954235	0.4375270920391201	0.8425491101531339	-4.655351519804861	
APMAP	-0.13727365590064602	-0.48776055522564143	0.21321324342434936	6.552777951098766	0.7787151136491425	0.438306026681735	0.8425491101531339	-4.655589392579903	
ANT3	0.10796928028876202	-0.16872448970182602	0.38466305027935005	6.834676015370371	-0.7758254441759084	0.4400013480099656	0.8425491101531339	-4.6561048960371645	
SAA4	-0.17230944818153535	-0.6144450819597437	0.26982618559667293	6.301052622197531	0.7748484462307133	0.44057540153683206	0.8425491101531339	-4.656278765144546	
LAMB2	0.11380851446126558	-0.1784699973523348	0.4060870262748659	6.156957690345679	-0.7741784179786435	0.4409693417348437	0.8425491101531339	-4.656397881614881	
NID2	-0.13891027413274612	-0.49812983085739215	0.22030928259189989	6.271073330802469	0.7688428657139998	0.4441136793882098	0.8425491101531339	-4.657342839890875	
PRG4	0.1392648244836692	-0.22132360584431973	0.4998532548116581	6.853343719197531	-0.7678790892944617	0.4446830361343317	0.8425491101531339	-4.657512850688898	
KV320	0.1345000827261085	-0.21567359114372045	0.4846737565959375	6.606915891074074	-0.7636638838041042	0.4471781684955145	0.8425491101531339	-4.658253970560719	
CO6	0.13815389258617855	-0.22675617139343984	0.5030639565657969	6.799839255160494	-0.752732171346965	0.45368666668404134	0.843585969720225	-4.660157434724486	
ITB1	0.11026112755275431	-0.18286326474458447	0.4033855198500931	6.331870990407407	-0.7478830021228279	0.4565910791290495	0.843585969720225	-4.660993206235601	
CO4A	0.11477781342784672	-0.19609433431442314	0.42564996117011655	6.810276444283951	-0.7340731281603463	0.46492052573789233	0.843585969720225	-4.663344465153502	
TINAL	0.17942357394191386	-0.3102664354879304	0.6691135833717581	5.973301698320988	-0.7284864068160585	0.46831444717767734	0.843585969720225	-4.6642834843784335	
IGJ	-0.18505915284695587	-0.6905893773046378	0.3204710716107261	6.032746538790123	0.7278244429091181	0.4687175119867395	0.843585969720225	-4.664394282735356	
PPT1	-0.10826814109814965	-0.4050326649480132	0.18849638275171393	6.448328547222222	0.7253571402200891	0.4702215538747577	0.843585969720225	-4.664806387527073	
A1BG	-0.09493811333966312	-0.3553614602674075	0.16548523358808126	6.700833235728395	0.724809494846941	0.47055576029693236	0.843585969720225	-4.664897673140638	
CD14	-0.17554682869655625	-0.6585643394684266	0.3074706820753142	6.386861967074074	0.7225922607489323	0.4719102141267085	0.843585969720225	-4.6652665688664126	
CD59	0.10723549764538516	-0.18808302538125998	0.4025540206720303	6.52104874845679	-0.7219565764926603	0.4722989409760483	0.843585969720225	-4.665372127848427	
PCYOX	0.09955475472051578	-0.17676789757252753	0.3758774070135591	6.601624243037037	-0.7163226948667087	0.47575194608925897	0.8448698352964427	-4.666303692389867	
YBOX1	-0.12583432739425043	-0.48110391353811005	0.22943525874960918	6.424494954691358	0.7042134167464499	0.4832211812875963	0.8463751930558292	-4.668281782900191	
EMIL2	-0.12891597030347854	-0.4957335165648694	0.2379015759579123	6.376092952469135	0.6987467699832004	0.48661422692462486	0.8463751930558292	-4.669163955704374	
C1QC	-0.10256602060750457	-0.3950835926063492	0.18995155139134	6.511118540333333	0.6971315516078818	0.4876192652226744	0.8463751930558292	-4.669423320293863	
TIMP2	0.10856473047728922	-0.2019270517428039	0.4190565126973823	6.502968990333334	-0.6951873187750466	0.488830537082372	0.8463751930558292	-4.6697347364488335	
FRIH	-0.14179646057685946	-0.5506168432564862	0.26702392210276726	6.46853378908642	0.6895980790506336	0.4923218474248283	0.8463751930558292	-4.670625241296584	
MARCO	-0.11384398196608882	-0.4437662488226604	0.2160782848904828	6.441111183876544	0.6860592800899727	0.49453936991933634	0.8463751930558292	-4.671185416487297	
ANXA6	0.083287423292351	-0.1587746726373978	0.3253495192220998	6.487264603098765	-0.6840940765344141	0.4957731713369097	0.8463751930558292	-4.6714952785336905	
PRDX1	-0.10700964669545165	-0.42006147144360195	0.20604217805269864	6.346168475703704	0.6796258413190199	0.4985846471205603	0.8464981096717205	-4.672196559967991	
DEF1	0.16330696270030753	-0.32258849588389193	0.649202421284507	6.5012857583209875	-0.6682285927003736	0.5057948495298636	0.854047041009442	-4.673964919343327	
KLKB1	-0.17868435772550245	-0.7170522484195054	0.3596835329685006	6.400090105864198	0.6598885284804585	0.5111061777280961	0.8580128818526335	-4.675240335949569	
LTBP1	0.11236807520855202	-0.22828335671085537	0.4530195071279594	6.333697279345679	-0.6558370023751937	0.5136970328243922	0.8580128818526335	-4.675854244896585	
HEP2	-0.10982109012944091	-0.4550060115920695	0.23536383133318767	6.776965292740741	0.6325533018189686	0.5287201955062613	0.8783577441474986	-4.679310280832672	
ALS	-0.14173314696357028	-0.5919769075169218	0.30851061358978116	6.597032020382716	0.6258740136564623	0.5330714666332461	0.8808507122442408	-4.680279026385427	
AACT	-0.08674782820311375	-0.3732081883320525	0.19971253192582503	6.794592498160494	0.60208425496607	0.5487177907068405	0.8934926288625447	-4.683647197748018	
MFAP5	-0.12146007754577308	-0.5315541210141947	0.28863396592264856	5.925690661345679	0.5888616693444978	0.5575128599038308	0.8934926288625447	-4.685463679876683	
CATZ	-0.12607579304755437	-0.5546750407695101	0.30252345467440134	6.370183154827161	0.5848486573916606	0.5601958836623846	0.8934926288625447	-4.686007112970014	
FBLN1	0.0870447073726928	-0.21421245795019428	0.3883018726955799	6.609460141654321	-0.574471089277858	0.5671635161487275	0.8934926288625447	-4.687395430571304	
MFGM	0.11205867594820394	-0.2778057809674791	0.501923132863887	5.960390761851852	-0.5714721051867281	0.5691849152605626	0.8934926288625447	-4.6877920708654885	
FIBB	-0.21764338358557425	-0.9815984968807216	0.5463117297095732	6.28125079617284	0.5664229219227391	0.5725960944925612	0.8934926288625447	-4.688455239870212	
TR11B	-0.12525242675091897	-0.5749048157482105	0.3243999622463726	6.332003855555556	0.5538248479001414	0.581150040121124	0.8934926288625447	-4.690084567691955	
ECM1	0.08419560618123352	-0.21926870570532964	0.38765991806779665	6.802760033790124	-0.551626341644035	0.5826490144229179	0.8934926288625447	-4.69036519629767	
CD109	0.10541613518334496	-0.27829395391735123	0.4891262242840412	6.430093863037037	-0.5462193289911897	0.5863433868214245	0.8934926288625447	-4.6910506860819465	
PLIN2	-0.08964933945918295	-0.41738960902121663	0.2380909301028507	6.566035551518518	0.5438516875388262	0.587964564158615	0.8934926288625447	-4.691348751340825	
LOXL1	0.08615301338998581	-0.2348456182076062	0.40715164498757783	6.420306077271605	-0.533618016799253	0.5949959317018458	0.8934926288625447	-4.692622366957424	
ALBU	0.0909011709358485	-0.2493032350443724	0.4311055769160694	6.811224764432099	-0.5312424082156973	0.5966337405522679	0.8934926288625447	-4.692914600759187	
ANXA4	-0.15312984053882953	-0.7275650952067512	0.42130541412909217	6.507636799790124	0.530007405018151	0.5974860095647969	0.8934926288625447	-4.693066014701757	
TRFL	-0.16288156212292254	-0.783293726230966	0.457530601985121	6.184925485024691	0.5219811436865179	0.6030385600744752	0.8934926288625447	-4.694041562088441	
HMCN1	0.08834584642081741	-0.24843901659394382	0.4251307094355786	6.248692045814815	-0.5215509794736299	0.603336812855285	0.8934926288625447	-4.694093430647694	
CERU	-0.11472719928001435	-0.5558688757631606	0.3264144772031319	6.542432511407408	0.5170725649797409	0.6064459066127131	0.8934926288625447	-4.694630919539292	
CLC11	0.09597460562029134	-0.27408634352071315	0.46603555476129577	6.247580685506173	-0.515639609501905	0.6074422587844317	0.8934926288625447	-4.694801931558604	
S10AB	-0.07628369000908194	-0.37342880486148644	0.22086142484332252	6.519335690790124	0.5104183637310099	0.6110789303111757	0.8934926288625447	-4.695421075253654	
FIBG	-0.19286902798807756	-0.9450597978254357	0.5593217418492805	6.331453295148148	0.509797480640949	0.6115120368244077	0.8934926288625447	-4.695494285906947	
CSPG2	0.11195055749539752	-0.33166209287532694	0.555563207866122	5.882458094765432	-0.5017478628960181	0.6171396458815154	0.8934926288625447	-4.696435465511514	
FMOD	0.11545900121308861	-0.34282236661459264	0.5737403690407699	5.878964240740741	-0.5009089466906741	0.6177274715064184	0.8934926288625447	-4.696532700648441	
COIA1	0.09580964921409368	-0.2873781588670738	0.47899745729526116	5.899762092728395	-0.49711945579694605	0.620385855549082	0.8934926288625447	-4.696969917529425	
FBN1	0.08691152753797614	-0.26240186108893715	0.43622491616488945	6.417902220777778	-0.4946811301542634	0.6220990526816252	0.8934926288625447	-4.697249504633206	
MXRA5	0.08115950790684155	-0.24840283699611004	0.4107218528097932	6.56216614871605	-0.48962661140319086	0.6256570539443184	0.8934926288625447	-4.697824739326213	
COEA1	-0.08109824816239675	-0.4117071902806871	0.2495106939558936	6.253774869580247	0.4877082139639364	0.6270097939375342	0.8934926288625447	-4.698041533277879	
VWF	-0.09447914085814571	-0.4815518840188797	0.29259360230258835	6.575074773617284	0.48529580602398714	0.6287126937277485	0.8934926288625447	-4.698312958121713	
CEMIP	-0.11262869051677424	-0.5742409687314517	0.3489835876979033	6.290203293901235	0.485104022608431	0.6288481585946608	0.8934926288625447	-4.6983344788706125	
CFAD	-0.08510629654436444	-0.43665198828544594	0.2664393951967171	6.651213652876543	0.4813301933813897	0.6315163585531707	0.8934926288625447	-4.698756240845683	
FHR5	0.09357951818350325	-0.30761228044691263	0.4947713168139191	6.78409926817284	-0.4637585734582774	0.6440039543584937	0.8934926288625447	-4.700677068915871	
TIMP1	-0.10619849960244994	-0.5651236818833574	0.3527266826784575	6.368602312234568	0.4600867062295329	0.6466265613354015	0.8934926288625447	-4.701069515334953	
CCN2	0.07240680079445819	-0.24119343837133936	0.38600703996025576	6.559172641432099	-0.459056527257499	0.6473631650099492	0.8934926288625447	-4.701179064627107	
TENA	-0.09796733119081624	-0.5315097562751346	0.33557509389350215	6.323799448432099	0.44927563604388077	0.6543741776922292	0.8934926288625447	-4.702207036196092	
TRYB2	-0.110503119189605	-0.607844795246879	0.386838556867669	6.41967688108642	0.44175642685184524	0.65978521764118	0.8934926288625447	-4.702982378854874	
IGHG2	-0.07761344281894893	-0.4269505994555198	0.2717237138176219	6.78565071974074	0.4417284389415019	0.6598053926508844	0.8934926288625447	-4.702985240580941	
S10AC	-0.16547332085993358	-0.9126361887184776	0.5816895469986104	5.9653091460617285	0.44032758708085884	0.6608155143505117	0.8934926288625447	-4.703128246012097	
FIBA	-0.15992267601537535	-0.883865445096271	0.5640200930655203	6.35728698954321	0.43920675070968535	0.6616241765531676	0.8934926288625447	-4.703242341684204	
HPLN3	-0.10715689009072656	-0.5968441901416813	0.3825304099602282	5.695803219703704	0.43507532495283413	0.6646083869945256	0.8934926288625447	-4.703660409173954	
IGHG1	-0.06974960179244348	-0.38882301473201525	0.24932381114712826	6.861086689864197	0.43462460381101403	0.6649342804223857	0.8934926288625447	-4.703705781419304	
HV330	0.0814345401693892	-0.2923455341592045	0.45521461449798295	6.7206987601111114	-0.43316733121486617	0.665988400585633	0.8934926288625447	-4.703852159745992	
OMD	0.07428311407565578	-0.2688819588672895	0.4174481870186011	6.46594173582716	-0.4303781511576269	0.6680078301479452	0.8934926288625447	-4.704130963544681	
EMIL1	-0.039215970220023696	-0.22520362085295853	0.1467716804129111	6.416996036209876	0.41922005307673765	0.676110910026648	0.8934926288625447	-4.705228437548554	
MFAP4	0.08361917253905801	-0.31546774324679616	0.48270608832491213	6.025694774506173	-0.41658302489798843	0.6780315714476914	0.8934926288625447	-4.705483626495924	
NID1	0.0681347328305874	-0.2589532234660099	0.3952226891271847	6.142635170506173	-0.41415908936882084	0.6797989086921592	0.8934926288625447	-4.705716784011912	
FCN3	-0.07988371436757463	-0.46437043509113063	0.30460300635598136	6.470597766864198	0.4130856403147923	0.6805821538478617	0.8934926288625447	-4.705819607101439	
A2AP	-0.1236020642141985	-0.7197230217099034	0.4725188932815064	6.735284421469136	0.4122441737017008	0.6811963776445182	0.8934926288625447	-4.70590002389561	
SFRP2	0.0777564714006547	-0.30103465306567156	0.456547595866981	6.586322517148148	-0.4081313376984861	0.6842016083947289	0.8934926288625447	-4.706290734093369	
C1QA	0.0732621815652545	-0.2874902418775003	0.43401460500800926	6.613279408617284	-0.40376975330815223	0.6873941674608395	0.8934926288625447	-4.706700824143252	
PXDC2	-0.06796737469789392	-0.4037383197574335	0.26780357036164565	6.330105118765432	0.40245800978028307	0.6883554412506283	0.8934926288625447	-4.706823302465771	
IPSP	0.0738299786749165	-0.2932088253410884	0.44086878269092145	6.731209024925926	-0.39992997401218666	0.6902094847673507	0.8934926288625447	-4.707058230090434	
CO6A2	-0.08005162097856648	-0.4794622551366088	0.3193590131794758	6.416179005160494	0.3984865798156075	0.6912689098578326	0.8934926288625447	-4.707191703661157	
SAA1	-0.13721789723862482	-0.8229065343447282	0.5484707398674784	5.5771774403209875	0.3978753193616332	0.6917177495555724	0.8934926288625447	-4.7072480836456245	
PLOD1	-0.06452744424723775	-0.390170829165865	0.26111594067138943	6.532435851802469	0.393972036037616	0.6945864677757805	0.8934926288625447	-4.7076060777282045	
CO9	0.07465720201481063	-0.31255761919671954	0.4618720232263408	6.676087885320988	-0.3833389335682486	0.7024237748130886	0.8934926288625447	-4.708563514881822	
LAMA5	0.052248729553253305	-0.21917616617842264	0.32367362528492927	6.126556207271605	-0.3827271295856276	0.7028757061478792	0.8934926288625447	-4.708617811573252	
FGL2	0.07023376454031373	-0.29527416982501453	0.43574169890564196	6.316607349061728	-0.3820430744593342	0.7033811349930899	0.8934926288625447	-4.708678418376107	
S10AA	-0.06216694613791714	-0.39102375740920675	0.2666898651333725	6.534698626135802	0.3758511517680804	0.707962215538049	0.8934926288625447	-4.709222115389072	
S10A8	0.1320112330324342	-0.5669420591835196	0.830964525248388	5.907199343061729	-0.3755138206880412	0.7082121002537317	0.8934926288625447	-4.709251481904631	
THIO	0.051091332912869686	-0.21963403786870997	0.32181670369444937	6.467456631345679	-0.3752161033053899	0.7084326668974869	0.8934926288625447	-4.7092773780537	
C1R	-0.06171062153853874	-0.39513618338860707	0.2717149403115296	6.73321969954321	0.3679800058174702	0.7138012093598021	0.896603958098288	-4.709900510480063	
IGHG4	-0.07393383887651675	-0.4794154844782026	0.33154780672516904	6.479189888382716	0.36252273631635407	0.7178595969883661	0.8972943271443643	-4.710362478569638	
AMBP	0.05784588716230937	-0.26212750745900365	0.3778192817836224	6.478414349222223	-0.35943619679332073	0.7201585538246031	0.8972943271443643	-4.710620720689459	
SBSPO	-0.08083829524021972	-0.5424977375580333	0.38082114707759385	6.245233691283951	0.348143761030754	0.7285913580744718	0.9041555407430194	-4.7115468080546465	
LTBP2	0.05103847645193495	-0.2460389506275673	0.3481159035314372	6.240904769728395	-0.34157906144767547	0.7335091379493162	0.9066172945053548	-4.712071657442332	
PGBM	0.05927436929492606	-0.3026908525079662	0.42123959109781833	6.047174365481482	-0.3255841764403318	0.745537622330255	0.91686386024405	-4.713308820657777	
OAF	-0.04578202763711887	-0.3278769708983802	0.23631291562414247	6.6303222038518514	0.3226732140862659	0.7477336335970892	0.91686386024405	-4.713527624254742	
ELNE	-0.08646160219864461	-0.6411642026892117	0.46824099829192245	6.385907716370371	0.309903349503807	0.7573915520344585	0.9206413506689163	-4.714464354872197	
CO3	-0.045513353731478176	-0.34010573403139727	0.2490790265684409	6.892656477123457	0.307171219521372	0.7594629518296849	0.9206413506689163	-4.714659878101011	
ANXA5	0.036280487272317516	-0.19884296479910724	0.2714039393437423	6.543721045753086	-0.3067894034438871	0.7597525709403679	0.9206413506689163	-4.714687065192221	
FHR3	0.07533199678564403	-0.442934570835986	0.5935985644072741	6.425941944851852	-0.28899443374314127	0.7732879819514868	0.9241392924334736	-4.715916775616986	
HV439	0.038940778554097034	-0.23942914162727516	0.31731069873546924	6.727050568592593	-0.2781285158760865	0.7815878788948226	0.9241392924334736	-4.716631660529218	
KV240	0.04330811358918768	-0.26874588795072973	0.3553621151291051	6.770919463098766	-0.27593240371293365	0.7832684864795574	0.9241392924334736	-4.716772829031991	
PA2GA	0.052980139192882435	-0.3298155108515264	0.4357757892372912	5.90569301225926	-0.2751752020529147	0.7838481854622452	0.9241392924334736	-4.716821244162326	
S10A9	-0.09286688564973063	-0.7787184363948169	0.5929846650953555	5.923303358839506	0.2692117118074656	0.788417961606485	0.9241392924334736	-4.717197911410122	
CO8B	0.05264243641967334	-0.3388550079634286	0.4441398808027752	6.696013105716049	-0.2673438776289126	0.7898508020120277	0.9241392924334736	-4.717314195921917	
FHR2	0.050000271185305915	-0.3236389235800038	0.42363946595061563	6.894823270049383	-0.26606216787391096	0.7908344374259588	0.9241392924334736	-4.71739352347531	
SFRP3	0.04987486336013829	-0.32333608783333745	0.42308581455361405	6.468489112839506	-0.2656993751483347	0.7911129207484758	0.9241392924334736	-4.717415908412864	
A1AG1	-0.07630895123393955	-0.6490931345670096	0.49647523209913047	6.532031377654321	0.26487908091186774	0.7917426868009626	0.9241392924334736	-4.717466409705668	
FBLN5	-0.03596419768353519	-0.30698700304357024	0.23505860767649983	6.361863476419753	0.2638321598744889	0.7925466423782217	0.9241392924334736	-4.7175306370780525	
FHR1	-0.062287090808720635	-0.5577401001690044	0.43316591855156317	6.661331334209876	0.24995323935063324	0.8032254926663847	0.9269278966723896	-4.718358121438856	
MMP2	-0.04369722300178309	-0.3940121943233659	0.30661774831979977	6.404753768975309	0.2480037987062905	0.8047284994935304	0.9269278966723896	-4.7184707791139315	
COCA1	0.04204878864882771	-0.29743972882215003	0.38153730611980546	6.343227822320988	-0.24625870560067603	0.8060745791099945	0.9269278966723896	-4.7185708812698435	
CATG	0.060241166474559	-0.4324168983809033	0.5528992313300213	6.541531364444444	-0.24311455989942735	0.8085012933968042	0.9269278966723896	-4.718749456368464	
PCOC1	-0.03894034103139094	-0.3598520977362926	0.28197141567351075	6.652833670580247	0.24125555159041145	0.8099369970923793	0.9269278966723896	-4.7188539639183915	
C1S	-0.041022316964355474	-0.39445297347227526	0.3124083395435643	6.792172709654321	0.23076989982478596	0.8180470764401989	0.9311202750672771	-4.719428445668441	
TSP1	-0.045279423871575505	-0.4388660503552034	0.34830720261205234	6.526205672209876	0.22873032762859422	0.8196269087970854	0.9311202750672771	-4.719537230103592	
CO6A1	-0.04424594434098685	-0.4457009889436745	0.35720910026170083	6.361893225185185	0.2191289421501289	0.8270739557084226	0.9361386531644783	-4.720036391567714	
PROP	0.03469892628859457	-0.2888557108757339	0.35825356345292303	6.468414586209876	-0.21322179783150302	0.8316635900723374	0.9368772114688942	-4.7203328817298456	
MMP12	0.05954127010387888	-0.5028725164855209	0.6219550566932787	6.271883765654321	-0.210487024800011	0.8337903985564593	0.9368772114688942	-4.72046740643428	
RARR2	0.03472312227780776	-0.33034088050036925	0.3997871250559848	6.558299157864197	-0.18910932800623667	0.8504571105842291	0.9521421998932131	-4.721459241486784	
MUC18	-0.02957135507741421	-0.3515900946796867	0.2924473845248583	6.317941087703704	0.18258002966059705	0.855561508063817	0.9543989385982653	-4.721741049384251	
COFA1	-0.02947180772822758	-0.361279814475403	0.3023361990189478	6.235066496222222	0.176596912591516	0.860244330301872	0.9561708563427281	-4.721990602569702	
PROS	-0.033973304027980544	-0.4299690768971002	0.3620224688411391	6.746012484481481	0.1705730553352495	0.8649640964463617	0.9579709885373683	-4.722233466558988	
APOC1	0.028048094434754603	-0.3127526567578097	0.3688488456273189	6.640104070382716	-0.16363116055563434	0.8704092318903234	0.9585814953676941	-4.722502902892933	
GDN	-0.03339327236870891	-0.44807915920378516	0.3812926144663673	6.471674640037037	0.16010427107991645	0.873178094038731	0.9585814953676941	-4.722635509119255	
CO8A	0.026506114223922038	-0.30701321420496	0.36002544265280406	6.782120948888889	-0.15801133799057301	0.8748219472287694	0.9585814953676941	-4.7227128359681805	
PLTP	-0.041135257897143784	-0.6496149302306812	0.5673444144363936	5.971912468407408	0.1344099264011352	0.8933955926990937	0.9733696419166049	-4.7235144606312485	
CAD13	-0.02895124407534209	-0.4799235399471305	0.4220210517964463	6.077717994580247	0.12763816756154933	0.8987362482872089	0.9733696419166049	-4.723720592806123	
B2MG	0.026116176699033065	-0.3902032984680752	0.4424356518661413	6.2967566000617285	-0.12472286084365872	0.9010369041149497	0.9733696419166049	-4.723806056403279	
FBLN3	0.02096488736039457	-0.31335562638720205	0.3552854011079912	6.29933669825926	-0.12467882504517608	0.901071662130303	0.9733696419166049	-4.723807332205213	
GRP75	-0.014800038785819498	-0.2688941420299366	0.23929406445829762	6.704573975851852	0.115806106379912	0.9080788581195416	0.9733696419166049	-4.724055206936641	
PLMN	-0.0272376337155845	-0.5054542402525753	0.4509789728214063	6.835010756641975	0.11324210013698893	0.9101051538249674	0.9733696419166049	-4.72412343231161	
LYOX	-0.02045435631127928	-0.3934912486411047	0.3525825360185461	6.326413943555556	0.1090177527917979	0.9134448841929244	0.9733696419166049	-4.724232507881123	
C1QB	-0.01917068307049073	-0.3919622911518131	0.3536209250108316	6.577980350716049	0.10224325169996495	0.918803966776717	0.9733696419166049	-4.724398777997526	
CO7	0.01837333583907986	-0.3466991492760702	0.3834458209542299	6.749675996654321	-0.10006267395861194	0.9205297603179561	0.9733696419166049	-4.724450029449364	
ITIH1	0.011378001071039014	-0.24356180674775854	0.2663178088898366	6.473914421641975	-0.08873429624639363	0.9295014222035821	0.9733696419166049	-4.724698514565514	
VINC	-0.011117355375917706	-0.32274287327263745	0.3005081625208021	6.131109227765432	0.07093027901877247	0.943619554943707	0.9733696419166049	-4.725028797929667	
GELS	0.01018849701581269	-0.28567000722437474	0.30604700125600015	6.198608132679012	-0.06846825482270738	0.9455733998656997	0.9733696419166049	-4.725068675163666	
GRN	-0.014575199434857687	-0.4722290413541634	0.443078642484448	6.5857754332962966	0.06331995338777843	0.9496601182911162	0.9733696419166049	-4.7251475102660905	
ANXA1	0.00866504174149768	-0.27428032260711166	0.291610406090107	6.480802019123457	-0.06088793834111363	0.9515911257829316	0.9733696419166049	-4.725182609609271	
PEDF	0.015224099087191465	-0.48967826836783035	0.5201264665422133	6.579544807962963	-0.05994975158962063	0.9523361192187657	0.9733696419166049	-4.725195782379815	
HSPB1	-0.010915804858996877	-0.3830185712761407	0.3611869615581469	5.9923011154444445	0.05832517592623904	0.9536262588517976	0.9733696419166049	-4.725218108817278	
KVD11	0.00974808335105794	-0.3450944757654639	0.3645906424675798	6.685315588345679	-0.054619374750219545	0.9565696391395917	0.9733696419166049	-4.7252667424767525	
APOA4	-0.012662544270780321	-0.49232400364131257	0.4669989150997519	6.419403906666667	0.0524867093207795	0.9582638120017755	0.9733696419166049	-4.725293284213876	
TTHY	-0.01053260601073115	-0.415649817007965	0.3945846049865027	6.728015710283951	0.051691405143224366	0.9588956450001311	0.9733696419166049	-4.725302911494581	
PERM	0.01294769978320996	-0.48884189353216423	0.5147372930985842	6.63763377345679	-0.051301984339175745	0.9592050317272511	0.9733696419166049	-4.725307571891787	
CO4B	0.010883308287923815	-0.4229087292641322	0.44467534583997986	6.734878878419753	-0.049881849581029335	0.9603333518780912	0.9733696419166049	-4.725324268795827	
AEBP1	0.009638376778509648	-0.3808011555048824	0.4000779090619017	6.177297655345679	-0.04908098937964657	0.9609696841348672	0.9733696419166049	-4.725333478064137	
HTRA1	0.009560903639934268	-0.3779013544750971	0.39702316175496566	6.100472144962963	-0.04906058574043069	0.9609858964025122	0.9733696419166049	-4.725333710743207	
IGLL5	-0.0069710364537627694	-0.31246443988529293	0.29852236697776735	6.68787195162963	0.04536894808775991	0.9639194512183855	0.9733696419166049	-4.7253742172816455	
HV307	-0.005313363693103976	-0.4075795671421648	0.39695283975595685	6.6065942559506174	0.026261479547164547	0.9791102219069265	0.9840106883189268	-4.725533257391724	
QSOX1	0.004566197927798603	-0.37207866481355245	0.38121106066914967	6.522503942283951	-0.024103820106435133	0.9808261877094804	0.9840106883189268	-4.725545885170332	
VTDB	0.002253070216402442	-0.31697202588523676	0.3214781663180416	6.6653361380493825	-0.014032688774450798	0.9888367252786902	0.9888367252786902	-4.725590515907175	
