	logFC	CI.L	CI.R	AveExpr	t	P.Value	adj.P.Val	B	
ITIH5	0.47370982951571317	0.08850478012564916	0.8589148789057772	6.269513453	2.462152900495744	0.016834216607512165	0.9935814025633555	-4.175056454839108	
PA2GA	0.6064226530490818	0.08141459990968314	1.1314307061884805	6.106317967740741	2.312618764194185	0.024348471040285584	0.9935814025633555	-4.2318382088021504	
MFAP4	0.46971857215545926	0.032556873811028675	0.9068802704998898	6.108313494611111	2.1512467226610616	0.03567615343973623	0.9935814025633555	-4.290333644417727	
LTBP4	0.45514370089291	0.029459503969617273	0.8808278978162027	6.254335622537037	2.140698984062303	0.036556252665221334	0.9935814025633555	-4.294051246047442	
AEBP1	0.44364911610752034	0.02567375650245801	0.8616244757125826	6.275180052277777	2.12512037239819	0.037890837027579095	0.9935814025633555	-4.299517563015377	
TENX	0.37328487323578136	0.0062658244828590615	0.7403039219887037	6.289040750407407	2.0363216566598403	0.04633863173277023	0.9935814025633555	-4.330109730386667	
CATF	0.3487143405678605	0.0002761517311298811	0.697152529404591	6.27852565562963	2.0037274795830142	0.04982467471407082	0.9935814025633555	-4.3410923415659965	
FCGBP	0.4269278121116756	-0.004658069080479332	0.8585136933038304	6.312844593055556	1.9805317685780268	0.05244092426540638	0.9935814025633555	-4.348825885410488	
SMOC2	0.3519518114250052	-0.020464581319734665	0.724368204169745	6.219313405444445	1.8921214527720265	0.06351978021554994	0.9935814025633555	-4.377662687987038	
EDIL3	0.3187531358851787	-0.02167071183372654	0.6591769836040839	6.18109014225926	1.8746883653122584	0.06592418134349262	0.9935814025633555	-4.383227185890794	
COGA1	0.4313925333755537	-0.03312739537306614	0.8959124621241736	5.851413306759259	1.8593573607356846	0.06810184390398334	0.9935814025633555	-4.388087077446787	
SULF1	0.3084924438116284	-0.03500011283725546	0.6519850004605122	6.427218403407408	1.7981329301836193	0.07741262003375673	0.9935814025633555	-4.407177456724101	
MFGM	0.3554325685296223	-0.045554343972823486	0.7564194810320681	5.972392513092593	1.7746863784182974	0.08124971003413214	0.9935814025633555	-4.414352123733216	
MIME	0.5176452170296001	-0.06721743457337948	1.1025078686325798	5.846066959777778	1.7720375105344575	0.08169299970966805	0.9935814025633555	-4.4151578871965995	
CLC11	0.3462229242599913	-0.046098047888377236	0.7385438964083598	6.300200153629629	1.7668874649291746	0.08256062686091362	0.9935814025633555	-4.416721692809677	
SFRP2	0.4067705576580085	-0.07574386729495786	0.8892849826109749	6.723454980592592	1.687849827721085	0.09686430507928008	0.9935814025633555	-4.4402535565733645	
ECM2	0.3635961915036175	-0.06878292102637223	0.7959753040336073	6.188530319481481	1.6836399175201096	0.09768002643937222	0.9935814025633555	-4.44148207910339	
OMD	0.308829231972103	-0.059099386406772814	0.6767578503509788	6.506418649962963	1.680542213299516	0.09828383516638965	0.9935814025633555	-4.442384417504943	
SODE	0.3915095875609315	-0.08093459050866653	0.8639537656305296	5.911859752740741	1.6591532207688688	0.10253695670966624	0.9935814025633555	-4.448577184323722	
HTRA1	0.35844366035560965	-0.08051723327345861	0.7974045539846779	6.176551868259259	1.6348942501576014	0.10754137987120256	0.9935814025633555	-4.4555207784686734	
COCA1	0.3113587978622465	-0.07132765137048003	0.6940452470949731	6.402516599962963	1.62896837015892	0.1087935462065416	0.9935814025633555	-4.457203915702467	
OSTP	0.6686202582801932	-0.18726154500578662	1.524502061566173	5.673846443407407	1.5640849317937553	0.12329177032059514	0.9935814025633555	-4.475295130212035	
CD109	0.3315652189244359	-0.0996643588121478	0.7627947966610196	6.513587667907407	1.539412539793475	0.12919578996119505	0.9935814025633555	-4.4820103744724635	
FBLN2	0.2744522711154309	-0.08455078199665961	0.6334553242275214	6.397054453740741	1.5306055406254655	0.13135707485241158	0.9935814025633555	-4.484385314405873	
PGS2	0.5095447924299141	-0.1573015118035469	1.1763910966633753	6.092721219592592	1.5298583210202952	0.13154176272257612	0.9935814025633555	-4.484586276029372	
LUM	0.36666556778131054	-0.11794877924795855	0.8512799148105796	6.226953801481481	1.5148458996863174	0.135296272284872	0.9935814025633555	-4.48860595122796	
ANX11	0.46500820387574293	-0.15210039630250294	1.0821168040539888	6.197595119925926	1.508667762080932	0.13686585481143093	0.9935814025633555	-4.490250287441474	
TENA	0.3772651273405959	-0.128270464272502	0.8828007189536938	6.544596276925926	1.494133902049291	0.1406150949536408	0.9935814025633555	-4.494095685870922	
OLFL3	0.28695358341475036	-0.09961755814838513	0.6735247249778858	6.420221945055555	1.4861984938373536	0.14269610865223784	0.9935814025633555	-4.4961816813715245	
SAP	-0.46590403548922205	-1.1012444914223107	0.1694364204438667	6.5398251033703705	-1.4681977560448332	0.14750659782526954	0.9935814025633555	-4.500877893034533	
HORN	0.23533834907120627	-0.0865574151266299	0.5572341132690424	6.337404042851852	1.4637672791671	0.14870988862059428	0.9935814025633555	-4.50202614333733	
COLA1	0.27458067873035114	-0.10183632216966071	0.6509976796303629	6.08428369687037	1.4604790723915	0.1496079082688414	0.9935814025633555	-4.5028764005477955	
MUC18	0.21979390114831243	-0.08295909948253855	0.5225469017791634	6.429451650851852	1.453522555263183	0.15152174412058117	0.9935814025633555	-4.504669718029115	
GRP75	-0.23023070428832948	-0.550419551861597	0.08995814328493801	6.611194728666667	-1.439632476047127	0.15540030015438008	0.9935814025633555	-4.508228105408655	
CTHR1	0.22967521504367375	-0.09022012923101133	0.5495705593183589	6.431352073851852	1.4374766749172012	0.1560091431809085	0.9935814025633555	-4.5087777092762815	
CO8A1	0.32965911463372327	-0.13474498948278857	0.7940632187502351	6.2020876169444445	1.4212276004200877	0.1606581412264616	0.9935814025633555	-4.512897094265329	
FHR5	-0.32962719802583157	-0.7976586439676934	0.13840424791603018	6.583965509796296	-1.410076255989572	0.16391031150485275	0.9935814025633555	-4.515700375638403	
TIMP2	0.22975945958458419	-0.09845416169413915	0.5579730808633075	6.5205396441851855	1.4015590317104056	0.16642838235923715	0.9935814025633555	-4.517828412635054	
CO8A2	0.3520516760443246	-0.1516881838664514	0.8557915359551005	6.096404529240741	1.399247995225087	0.16711675059303926	0.9935814025633555	-4.51840387165453	
HMCN1	0.2409725145133799	-0.10580266304974897	0.5877476920765088	6.215959241481482	1.391278586511566	0.1695073757667943	0.9935814025633555	-4.520381878038651	
FMOD	0.3530462380827378	-0.15531051041722904	0.8614029865827046	5.866186040259259	1.3904570841571138	0.16975529500236228	0.9935814025633555	-4.520585208881903	
TETN	0.29969083748698966	-0.13268844352305376	0.7320701184970331	6.450870603481482	1.3877242723891232	0.17058203167495695	0.9935814025633555	-4.521260847762645	
SDF1	0.29769394033219454	-0.13394001759457513	0.7293278982589642	6.184450696277778	1.3808578846099016	0.1726729256359858	0.9935814025633555	-4.5229532637796765	
COFA1	0.2798101721043322	-0.13533732577333768	0.694957669982002	6.327977201574074	1.3494464899704186	0.18248952497402893	0.9935814025633555	-4.530600729310048	
LAMB2	0.21888203148651028	-0.10730640838786146	0.545070471360882	6.152484630518519	1.3434952627272285	0.18439634394780233	0.9935814025633555	-4.532032030093637	
DERM	0.2651858259521373	-0.13023806198512755	0.6606097138894022	6.240329257240741	1.3427093086337352	0.18464929710441672	0.9935814025633555	-4.53222063570225	
S10A6	0.23897570383536604	-0.11992121181143561	0.5978726194821677	6.299824612314815	1.3331487736150962	0.18774741316903115	0.9935814025633555	-4.534507015151714	
CRAC1	0.28273570377805746	-0.14292476959595274	0.7083961771520677	6.436242809462963	1.3298783778934606	0.18881618332667496	0.9935814025633555	-4.535285782354845	
CRLF1	0.22390181380355811	-0.11558729346489538	0.5633909210720116	6.27278252712963	1.3204633804494594	0.19191872134701202	0.9935814025633555	-4.537518215412407	
PODN	0.22600980264114576	-0.12004370814266388	0.5720633134249554	6.289011667629629	1.3076111362989338	0.1962158422028077	0.9935814025633555	-4.540542794857487	
CO4A2	0.2984215179806784	-0.1631628675076377	0.7600059034689945	6.053194406574074	1.294415248165036	0.20070271984289237	0.9935814025633555	-4.543620687786209	
PCYOX	0.18674996370729052	-0.1145284064046242	0.48802833381920524	6.620831406018518	1.2410439651352287	0.21963509409417595	0.9935814025633555	-4.555782599693582	
LAMA5	0.19415317463094678	-0.11926987540749195	0.5075762246693856	6.156891511351851	1.2402469215524743	0.21992747950086367	0.9935814025633555	-4.555960720900668	
APMAP	0.25581204784178124	-0.1582460886228303	0.6698701843063928	6.770218815814815	1.2369560393029666	0.2211377332792681	0.9935814025633555	-4.55669506167086	
CO5A1	0.26675991902379875	-0.1734672652703984	0.706987103317996	6.20510465537037	1.2132165164904298	0.23001355064720366	0.9935814025633555	-4.561939954546035	
HPLN1	0.27874854627399476	-0.1830862601879864	0.740583352735976	5.420959151740741	1.2084273461834152	0.2318352413019059	0.9935814025633555	-4.562986856318494	
LYSC	0.34015452777563504	-0.22489330575794741	0.9052023613092175	6.190197754537037	1.205273578475761	0.23304058967334237	0.9935814025633555	-4.563674205325994	
LTBP2	0.20824244549658483	-0.14735192363353217	0.5638368146267019	6.255138097722222	1.1724895324030291	0.2458412654047689	0.9935814025633555	-4.570722259963918	
PGS1	0.2813809499054679	-0.1995625929360194	0.7623244927469552	6.065261858703703	1.171372940509439	0.24628598622917935	0.9935814025633555	-4.57095918187889	
C1S	-0.27502725033081815	-0.7461644840968309	0.1961099834351946	6.707983178203704	-1.168753416243581	0.247331571555525	0.9935814025633555	-4.571514189685257	
MMP2	0.23105065452161522	-0.17141900605145116	0.6335203150946815	6.527878994203704	1.149393269817899	0.25515816561759175	0.9935814025633555	-4.575580771028964	
PLTP	0.40717585657993927	-0.31442685942204307	1.1287785725819215	6.217296611888889	1.1297398643588366	0.2632824520314647	0.9935814025633555	-4.57964510938753	
IGHG3	-0.29504916344100646	-0.8184423771518852	0.2283440502698723	6.678255692222222	-1.1286541803324424	0.26373653183639	0.9935814025633555	-4.579867749303996	
PXDC2	0.21897609402498477	-0.17256843613675002	0.6105206241867196	6.4584276107222225	1.1197218103982363	0.2674934835607662	0.9935814025633555	-4.581692010543595	
FETUA	0.511518950886588	-0.4032952309582397	1.4263331327314157	5.720186220351852	1.1194982879497712	0.2675879788872084	0.9935814025633555	-4.581737489210977	
CO4A	0.21807779359216295	-0.17330842078810116	0.6094640079724271	6.813358736722222	1.1155794717968053	0.26924850610893714	0.9935814025633555	-4.582533464533541	
PRELP	0.2915932865502502	-0.23222736177052472	0.8154139348710251	6.078389574074074	1.11452419584249	0.26969689799344004	0.9935814025633555	-4.58274736804347	
LEG3	-0.28305919564427967	-0.7975706759552974	0.231452284666738	6.46095174237037	-1.1014804485079295	0.27528268325301136	0.9935814025633555	-4.585375881245603	
TRYB2	-0.3409622470036371	-0.9709817588368158	0.28905726482954164	6.378864394222222	-1.0835448411544963	0.2830948842239208	0.9935814025633555	-4.588943413890629	
MXRA5	0.22360405607579698	-0.19203497301526945	0.6392430851668633	6.602416377759259	1.0771047712314499	0.2859372473388463	0.9935814025633555	-4.590211147029973	
S10A4	0.1944676219886313	-0.1674125672052915	0.556347811182554	6.269700354981482	1.0759128364386084	0.28646547796898475	0.9935814025633555	-4.590445011360072	
CO5A2	0.21889029539908741	-0.18900585606228718	0.626786446860462	6.2871999420555555	1.0744135919723554	0.2871308592073546	0.9935814025633555	-4.590738830277283	
TIMP1	0.30573388330320517	-0.26466270807421954	0.8761304746806299	6.593744079037037	1.073152014527184	0.2876915900736332	0.9935814025633555	-4.590985776977271	
TARSH	0.24029576373761527	-0.20989393044162338	0.6904854579168539	5.986887514592593	1.06867379423816	0.28968813549435884	0.9935814025633555	-4.591860187418774	
APOC2	-0.25592647589967643	-0.7456805107409084	0.23382755894155544	6.378286200388889	-1.0462411274681411	0.2998333353376227	0.9935814025633555	-4.596189150665886	
FHR2	-0.2244065422220924	-0.6552622374892885	0.2064491530451037	6.780774390592593	-1.042793391044794	0.3014138852983465	0.9935814025633555	-4.596846896448562	
IBP5	0.2750909495684594	-0.2547845310308993	0.8049664301678181	6.251876917592592	1.0394343699331428	0.3029592320763721	0.9935814025633555	-4.59748577026585	
COIA1	0.19880691594903435	-0.18603208564818838	0.583645917546257	5.836457576037037	1.0343011394420756	0.30533124678840984	0.9935814025633555	-4.59845837685584	
CO4A1	0.23284124446021343	-0.219698860636302	0.6853813495567289	6.02889991087037	1.0301428026188892	0.3072620192028053	0.9935814025633555	-4.599242971848244	
HRG	-0.20746754228141573	-0.6150154550001723	0.20008037043734078	6.977768929981481	-1.01921564890348	0.312375119019219	0.9935814025633555	-4.601290626639223	
CAD13	0.264237049619008	-0.2574942215177865	0.7859683207558026	6.191216918388889	1.014008131667245	0.3148319832945906	0.9935814025633555	-4.602259284031071	
APOC4	-0.23424629149368825	-0.7025199599163972	0.23402737692902065	6.532831632574074	-1.001538343149546	0.32076797647196403	0.9935814025633555	-4.6045599168933204	
ZPI	0.1893683758505963	-0.19386076808707675	0.5725975197882693	6.655332262722222	0.9893353325868043	0.3266491927364379	0.9935814025633555	-4.60678547956424	
EMIL1	0.10985357768992222	-0.11247202160445195	0.3321791769842964	6.482812972185185	0.9892802251586758	0.32667591371987414	0.9935814025633555	-4.60679547186501	
PGBM	0.1940935785301968	-0.1993529182208704	0.587540075281264	6.027307523981482	0.9876886854599669	0.32744826256160364	0.9935814025633555	-4.607083830685423	
POSTN	0.28002728525038867	-0.2942525787656336	0.8543071492664109	6.512939997462963	0.976273172763717	0.3330236566732696	0.9935814025633555	-4.609139328933368	
CO5	-0.2037940661296752	-0.6237538315469869	0.21616569928763651	6.753274803222222	-0.971579726933477	0.3353341004769378	0.9935814025633555	-4.6099779192592	
FINC	0.13702547555644198	-0.14640416821944272	0.4204551193323267	6.613919091296296	0.9679449117853776	0.33713067460913304	0.9935814025633555	-4.610624747444317	
CO3A1	0.35000012999745844	-0.3857759361612303	1.0857761961561472	5.758629116944444	0.9523950798172959	0.34488801783862844	0.9935814025633555	-4.6133660984544465	
APOH	-0.18443862698662566	-0.5734687988325334	0.2045915448592821	6.749208234037037	-0.9492119338232101	0.3464902911244172	0.9935814025633555	-4.613922106341065	
FRIL	-0.320178526767522	-0.9955509743715975	0.35519392083655343	6.581149849592593	-0.9491688059921344	0.3465120333662228	0.9935814025633555	-4.613929627522179	
SAMP	0.21413786872318236	-0.24092536344674031	0.669201100893105	6.1707540297222225	0.9421419092190044	0.35006644140821197	0.9935814025633555	-4.615150757813056	
COMP	0.23886590810842082	-0.2779301995288068	0.7556620157456484	6.286501232722222	0.9254000743962374	0.3586302355119262	0.9935814025633555	-4.618025576067351	
SLPI	0.2501453552553881	-0.2925472029373794	0.7928379134481556	6.104423805981481	0.9228543658842571	0.3599441651818983	0.9935814025633555	-4.618458439379239	
PRDX1	-0.16594693814526004	-0.5268732006739015	0.19497932438338147	6.363034389222222	-0.9205456997380275	0.36113842800182816	0.9935814025633555	-4.618850020480888	
TR11B	0.18740552987816067	-0.2248864939834314	0.5996975537397528	6.467757037425926	0.9100642676787298	0.36659245123829054	0.9935814025633555	-4.620616123876661	
SFRP3	0.19058559350072068	-0.2308503317618505	0.6120215187632918	6.45746651825926	0.9054263072964432	0.3690225557154928	0.9935814025633555	-4.621391491404337	
AGRIN	0.16239994830806845	-0.20622846801141662	0.5310283646275535	6.321801839962963	0.8820468845681622	0.38142844258546327	0.9935814025633555	-4.625242725962124	
BGH3	0.19320648102753363	-0.24807227425198158	0.6344852363070488	6.6760074031296295	0.8766036309972768	0.3843540980221549	0.9935814025633555	-4.6261256283456875	
SAA4	0.2132584275164732	-0.28332232139158653	0.709839176424533	6.474295986759259	0.8598266813154817	0.39345972241668614	0.9935814025633555	-4.628814111198904	
PCOC1	0.15287158835221243	-0.2152582818303574	0.5210014585347822	6.723345555740741	0.8314197072752625	0.4091801788439994	0.9935814025633555	-4.633253182064378	
ITA8	0.17651838735815595	-0.2511992753717376	0.6042360500880495	5.880386241518519	0.8262802273916644	0.412064829406809	0.9935814025633555	-4.634041078199001	
VINC	0.1391971342141918	-0.21083311883546255	0.4892273872638462	6.168621609592592	0.7961947440227747	0.42919784633218416	0.9935814025633555	-4.638559305272376	
VWF	-0.16677858804835866	-0.5925498382710193	0.2589926621743019	6.56051535387037	-0.7842572715695157	0.43611210254880317	0.9935814025633555	-4.6403074857308715	
EMIL2	0.14918579772150517	-0.23389238615187677	0.5322639815948871	6.521086523611111	0.7797127846151447	0.4387615219739557	0.9935814025633555	-4.640966329264147	
TINAL	0.19064731966745918	-0.302950183849824	0.6842448231847423	5.8545760034074075	0.7733077159493043	0.44251172545716877	0.9935814025633555	-4.6418886582158585	
COEA1	0.16921142345355794	-0.2724441558858556	0.6108670027929715	6.327301143055555	0.767079809792338	0.44617617947115407	0.9935814025633555	-4.6427784526659766	
VTDB	0.14851720757492182	-0.24045848126239772	0.5374928964122414	6.751916070648148	0.7644496930334528	0.44772903164406475	0.9935814025633555	-4.643152141914574	
IGHG2	-0.14736953414819798	-0.5336071281649077	0.23886805986851173	6.8354353092962965	-0.7639197913978856	0.448042272976934	0.9935814025633555	-4.643227281138498	
FA12	-0.2227887520283705	-0.8109132483835122	0.36533574432677113	6.777249789833333	-0.7584353834812106	0.4512917732214423	0.9935814025633555	-4.644002012394628	
DEF1	0.27227921929841215	-0.44760671507115246	0.9921651536679768	6.608140561222222	0.7572606723956443	0.45198956263019086	0.9935814025633555	-4.644167253229538	
MGP	0.2971598027289775	-0.496575957343464	1.090895562801419	5.501666706314815	0.7495639800573966	0.4565769288837601	0.9935814025633555	-4.645243797719253	
SCUB3	0.1818376151314646	-0.30608343003108773	0.6697586602940169	5.8418078482962965	0.7461545134128448	0.4586175858279148	0.9935814025633555	-4.645717292246549	
HPLN3	0.1728186072062077	-0.2960038737384195	0.641641088150835	5.715205951148148	0.7380345040187174	0.4634987014653704	0.9935814025633555	-4.646836578123392	
APOC3	-0.16798792163669946	-0.6241040271135692	0.28812818384017025	6.367597535648148	-0.7373899999820528	0.46388739550736957	0.9935814025633555	-4.646924911804857	
SERPH	0.13225004726406459	-0.2300188479600021	0.4945189424881313	6.4900868514444445	0.7309023923634446	0.4678103678251445	0.9935814025633555	-4.64780992974607	
APOA2	0.17357500691063255	-0.302077300254753	0.6492273140760181	6.795229359333334	0.730621045236768	0.4679809205654507	0.9935814025633555	-4.647848139197593	
CFAD	-0.15788009702623929	-0.5956126423514683	0.27985244829898975	6.658578967703704	-0.7221262648724338	0.4731470758939803	0.9935814025633555	-4.648995107761406	
CO1A2	0.1990964570648622	-0.35758566547928194	0.7557785796090064	6.014997254518518	0.7160623698212206	0.4768544885683531	0.9935814025633555	-4.64980591962079	
GDN	0.15408060345174426	-0.28474209264295225	0.5929032995464408	6.539267849148148	0.702997019045551	0.48489773530931746	0.9935814025633555	-4.651530405785068	
APOL1	0.17253502687179295	-0.32973640493342166	0.6748064586770075	6.7177117455555555	0.6877544243876466	0.4943759016463941	0.9935814025633555	-4.653503359805631	
IC1	-0.12713561895847908	-0.5020466950852016	0.24777545716824345	6.7411783125	-0.6789433904174359	0.4999008340428369	0.9935814025633555	-4.65462469181471	
LTBP1	0.12106499992864649	-0.23686383351481882	0.4789938333721118	6.253677489740741	0.6771993230192582	0.5009984204286491	0.9935814025633555	-4.654844985274668	
CO2A1	0.21263158444423536	-0.4186997865619966	0.8439629554504673	5.808535337296297	0.6743183831223873	0.5028143365690061	0.9935814025633555	-4.655207671871174	
CO8B	-0.14465716712248863	-0.5802731927419347	0.29095885849695735	6.612547678814815	-0.6648607599411358	0.5088006870662927	0.9935814025633555	-4.656387745304106	
GELS	0.11596783242534177	-0.23410898214230957	0.4660446469929931	6.211983081722222	0.6632370597604169	0.5098322762178467	0.9935814025633555	-4.656588712515908	
YBOX1	-0.14093725419565092	-0.57326875692428	0.29139424853297813	6.427354568351852	-0.6526848286184169	0.5165637292024673	0.9935814025633555	-4.657883125918871	
MMP12	0.2088401746416536	-0.4334055134148921	0.8510858626981993	6.3329532755370375	0.6510396585155399	0.5176174563232214	0.9935814025633555	-4.658083114150933	
FIBB	-0.27215202584782894	-1.1149224314148913	0.5706183797192333	6.327795367611111	-0.6465422182902275	0.5205038705801672	0.9935814025633555	-4.658627318941263	
FCN3	0.1414664279130895	-0.3074622623741679	0.5903951182003468	6.605333449796296	0.6309146622386115	0.5305992753522241	0.9935814025633555	-4.660489729089164	
PLOD1	0.11474527215488818	-0.25261705517904715	0.4821075994888235	6.609596196722222	0.62536673582125	0.5342076232795183	0.9935814025633555	-4.661140216966982	
S10AC	-0.2943811059360564	-1.2370385974954847	0.6482763856233719	6.0532477401666664	-0.6252455412164808	0.5342865894271754	0.9935814025633555	-4.661154364349814	
HV439	0.12338183980219646	-0.2734129387243415	0.5201766183287344	6.762949086074074	0.62255809922805	0.5360391847213508	0.9935814025633555	-4.6614673896011505	
CPXM2	0.1482042244782141	-0.33072113482124077	0.6271295837776689	6.250312580703704	0.6195656671153988	0.537994166498289	0.9935814025633555	-4.661814391145599	
PDIA1	-0.11229242771300559	-0.4774509976490574	0.25286614222304626	6.804571265796296	-0.6156920810050976	0.5405302573341586	0.9935814025633555	-4.662261147766571	
LAMB1	-0.1072825837079022	-0.45922573363131036	0.244660566215506	6.539391017925926	-0.6103111462305305	0.5440633821989406	0.9935814025633555	-4.662877213632149	
CO5A3	0.19872986211164823	-0.4582328860999789	0.8556926103232754	6.144896712166666	0.6056433889333239	0.5471377524891143	0.9935814025633555	-4.66340734939152	
B2MG	-0.15797889560298542	-0.6914524670126326	0.37549467580666185	6.207937831148148	-0.5928990554951641	0.5555763606029724	0.9935814025633555	-4.664834516836779	
S10AA	0.14174017982226167	-0.3370648597266945	0.6205452193712178	6.637916834555556	0.5926917208477605	0.5557141838347796	0.9935814025633555	-4.664857489795991	
RARR2	-0.13789819214265409	-0.610327400213679	0.33453101592837087	6.451857555703704	-0.5844083689619837	0.561234413803867	0.9935814025633555	-4.665768866546364	
LG3BP	0.1314310788929428	-0.31928948353348696	0.5821516413193726	6.243601647611111	0.5838285053464527	0.561621866783466	0.9935814025633555	-4.665832196088797	
CO6A2	0.1391836021675851	-0.34397739846121855	0.6223446027963887	6.5114578972777775	0.576754237827901	0.5663594055377974	0.9935814025633555	-4.666599854141632	
CO6A1	0.1465711098641882	-0.3675897140580191	0.6607319337863955	6.441395430277778	0.5707474604109842	0.5703974487256565	0.9935814025633555	-4.667244480640935	
HEP2	-0.11993879649064763	-0.5415278581955775	0.3016502652142822	6.802522466037037	-0.5695933973861321	0.5711748747938685	0.9935814025633555	-4.667367573683732	
FA9	0.10578341151322691	-0.26643684104660936	0.47800366407306316	6.475671958425926	0.5689998653055401	0.571574904751044	0.9935814025633555	-4.667430785125442	
F13A	-0.13293798344774013	-0.6029303726652429	0.33705440576976253	6.801779662537037	-0.5663082069766585	0.57339074839952	0.9935814025633555	-4.667716637637072	
THRB	0.15561763794608757	-0.4096586580808172	0.7208939339729923	6.356493646518518	0.5511789699167413	0.5836491105451427	0.9935814025633555	-4.669298629294474	
KV240	0.08997675232279112	-0.2375398676269102	0.41749337227249245	6.821958200481482	0.5500365688396045	0.584427264926433	0.9935814025633555	-4.669416378920799	
APOA1	0.20381697068983462	-0.5414349981077496	0.9490689394874189	6.434233724703704	0.5475601131489841	0.5861158185457847	0.9935814025633555	-4.669670809376163	
HEMO	0.08160989988077284	-0.21868790229072055	0.3819077020522662	6.718297986296296	0.5441082182050038	0.5884733359811927	0.9935814025633555	-4.670023576670294	
A2AP	-0.17129803967288215	-0.8028216754745734	0.4602255961288091	6.776188802685185	-0.5430719574191675	0.5891819404436769	0.9935814025633555	-4.670129050336062	
CADH1	-0.1201716923341484	-0.5636960821669276	0.3233526974986307	6.312174879074074	-0.5424744201670139	0.5895907253711221	0.9935814025633555	-4.670189779729124	
FIBG	-0.22116547583859916	-1.0394512383398244	0.5971202866626262	6.374021980444445	-0.5411366308604646	0.5905064149574932	0.9935814025633555	-4.670325505102472	
ANXA2	0.10560658324708169	-0.2910960525622345	0.5023092190563979	6.533359966537037	0.5329917661641713	0.5960958513114587	0.9935814025633555	-4.671144742196808	
IGJ	0.17660632918809943	-0.4987952021326851	0.8520078605088839	6.301153207685185	0.5235266773016932	0.6026222060352796	0.9935814025633555	-4.672081439667682	
IGHG4	-0.12713067901982986	-0.618181918466498	0.3639205604268383	6.5050031391851855	-0.5183440876050285	0.6062096337760509	0.9935814025633555	-4.672587338203794	
APOC1	-0.09279559415659347	-0.45223591492915705	0.26664472661597005	6.5556129673703705	-0.516886462369991	0.6072203768181161	0.9935814025633555	-4.67272873282516	
FIBA	-0.2072392183627771	-1.0116855315651179	0.5972070948395636	6.381320856351852	-0.5157859100117008	0.6079840304656325	0.9935814025633555	-4.6728352307802155	
C1QB	0.10303168751827585	-0.2991899668493593	0.505253341885911	6.63099797587037	0.5128613358460943	0.6100154724268381	0.9935814025633555	-4.6731171504783635	
ASPN	0.14828658369552558	-0.4320535310021798	0.728626698393231	5.9949314096481485	0.5115803594388653	0.6109062262985766	0.9935814025633555	-4.673240136062007	
CERU	0.1321343437455492	-0.3899248100801598	0.6541934975712582	6.721454570074074	0.5067463055401309	0.6142730052498679	0.9935814025633555	-4.673701524840003	
FA10	0.115770275278977	-0.3434384420408434	0.5749789925987974	6.545321267925926	0.5047560537040219	0.615661592189303	0.9935814025633555	-4.673890233025668	
CRIP2	0.09289927585855255	-0.27874746570406145	0.4645460174211666	6.059849204	0.5004683221775579	0.6186579152940834	0.9935814025633555	-4.6742942965087435	
PERM	0.14315353710708303	-0.44691941146820024	0.7332264856823663	6.768711823092593	0.485725576263729	0.629009834826529	0.9935814025633555	-4.675657712858506	
VTNC	0.08458831195967029	-0.26615169564061136	0.4353283195599519	6.567392233425926	0.4828582381392042	0.6310320049772552	0.9935814025633555	-4.675918221571468	
AACT	-0.0820179111741538	-0.42330799026662924	0.25927216791832164	6.829560271259259	-0.48114905221852083	0.6322387477083116	0.9935814025633555	-4.676072784736707	
SPP24	0.14030840098077138	-0.44928531775178293	0.7299021197133256	6.038186489981482	0.4764588753639657	0.6355553302831154	0.9935814025633555	-4.6764941466605086	
CYTB	-0.1272011801966777	-0.6654098519282213	0.41100749153486593	6.527176979518519	-0.4731894399518221	0.6378717096486644	0.9935814025633555	-4.676785463654686	
FRIH	-0.1240586215706858	-0.6498901523335051	0.4017729091921335	6.590149339907407	-0.4723619655642344	0.6384585484254137	0.9935814025633555	-4.676858880637195	
THIO	-0.08647678956345138	-0.45512536682149257	0.2821717876945898	6.390669330611111	-0.46965785484394373	0.6403779037466553	0.9935814025633555	-4.677097917068942	
FHR1	-0.1467579328911394	-0.7846323675540318	0.49111650177175303	6.619075015166667	-0.4606392959417655	0.6467970114649608	0.9935814025633555	-4.677885349307433	
IGLL5	0.08582810716366107	-0.29150644000409875	0.4631626543314209	6.784141621685185	0.455404753797752	0.6505352335519246	0.9935814025633555	-4.6783354809589985	
TAGL2	-0.07069912155766409	-0.3825394651873586	0.2411412220720304	6.5404526946296295	-0.4539168571775099	0.6515994618802368	0.9935814025633555	-4.678462502330369	
SBSPO	-0.11561908457392794	-0.6301690640760038	0.398930894928148	6.187412863722222	-0.4498798642277877	0.6544906153675805	0.9935814025633555	-4.678805072448915	
CD44	0.10225125953420151	-0.3604114539683626	0.5649139730367656	6.636714860962963	0.4424852108463222	0.6598001998731435	0.9935814025633555	-4.679424729194674	
CO6	-0.08524315429347537	-0.4737655671888358	0.303279258601885	6.6638830007592595	-0.43927655892874423	0.6621096118975853	0.9935814025633555	-4.679690452189216	
OAF	0.07570175052154596	-0.26953793904994217	0.42094144009303414	6.680188368685185	0.4390154445018244	0.6622976933636093	0.9935814025633555	-4.679711992203129	
CO8A	-0.08921641508684457	-0.5035348801592302	0.3251020499855411	6.75515612237037	-0.43112685242761867	0.6679901289221889	0.9935814025633555	-4.680356776534422	
TIMP3	0.10925094184890574	-0.4020249484086068	0.6205268321064182	6.294645804	0.4278233363864595	0.6703798168673838	0.9935814025633555	-4.680623361374769	
GRN	0.11586265611858802	-0.4266560805352785	0.6583813927724546	6.634302226759259	0.42758585786452036	0.6705517357144957	0.9935814025633555	-4.680642447162883	
HS71B	-0.0698822259879271	-0.39781766876899965	0.25805321679314547	6.420514922018518	-0.426651195940322	0.6712285414382217	0.9935814025633555	-4.6807174627744645	
ITAM	-0.08360661872938033	-0.4763843365420085	0.3091710990832479	6.721142169444445	-0.42617543346342307	0.6715731548925017	0.9935814025633555	-4.680755584967244	
FBLN5	0.07953069482756472	-0.3003446265398251	0.4594060161949546	6.381402585296296	0.4191681640088309	0.67665697056089	0.9935814025633555	-4.68131219664523	
LYOX	0.10377782188430537	-0.4024463148390497	0.6100019586076605	6.325409394037037	0.41044625468070234	0.683005934082987	0.9935814025633555	-4.681992258015652	
CO6A3	0.09930441344320022	-0.3854570143299634	0.5840658412163638	6.571542210111112	0.4101427969484753	0.6832272490545176	0.9935814025633555	-4.682015664456346	
CCN2	-0.07050901516821716	-0.417161195552097	0.2761431652156627	6.4517245461851855	-0.40723519703693584	0.6853492069379952	0.9935814025633555	-4.6822390664285365	
LV310	-0.08375295585563601	-0.4978602185267182	0.33035430681544614	6.864850598111111	-0.4049318057798733	0.6870320264097558	0.9935814025633555	-4.682414928234357	
ITB2	-0.08229639176582512	-0.4932467240541346	0.3286539405224843	6.619703494425926	-0.4009461544809367	0.689947636169706	0.9935814025633555	-4.682716896863687	
CATZ	0.09603434997617415	-0.3890444351725841	0.5811131351249323	6.526023832777778	0.3963774268583894	0.6932955991463928	0.9935814025633555	-4.683059404317176	
KV315	-0.07991552671468617	-0.485410754799361	0.3255797013699887	6.485872516185185	-0.3945844920282704	0.694611147144754	0.9935814025633555	-4.683192754881829	
CD5L	0.12947505496935946	-0.528160823853087	0.7871109337918061	6.469718676796297	0.3941805572515525	0.6949076607651105	0.9935814025633555	-4.683222715141157	
A1AT	-0.07522153704365328	-0.46011951532240336	0.30967644123509674	6.893722390851852	-0.39128316937812935	0.6970359281258172	0.9935814025633555	-4.683436726679877	
PEDF	-0.12307084877035272	-0.7545880319762357	0.5084463344355303	6.5473674597962965	-0.3901796528323291	0.6978471578219962	0.9935814025633555	-4.683517825224918	
LAMA4	0.07265229500150432	-0.3003149606622791	0.44561955066528774	6.435533676296297	0.39000774078315653	0.6979735677095487	0.9935814025633555	-4.683530438793032	
ITIH4	-0.06582645838796958	-0.4077244014780839	0.27607148470214476	6.8236315546481485	-0.3854771113308504	0.7013081078516852	0.9935814025633555	-4.683860876451151	
CO1A1	0.11787809405780512	-0.4962144016425627	0.731970589758173	6.068128332074074	0.3843208171382878	0.7021600893494202	0.9935814025633555	-4.683944597158808	
ANXA4	0.08601196499715515	-0.3637106187683503	0.5357345487626606	6.597818942296296	0.38292063156329387	0.7031922894126933	0.9935814025633555	-4.684045643107942	
APOE	-0.06924221511945879	-0.43570297463078483	0.2972185443918673	6.551018868074074	-0.37830150554306785	0.7066014279835131	0.9935814025633555	-4.684376396181792	
PROC	0.13928735735928452	-0.6019917329451572	0.8805664476637263	5.807166632444445	0.3762049824492311	0.7081507638272992	0.9935814025633555	-4.684525205521266	
ALBU	0.07107590456315065	-0.30775603233004184	0.44990784145634316	6.778663226	0.3756387660420563	0.7085694122142747	0.9935814025633555	-4.68456525449048	
PGCA	0.093657530749143	-0.41350222569909906	0.600817287197385	5.266975200037037	0.36973665947630147	0.7129386639847297	0.9935814025633555	-4.684979155458412	
AMBP	-0.07394315530887773	-0.47540914935115347	0.327522838733398	6.378488523962963	-0.36876000190263447	0.7136626085221655	0.9935814025633555	-4.685047019579989	
GANAB	-0.057806445657389946	-0.37290465518808824	0.2572917638733083	6.7422696917037035	-0.3673033805640334	0.7147428163705742	0.9935814025633555	-4.6851479038673025	
TRFE	0.05760473062313158	-0.25690442785113377	0.37211388909739695	6.758554854925926	0.36670720894080266	0.7151850973624039	0.9935814025633555	-4.685189080005215	
HV307	0.07688821265687994	-0.34322991398710195	0.49700633930086185	6.65703274312963	0.3664231799201983	0.7153958440967889	0.9935814025633555	-4.685208673880631	
THSD4	0.10972420284462725	-0.4964453871041904	0.7158937927934449	5.900732405555556	0.36241226205971483	0.7183742758528444	0.9935814025633555	-4.68548376153006	
IBP3	0.07728702156959469	-0.3504705504543705	0.5050445935935599	6.24840081962963	0.3617457681239724	0.7188696289075576	0.9935814025633555	-4.685529181904354	
CO8G	-0.07050346044213991	-0.4683145414404384	0.3273076205561586	6.497136788962963	-0.3548363893849407	0.7240119404293952	0.9935814025633555	-4.685995157683763	
QSOX1	0.07633467375008593	-0.35458270498070077	0.5072520524808727	6.571416417259259	0.35466835332298335	0.7241371619183552	0.9935814025633555	-4.686006379182434	
KVD11	0.059816752163803125	-0.2814652297056714	0.4010987340332776	6.744688591537037	0.3509167210942122	0.726934868025638	0.9935814025633555	-4.686255541089707	
PROP	0.0706223415813357	-0.33583869236893255	0.4770833755316039	6.458798896962963	0.3478706508021561	0.7292091691921503	0.9935814025633555	-4.686455909691644	
CO4B	-0.09197557322958509	-0.6233256713439889	0.4393745248848187	6.6331807571666666	-0.34656630198803456	0.7301837906842307	0.9935814025633555	-4.6865411788632745	
ALS	-0.08714071027211148	-0.5947390592811802	0.4204576387369573	6.6782057618703705	-0.34371262829997246	0.7323176402072279	0.9935814025633555	-4.686726623420101	
C1QA	0.06621295444660004	-0.32252279728398314	0.4549487061771832	6.604624504814815	0.3410225336144784	0.7343311197265137	0.9935814025633555	-4.686900044328886	
RNAS4	0.08053478083765715	-0.39272688848189036	0.5537964501572047	6.309200413481482	0.34070361689913703	0.7345699468700866	0.9935814025633555	-4.68692051408169	
MEGF6	-0.09143486309459702	-0.6338522517406978	0.45098252555150375	5.811058910925926	-0.33749924804824455	0.7369710612436506	0.9935814025633555	-4.687125132089846	
TSP2	-0.08237750186349771	-0.5778305185951429	0.41307551486814753	6.486653151129629	-0.3328899889022593	0.7404295163815364	0.9935814025633555	-4.687416093859754	
CFAH	-0.0576752662518239	-0.4060674294916794	0.2907168969880316	6.856903325407408	-0.33144832211372227	0.7415123492613648	0.9935814025633555	-4.687506284128232	
LOXL1	-0.06432487675651612	-0.457250298056845	0.32860054454381277	6.311876826037037	-0.3277656440438451	0.744280782144892	0.9935814025633555	-4.687734906552866	
ICAM1	0.06744904106290046	-0.35875504281509485	0.49365312494089575	6.629048388666667	0.31684931091254415	0.7525068951908724	0.9935814025633555	-4.688397688459579	
COBA1	0.10001911912734608	-0.5409208059146314	0.7409590441693236	5.989915662481481	0.3124354426278294	0.7558412792837303	0.9935814025633555	-4.688659342400665	
S10A8	0.14354436643548762	-0.7805318981315589	1.067620631002534	6.023133564444445	0.31100898195253807	0.7569198776430547	0.9935814025633555	-4.688743122981208	
CCL18	-0.08470902712061978	-0.6307272941590975	0.4613092399178579	6.576870991907407	-0.3106112031224221	0.7572207393298498	0.9935814025633555	-4.68876641785574	
PRG4	-0.0612204030194045	-0.4562745465620604	0.3338337405232514	6.70336872487037	-0.3102659788694495	0.7574818817488228	0.9935814025633555	-4.688786610991282	
KLKB1	0.1006740094902426	-0.5524887833007146	0.7538368022811999	6.594935746962963	0.30859616324227784	0.7587454024083784	0.9935814025633555	-4.688883968117585	
IGHG1	0.058057248207616124	-0.3215642721060499	0.4376787685212822	6.977748281851852	0.3061964966256815	0.7605623462819185	0.9935814025633555	-4.689022964044953	
ECM1	0.047298391869158	-0.26502194787071753	0.35961873160903357	6.76455301162963	0.3032080314796458	0.7628270034667569	0.9935814025633555	-4.689194556798485	
ITB1	0.04748097519532326	-0.2682208436543193	0.3631827940449658	6.254562591037037	0.3011182933897051	0.7644118459001062	0.9935814025633555	-4.689313552032654	
A2MG	0.0625942088107061	-0.3759199939117076	0.5011084115331198	6.745872024703703	0.2857887207831708	0.776068254051905	0.9935814025633555	-4.690161434835202	
MARCO	0.06276184855220909	-0.3865143368119677	0.5120380339163859	6.572465563222222	0.2796899891073168	0.7807202512245232	0.9935814025633555	-4.690486505309717	
S10A9	0.11300085534525124	-0.7293894649700989	0.9553911756606015	6.1284917717592595	0.2685733752633449	0.7892204392254185	0.9935814025633555	-4.691061083151418	
HS90B	0.05292839381236641	-0.3493838417523914	0.45524062937712423	6.605614085296296	0.2634026064013116	0.793183067274434	0.9935814025633555	-4.691320438306015	
A1AG1	0.09646779797508437	-0.6377562493655089	0.8306918453156775	6.669561225907407	0.26305608657243373	0.7934488207017826	0.9935814025633555	-4.6913376395646145	
CD97	-0.031184653098721645	-0.2745219237158888	0.21215261751844552	6.593298456574074	-0.25658240936343796	0.7984181147867608	0.9935814025633555	-4.691654847827611	
CEMIP	0.06436420201524086	-0.4409920014790266	0.5697204055095083	6.42292846387037	0.2550007056086179	0.7996335386341925	0.9935814025633555	-4.691731154423169	
ITAV	0.033739749735756414	-0.23184782502140242	0.2993273244929152	6.5324076649814815	0.25434821720844064	0.8001350736709316	0.9935814025633555	-4.691762495703935	
LRP1	-0.037912618634218576	-0.3364975442485166	0.2606723069800794	6.556226699388889	-0.2542204588969457	0.8002332849733198	0.9935814025633555	-4.691768623016653	
C1QC	-0.03818334498690522	-0.3415883338563139	0.2652216438825034	6.5753783881296295	-0.25196826638716197	0.8019651377497312	0.9935814025633555	-4.691876135157638	
FGL2	0.052345665633849674	-0.37062680762638345	0.4753181388940828	6.2303300211111114	0.24777826988092796	0.8051897421343691	0.9935814025633555	-4.6920736160807985	
MFAP5	0.05277973084933626	-0.3803364244996223	0.48589588619829477	5.994954114222222	0.24398177246678276	0.8081144523219995	0.9935814025633555	-4.692249702225718	
APOB	-0.0706316202732462	-0.6625058357290572	0.5212425951825648	6.543920333648148	-0.23892651168087817	0.8120131461016108	0.9935814025633555	-4.692479966512252	
APOA4	0.06813671538445237	-0.505604615908207	0.6418780466771119	6.446568509777777	0.2377714199620051	0.8129046459523157	0.9935814025633555	-4.6925319061130555	
SAA1	-0.0940528238672132	-0.888429442799838	0.7003237950654118	5.546191548388888	-0.23705001144558957	0.8134615554246758	0.9935814025633555	-4.692564217572073	
IGHA1	0.06248914971115571	-0.47868237982864514	0.6036606792509566	6.703277858907407	0.23118745741959604	0.8179908672269401	0.9935814025633555	-4.69282316951519	
CFAB	0.03999901978811091	-0.3135604834707467	0.3935585230469686	6.710398336037037	0.22650689555184025	0.8216114814272333	0.9935814025633555	-4.693025272717289	
ELNE	0.07843580776149098	-0.6332111661900882	0.7900827817130701	6.559145719425926	0.2206705414357312	0.8261316104117535	0.9935814025633555	-4.693271509960009	
FBN1	0.04169230958624357	-0.35210096540462793	0.4354855845771151	6.3470078566851855	0.21197383297012054	0.832877962555187	0.9935814025633555	-4.693626537362981	
KNG1	0.050744127861630406	-0.43887792691874894	0.5403661826420098	6.532036461759259	0.207500627644268	0.8363529500266176	0.9935814025633555	-4.693803604886958	
FHR3	-0.07285032045366793	-0.7838024572156773	0.6381018163083415	6.370789167962963	-0.20515669627103875	0.8381751357455377	0.9935814025633555	-4.693894883387992	
HSPB1	0.040097992588355454	-0.3649569218579872	0.4451529070346981	5.982505308462963	0.1981998491668898	0.8435886381408492	0.9935814025633555	-4.694159709914809	
CO9	-0.04305010336500906	-0.5014347537773459	0.41533454704732775	6.62890844412963	-0.18803501383990007	0.8515120354052647	0.9935814025633555	-4.694530269361591	
ITIH3	0.02813811786372297	-0.27181458916092066	0.32809082488836655	6.533541678925926	0.1878178448658391	0.851681487682343	0.9935814025633555	-4.694537973945375	
CATG	-0.05230331079449492	-0.6216462370636813	0.5170396154746915	6.550420743592593	-0.18392884578398072	0.8547171722965466	0.9935814025633555	-4.694674441361336	
ANXA1	0.027075044094310285	-0.269476023667608	0.3236261118562285	6.4777045222037035	0.18279498416026352	0.8556026626982871	0.9935814025633555	-4.6947136928350774	
ANXA6	0.02627254166688922	-0.2617712760287959	0.3143163593625743	6.416256247259259	0.18261570542739688	0.8557426877257712	0.9935814025633555	-4.6947198768439105	
HPTR	0.05473412052663523	-0.5560395791468593	0.6655078202001299	6.600441749407407	0.17942064375251918	0.8582389571385822	0.9935814025633555	-4.694829071122105	
PPT1	0.0291184316322662	-0.31094694688557645	0.3691838101501088	6.568749103203704	0.17143526148960544	0.8644841657153264	0.9935814025633555	-4.695093567726619	
ITIH1	-0.02549773172007698	-0.32935719331890817	0.27836172987875424	6.400638266	-0.16800545279927845	0.8671692446315127	0.9935814025633555	-4.69520348263982	
ANGI	0.042823636059956594	-0.4727879679698848	0.5584352400897981	6.1422768824814815	0.16628590979241234	0.8685160098088243	0.9935814025633555	-4.695257754275898	
PLMN	0.039494833185575756	-0.4394319691897385	0.51842163556089	6.9055298992222225	0.16510709479303845	0.8694394973280166	0.9935814025633555	-4.695294637623051	
TRFL	0.06367488325528474	-0.7164508550680388	0.8438006215786082	6.422621742759259	0.16341734295830182	0.8707635729307386	0.9935814025633555	-4.695347050551888	
CSPG2	-0.03985376692242039	-0.5338084102829771	0.45410087643813635	5.701011301296297	-0.16153881712492957	0.8722360066242726	0.9935814025633555	-4.695404687073029	
NID2	-0.03461777898351149	-0.46422546321959635	0.3949899052525734	6.315056595944444	-0.16133245933000692	0.8723977826196729	0.9935814025633555	-4.695410977943529	
VWA1	-0.03622228539084476	-0.49218026432067186	0.4197356935389823	6.388011872407407	-0.15905437601190817	0.8741840684062249	0.9935814025633555	-4.695479892376032	
FBLN3	0.02423307776613671	-0.3345666648106631	0.3830328203429365	6.247118014314815	0.1352231496384945	0.8929082840793929	0.9935814025633555	-4.696142143190686	
HV118	0.030625166362186443	-0.43594714615979024	0.4971974788841631	6.951101996666667	0.13141776820219342	0.8959041425857536	0.9935814025633555	-4.696237972653527	
HV169	0.03130364984723581	-0.44992158053321063	0.5125288802276823	6.825844541481482	0.13023903872764317	0.896832430870476	0.9935814025633555	-4.696267101904487	
F13B	-0.03698071979490025	-0.6077180671974051	0.5337566276076046	6.814464632462963	-0.12972798179741798	0.8972349501600415	0.9935814025633555	-4.696279649881126	
HS90A	0.021764570307533766	-0.3339674055272152	0.37749654614228273	6.664478507722222	0.12249596603582028	0.9029338998341665	0.9935814025633555	-4.696451934008151	
IGKC	0.020944842746422734	-0.32246903658089665	0.3643587220737421	6.822356981444444	0.12211073762911481	0.9032376130391466	0.9935814025633555	-4.696460834200635	
A1BG	0.017953276436176266	-0.29498161446386284	0.3308881673362154	6.813654714388889	0.11486410271158645	0.9089535015574093	0.9935814025633555	-4.6966230390316905	
CD59	0.015291509986256053	-0.2629620606806499	0.29354508065316204	6.457089473888889	0.11002825384719125	0.9127705596148027	0.9935814025633555	-4.696725767736892	
CATD	-0.030695518137856488	-0.5999281471700871	0.5385371108943741	6.743303312537037	-0.10796420133969116	0.9144004030227143	0.9935814025633555	-4.6967682704984135	
KV320	0.01924394208871568	-0.3398351477175319	0.37832303189496325	6.5835244947407405	0.10729970298229206	0.9149251916323016	0.9935814025633555	-4.696781782638413	
ITA1	0.016445370166570775	-0.3129517761278194	0.3458425164609609	6.265897864370371	0.09995819729070317	0.9207256385042524	0.9935814025633555	-4.6969255190049815	
NID1	0.018570735407306384	-0.36655009458048304	0.40369156539509576	6.055519687814815	0.09654431101067931	0.9234244089193641	0.9935814025633555	-4.696988891763872	
CBPB2	-0.021114269036228362	-0.459610719642752	0.4173821815702953	6.636925062722222	-0.09640611076491984	0.9235336792636774	0.9935814025633555	-4.696991410860331	
HPT	0.02447516500116042	-0.48847925164883677	0.5374295816511576	6.751096226777777	0.09553036760444145	0.9242261346340367	0.9935814025633555	-4.697007289959529	
C1R	0.019726169489132046	-0.405618159027234	0.4450704980054981	6.781368312574074	0.09285316422609545	0.9263433785922466	0.9935814025633555	-4.6970549353067845	
SOST	0.02936506496976413	-0.6106052604503668	0.669335390389895	5.224341845425926	0.0918683091972135	0.927122378509746	0.9935814025633555	-4.6970721219315665	
TTHY	0.019646640735874427	-0.4217928952830338	0.46108617675478264	6.745422231648148	0.08910696896204139	0.929306921318895	0.9935814025633555	-4.697119333100509	
CO7	-0.017745962899587	-0.4452596204673963	0.40976769466822227	6.7311295432407405	-0.0831082561976141	0.9340544658919028	0.9935814025633555	-4.697216932176104	
S10AB	0.014261058671482044	-0.33351334009900746	0.3620354574419715	6.577571463259259	0.0821010577303573	0.9348518310032149	0.9935814025633555	-4.6972326529493795	
MMP7	0.03645729635907687	-0.8672903545291856	0.9402049472473394	5.986523067092593	0.08076661309052965	0.9359083690647432	0.9935814025633555	-4.697253186421826	
ANGL4	-0.013448778831830044	-0.3637487405831348	0.3368511829194747	6.6744549976296295	-0.07686654411625025	0.938996880959268	0.9935814025633555	-4.697311269887545	
LAMC1	-0.012773841574344722	-0.38451133124295556	0.35896364809426606	6.264277759981481	-0.06879862489400877	0.9453889003474815	0.9935814025633555	-4.697422305475467	
ITIH2	-0.017497783018225074	-0.565654406856089	0.530658840819639	6.69528411437037	-0.06391060878633563	0.9492633418456391	0.9935814025633555	-4.6974835957008505	
PLIN2	0.013814091597322586	-0.42071485695363925	0.44834304014828447	6.659688720148148	0.06364997110575439	0.9494699693478159	0.9935814025633555	-4.697486737047132	
ANXA5	0.008219818454599076	-0.25795305646526817	0.2743926933744663	6.516091972203704	0.06182911417677197	0.9509135989401252	0.9935814025633555	-4.697508324981484	
HV330	-0.011871415451324654	-0.40174361386511825	0.378000782962469	6.7140098197962965	-0.06096419323525365	0.9515993922415361	0.9935814025633555	-4.697518359980333	
CO3	-0.010141686774365848	-0.35997332031582546	0.3396899467670938	6.902713593444444	-0.05804244645225781	0.9539163057742269	0.9935814025633555	-4.69755121359036	
IBP7	0.01392658024989994	-0.5034717170787706	0.5313248775785704	5.933487452759259	0.05389073229164164	0.9572092528901642	0.9935814025633555	-4.697595123362785	
FBLN1	-0.009230843326615357	-0.352637943801006	0.3341762571477753	6.523851252722222	-0.053817894544341945	0.9572670312725859	0.9935814025633555	-4.697595864647662	
CYTC	0.008862117374901961	-0.3249611316038659	0.3426853663536698	6.540059416222222	0.05315149840023008	0.9577956592029744	0.9935814025633555	-4.6976026001609075	
IPSP	0.011191105398891866	-0.4276476014493461	0.4500298122471298	6.671025880962963	0.0510578653316861	0.959456585334987	0.9935814025633555	-4.697623215381536	
PRDX2	-0.009580332434222702	-0.44702851429819107	0.4278678494297457	6.4258998399629625	-0.04384787565902999	0.9651777682060099	0.9935814025633555	-4.697687872149393	
LEG1	-0.010324215624972908	-0.48738590257445885	0.466737471324513	6.251487627314815	-0.04332884585644971	0.9655896970080533	0.9935814025633555	-4.697692147627585	
HSP7C	0.005800219196368498	-0.2637750411144504	0.2753754795071873	6.596457927518519	0.0430783407509661	0.9657885141498843	0.9935814025633555	-4.697694192935849	
CATB	-0.009176376298768264	-0.439010569266247	0.42065781666871044	6.554762664981482	-0.04274298500780486	0.9660546776903511	0.9935814025633555	-4.697696912464517	
AMPN	-0.0068220662387917	-0.35776666318773404	0.3441225307101506	6.59142828937037	-0.038919922384356896	0.9690892146281308	0.9935814025633555	-4.697726413092532	
APOD	0.009806638098137165	-0.5104611694877448	0.5300744456840192	6.608871658	0.037738774107702294	0.9700268401877213	0.9935814025633555	-4.697734968951658	
CLUS	-0.005598092579072319	-0.31333848476996085	0.30214229961181616	6.50595091437037	-0.036420857576976606	0.9710730860004315	0.9935814025633555	-4.697744204326687	
MSRE	-0.006864616940070902	-0.47830339261827737	0.46457415873813557	6.491060736407407	-0.029153157683164763	0.9768435154307933	0.9936023798907505	-4.697789237418858	
PON1	-0.010969777602087713	-0.7871758293825997	0.7652362741784242	6.278012128666667	-0.028295370998713265	0.9775246714782788	0.9936023798907505	-4.697793893974787	
APOA	-0.0073617498361517545	-0.6804248030893632	0.6657013034170596	5.834252818092593	-0.021898778871597052	0.9826046089365459	0.9939571444836597	-4.697824233649174	
ANT3	-0.0032755034258533586	-0.335238464223689	0.3286874573719823	6.743868352333333	-0.01975527241345252	0.9843070751197407	0.9939571444836597	-4.697832670765013	
PROS	0.002242856596319417	-0.45902475951734384	0.46351047270998263	6.750572350388889	0.009735160932137329	0.9922663276439463	0.9955756095680017	-4.697860594166156	
TSP1	0.0022334952241889463	-0.46235671971626674	0.4668237101646446	6.522698815944445	0.00962519559752922	0.9923536820289467	0.9955756095680017	-4.697860795346617	
CD14	-0.000951963926507139	-0.6000761318835084	0.5981722040304942	6.505454899685185	-0.0031812532761724497	0.9974727563466708	0.9974727563466708	-4.697868593604534	
