	logFC	CI.L	CI.R	AveExpr	t	P.Value	adj.P.Val	B	
FINC	-0.390412470272683	-0.6325791531266959	-0.14824578741867012	6.4501432628133335	3.2090279197974034	0.001926578561608365	0.5953127755369848	-3.7259893231648165	
SERPH	-0.4193316918688618	-0.724016557435019	-0.11464682630270456	6.265555929506666	2.7394981501127464	0.0076063678089609895	0.8201435719834204	-3.9729571763037552	
FHR5	0.4980689838148004	0.10958745788292734	0.8865505097466735	6.67299835108	-2.552015655812904	0.012642424853651852	0.8201435719834204	-4.064181833419611	
POSTN	-0.6311401745491847	-1.1350922975533688	-0.12718805154500046	6.233805203973334	2.4928764447381337	0.014766439662183793	0.8201435719834204	-4.091991156882669	
LG3BP	-0.5277577189711337	-0.9769139392397366	-0.07860149870253069	5.960333182106667	2.338844686358706	0.02187692239605933	0.8201435719834204	-4.1621333521047745	
TENA	-0.5082793949583148	-0.9430539393932096	-0.07350485052341987	6.443357511346667	2.3270333263372267	0.02253086030663874	0.8201435719834204	-4.16737165916211	
CD44	-0.4305147261550866	-0.7995961313944804	-0.06143332091569287	6.405158174653334	2.321828049277927	0.02282450715892096	0.8201435719834204	-4.169673714603581	
HPTR	-0.6559887304805009	-1.222329514943978	-0.08964794601702397	6.2172290307599996	2.305593546853648	0.02376222667370302	0.8201435719834204	-4.176827965308481	
CADH1	0.3976280651805426	0.05243355491166607	0.7428225754494191	6.4997191218533334	-2.292859045057735	0.02452145559352643	0.8201435719834204	-4.182412670198594	
APMAP	-0.42176670564838664	-0.8119202658945469	-0.03161314540222637	6.639095989826667	2.151795161346386	0.03447345034975024	0.8201435719834204	-4.242648406064424	
APOC4	0.41822714799625405	0.030679899428235236	0.8057743965642729	6.744433462933333	-2.1480865206223347	0.034776852301487124	0.8201435719834204	-4.244191059202517	
PROC	0.6938246685789629	0.039296705510144525	1.3483526316477812	6.48079442788	-2.110015953395882	0.03802814760352344	0.8201435719834204	-4.259903220430661	
PA2GA	-0.49220037296945124	-0.957794350715069	-0.0266063952238334	6.082868555346667	2.1042570536378897	0.03854223550032799	0.8201435719834204	-4.262260251262037	
APOC3	0.4934878947778781	0.01372199877596919	0.9732537907797869	6.644891666866666	-2.0474407291158987	0.043945021364459574	0.8201435719834204	-4.28523351023414	
IBP3	0.4711515980044205	0.010888986513015508	0.9314142094958255	6.663655772053334	-2.0376011572756	0.04494407052006308	0.8201435719834204	-4.2891598900746315	
APOB	-0.5515973406256702	-1.0905882994771954	-0.012606381774145081	6.181972302826667	2.037065018087346	0.04499906309026291	0.8201435719834204	-4.289373385396124	
APOA1	-0.6777583820447727	-1.3484681395078848	-0.007048624581660445	6.11734119248	2.011427948539017	0.0476970321714557	0.8201435719834204	-4.299528364019392	
CO8G	0.3165414692674852	0.0031789788634858374	0.6299039596714846	6.60263917724	-2.010702469267895	0.047775353707772056	0.8201435719834204	-4.299814189098517	
CATD	-0.5072237063576448	-1.018419653282637	0.0039722405673473515	6.373694294493333	1.9750420605955468	0.05176331451835095	0.8418349571668655	-4.313758535117302	
BGH3	-0.4031568616565182	-0.8198810145323048	0.013567291219268307	6.476446272226666	1.9257042586782946	0.05774629490554679	0.8554290105270315	-4.332708460587666	
SPP24	0.5487389013230441	-0.028206333041584042	1.1256841356876723	6.57724117492	-1.8931950769575325	0.06200073747133755	0.8554290105270315	-4.344974921300244	
ITAV	-0.24754227373748935	-0.5124067240582353	0.01732217658325655	6.38975855576	1.8603296643585399	0.06656748024040247	0.8554290105270315	-4.357196412192486	
SOST	0.540872486932906	-0.04182346337017928	1.1235684372359913	5.634895088013334	-1.847638903172006	0.06840491456306934	0.8554290105270315	-4.361867052475635	
APOL1	-0.4261969471275898	-0.9122147628482226	0.05982086859304292	6.5537835268133335	1.7455100460771473	0.08479157710807893	0.8554290105270315	-4.398455332452736	
APOC2	0.462734545576075	-0.06611612087384772	0.9915852120259978	6.61532798564	-1.7416587843391897	0.08546799273202431	0.8554290105270315	-4.399799956560665	
HSP7C	-0.2028549641764124	-0.4438175303321723	0.03810760197934751	6.4585851383733335	1.6757154269466832	0.09775529814982951	0.8554290105270315	-4.42242170829415	
CO1A2	0.43708705351523036	-0.08298442367212266	0.9571585307025834	6.435252921653333	-1.672896661209794	0.0983110467575957	0.8554290105270315	-4.423371668375313	
A2MG	-0.35816227524030053	-0.7858259377446178	0.06950138726401678	6.544136930173333	1.6670234027778135	0.09947728154404081	0.8554290105270315	-4.425346524058814	
TIMP1	-0.3887044665756578	-0.8533068128303507	0.075897879679035	6.4761295662	1.6653378002609043	0.09981405605004365	0.8554290105270315	-4.425912174125495	
SFRP2	-0.3555788516292732	-0.7833074712164161	0.0721497679578697	6.73117268876	1.654747830328121	0.10195112953177124	0.8554290105270315	-4.429454424646884	
PLTP	-0.4759108599226504	-1.050805840483524	0.0989841206382232	6.122717822546667	1.647787886289851	0.10337576375740835	0.8554290105270315	-4.431771638669744	
SAA4	-0.41319264655531024	-0.9131395926534487	0.08675429954282815	6.35727728612	1.6451021559698307	0.10392980177886674	0.8554290105270315	-4.432663514748379	
PODN	0.2319431119222108	-0.04962908392007587	0.5135153077644974	6.56408825816	-1.6396679941158647	0.10505816592452168	0.8554290105270315	-4.434464167424219	
CO2A1	0.5072545869391859	-0.10902617715035279	1.1235353510287247	6.318405226466667	-1.6383684568814036	0.105329468462262	0.8554290105270315	-4.434894001185487	
CO1A1	0.4418497570425269	-0.09527816353604351	0.9789776776210972	6.434662311093334	-1.6374238047727463	0.1055270375336939	0.8554290105270315	-4.435206264817205	
APOA2	-0.3817717430026789	-0.846335772236005	0.08279228623064716	6.64764075232	1.635770638396354	0.10587350960062791	0.8554290105270315	-4.435752352226906	
VWA1	0.3046208354730033	-0.06729503937312925	0.6765367103191358	6.530053777933333	-1.6303434244301311	0.10701741827000423	0.8554290105270315	-4.437541691306575	
COLA1	0.3438611465436877	-0.07733785795414361	0.765060151041519	6.507544221826667	-1.6250247440432353	0.10814811266451528	0.8554290105270315	-4.439290151796215	
KNG1	0.36895945226771537	-0.08741258052222728	0.8253314850576581	6.831565876826667	-1.6092511421717324	0.1115581612734218	0.8554290105270315	-4.444445837561802	
SCUB3	0.3325549189371511	-0.08436018519938021	0.7494700230736824	6.1794145728	-1.5877420772093602	0.11634688925170561	0.8554290105270315	-4.451404322456737	
AEBP1	-0.34319008319984584	-0.7739491383784437	0.08756897197875202	6.279395145013333	1.5858588193260403	0.11677389417940136	0.8554290105270315	-4.452009623143157	
CO6	0.2954676055567615	-0.07605905079398151	0.6669942619075044	6.771678857026667	-1.5830116138903623	0.11742184264614715	0.8554290105270315	-4.452923534654018	
CFAH	-0.2290987900548954	-0.5225937946521819	0.06439621454239117	6.65745175296	1.5537684162587977	0.12424449332057172	0.8554290105270315	-4.462225448905258	
KV315	0.3298378285573799	-0.09391731362491579	0.7535929707396756	6.631354995253333	-1.5493505434651524	0.1253020920801918	0.8554290105270315	-4.463617259377364	
MMP2	-0.27706489632661274	-0.6371486396168932	0.08301884696366768	6.47785423936	1.5315888556010393	0.12962641202968106	0.8554290105270315	-4.469177120196116	
LAMA4	-0.24844625181401234	-0.5716135555486643	0.07472105192063969	6.302073687813333	1.5302741490372918	0.12995113252784135	0.8554290105270315	-4.4695863740555	
EMIL2	-0.2731417266612062	-0.6317235912172585	0.08544013789484617	6.4188538062	1.5162259902334188	0.13346120221171823	0.8554290105270315	-4.473939722424272	
MEGF6	0.4026391399249502	-0.12981374425316966	0.93509202410307	5.989723341746666	-1.5052166488140837	0.13626390850981157	0.8554290105270315	-4.477326162987784	
ITIH3	0.18794613186527667	-0.06184160829399549	0.43773387202454883	6.661130275973333	-1.497705692288601	0.13820243708565746	0.8554290105270315	-4.4796237662294285	
COFA1	-0.2599598826739579	-0.6070662579127762	0.0871464925648604	6.299895492146667	1.490760748713493	0.14001409086755776	0.8554290105270315	-4.481739011502333	
PDIA1	-0.2117168768132281	-0.4961350596122615	0.07270130598580532	6.61953232972	1.481706987404365	0.14240374729739239	0.8554290105270315	-4.484483230358405	
IGJ	-0.4558650903739949	-1.0810029828534682	0.16927280210547835	6.10444060828	1.4515256640001348	0.15060079828420514	0.8554290105270315	-4.493522057949646	
PXDC2	-0.2507531426999974	-0.5965374346907983	0.09503114929080358	6.39290347116	1.4434619212181474	0.15285177490889618	0.8554290105270315	-4.495908486590215	
PGCA	0.37776990202864863	-0.14797627556471876	0.9035160796220161	5.562370601666666	-1.4302614628729593	0.15659284427817033	0.8554290105270315	-4.499789041436389	
CO3A1	0.4337175168538998	-0.17317449722115075	1.0406095309289505	6.25616275696	-1.4225244751111394	0.15881820728965096	0.8554290105270315	-4.502048423481179	
GRP75	0.19847696191500333	-0.08088258961721614	0.4778365134472228	6.6348151616	-1.4141998478731403	0.16123974934114116	0.8554290105270315	-4.504466947509795	
ITIH2	-0.3608095733907312	-0.8719931972378185	0.15037405045635616	6.43898074392	1.4049644236494139	0.1639593762235136	0.8554290105270315	-4.507134940941138	
THSD4	0.3026810275419321	-0.13105720391114106	0.7364192589950053	6.17326118884	-1.3890622306521234	0.1687245692069789	0.8554290105270315	-4.511691473579553	
TENX	-0.21121252139490299	-0.5139296501607163	0.09150460737091037	6.366631145653333	1.3888229132253618	0.16879708273804117	0.8554290105270315	-4.511759684319682	
PON1	-0.5010892595828993	-1.2228618204889758	0.22068330132317737	5.937549013333333	1.3819073724216402	0.17090281033127624	0.8554290105270315	-4.513726121556755	
EMIL1	-0.15031291232915803	-0.3676417532876799	0.06701592862936381	6.4480628474533335	1.3767121111089347	0.17249787165291416	0.8554290105270315	-4.515197486129751	
CD5L	-0.39532873195763596	-0.972012112433591	0.18135464851831906	6.284624682253333	1.3645364816972059	0.17628049054093597	0.8554290105270315	-4.518625881706329	
HS90B	-0.23919599710487066	-0.5928046718071716	0.11441267759743029	6.483329432946666	1.346465420413004	0.18201036196923906	0.8554290105270315	-4.523662763610251	
HPT	-0.3405786230614612	-0.8488102870031948	0.16765304088027239	6.57352107888	1.333889560820368	0.1860801809157685	0.8554290105270315	-4.527131547432761	
HS90A	-0.2014902601880161	-0.5025267906537076	0.09954627027767546	6.544697259186667	1.3322909111565937	0.1866024115954587	0.8554290105270315	-4.527570354197066	
HEMO	0.23831339267536122	-0.11807073728499923	0.5946975226357216	6.910086998106666	-1.3310497877297967	0.1870086095671215	0.8554290105270315	-4.527910690828381	
CATB	-0.2333869725686699	-0.5843669410269849	0.11759299588964514	6.422775316506667	1.3236052690333036	0.18945904807234004	0.8554290105270315	-4.529945965724777	
PLIN2	-0.23600190469911464	-0.593358145492373	0.1213543360941437	6.583549841026667	1.3145537383522508	0.19247084168141496	0.8554290105270315	-4.532406401619743	
MFAP4	-0.28853823544437085	-0.7276461817729469	0.15056971088420523	6.142014457226667	1.3079654812370027	0.19468546170814233	0.8554290105270315	-4.534187455376346	
DERM	0.2693719087072733	-0.14654086103144792	0.6852846784459945	6.558864587906666	-1.2891820690386069	0.20110396358562338	0.8554290105270315	-4.5392198890905044	
CCL18	-0.3304426582221205	-0.8456920580990733	0.18480674165483235	6.306554659186666	1.2765646676270794	0.20550297041190815	0.8554290105270315	-4.542562476962928	
CCN2	0.2054388756747465	-0.11876956650558762	0.5296473178550807	6.526878930106666	-1.2613119710865706	0.21091541554068824	0.8554290105270315	-4.546562476418982	
ASPN	0.3717967916875184	-0.21808224492545442	0.9616758283004911	6.356201634173333	-1.2546046215301392	0.21332851830490082	0.8554290105270315	-4.5483073291868195	
TR11B	-0.31737927080959283	-0.8240724233932695	0.18931388177408381	6.38272112236	1.2468026886831398	0.21616089507007333	0.8554290105270315	-4.550326040782184	
PRDX2	0.25559708686321203	-0.15283678977232057	0.6640309634987447	6.53954657704	-1.245656649397794	0.21657926131486324	0.8554290105270315	-4.550621585692235	
MARCO	-0.21803913521511972	-0.5676537061492254	0.13157543571898597	6.4721113680533335	1.241392547458963	0.2181411042697012	0.8554290105270315	-4.55171900600009	
RARR2	0.22356585957361336	-0.1402795623536216	0.5874112815008483	6.502893551906666	-1.2230741192981462	0.22494458445701318	0.8554290105270315	-4.5563935800382165	
IGHA1	-0.29084666484194616	-0.7674684059188295	0.18577507623493716	6.511384796973333	1.2146592078932092	0.22812116433231305	0.8554290105270315	-4.558519194509017	
CLC11	-0.23531137742970665	-0.6220329891202403	0.15141023426082695	6.344369161226667	1.2111799991481913	0.22944401813129825	0.8554290105270315	-4.559394040214156	
ANXA2	-0.2185246691696272	-0.5798240421327744	0.14277470379351997	6.415920881586667	1.2039195615459732	0.2322224551237695	0.8554290105270315	-4.561212118656134	
APOD	-0.2734677438267261	-0.7374663084649529	0.1905308208115007	6.419766380866666	1.173150359387967	0.2442672901306091	0.8554290105270315	-4.56880335267638	
COCA1	-0.21079595861250497	-0.5685766473017311	0.14698473007672117	6.421035092826667	1.1727612077314737	0.24442243792791474	0.8554290105270315	-4.5688981822080965	
HTRA1	-0.2585741916078574	-0.7027619647656111	0.18561358154989638	6.185953654986666	1.1587314194714111	0.2500630174406598	0.8554290105270315	-4.572297261534862	
ICAM1	-0.210648953456811	-0.573051460277261	0.15175355336363894	6.506057072386667	1.1569972325019366	0.25076661902689745	0.8554290105270315	-4.572714743605489	
ANGI	0.21884176893197396	-0.15785927800765506	0.595542815871603	6.277246539946667	-1.1563720787195666	0.25102060406181825	0.8554290105270315	-4.5728650967681395	
TIMP3	0.25362322567784196	-0.1838412394463001	0.6910876908019841	6.509284801226666	-1.1540123267224212	0.2519809633866797	0.8554290105270315	-4.573431942397428	
SAMP	0.2441351997904853	-0.1780965673443416	0.6663669669253123	6.428957788466667	-1.150916201643818	0.2532449638770111	0.8554290105270315	-4.574174023241238	
CSPG2	0.25779531912949494	-0.19128084934911332	0.7068714876081033	5.835133499706667	-1.142665792625839	0.2566351672438787	0.8554290105270315	-4.576142323908686	
MGP	0.44002326881303044	-0.33536878489231003	1.2154153225183708	6.09605175404	-1.1295839277700706	0.2620762836606081	0.8554290105270315	-4.579235919055407	
PLOD1	-0.1945893361104765	-0.5419024691098894	0.15272379688893636	6.56488086324	1.1152238231781249	0.2681420008375414	0.8554290105270315	-4.582593104075913	
ITA1	0.1712943248741052	-0.1348396254524871	0.4774282752006975	6.372125293	-1.1137704378476603	0.26876134611976976	0.8554290105270315	-4.582930624822387	
FCN3	-0.23599593154100734	-0.6589334770427713	0.18694161396075665	6.520759103853333	1.1106890311058006	0.2700777652769736	0.8554290105270315	-4.583644846935574	
AMBP	0.1714601413751372	-0.1373896184414395	0.4803099011917139	6.444411034813333	-1.1050453896504793	0.2725004767894279	0.8554290105270315	-4.584948106447075	
TSP2	-0.25857919758563286	-0.7285176718044937	0.2113592766332279	6.29460165452	1.095258893632224	0.2767374798031933	0.8554290105270315	-4.587193172288042	
CYTC	0.19184403129497773	-0.1581989595697615	0.541887022159717	6.654338875986666	-1.0909155025746182	0.27863251095245506	0.8554290105270315	-4.588183510604811	
CO8B	0.21174663920536524	-0.17494858847665945	0.5984418668873899	6.659865998893333	-1.089963415484955	0.27904910823299434	0.8554290105270315	-4.588400098558263	
MUC18	-0.19304174589684991	-0.5488631054766127	0.16277961368291288	6.383999909493333	1.0798997221243574	0.28347900251419145	0.8554290105270315	-4.590678509233602	
FHR2	0.21638183923298815	-0.18551766584369628	0.6182813443096726	6.835261133893334	-1.0716859671681414	0.28713037759294463	0.8554290105270315	-4.592523247131177	
C1QB	-0.20483195420479414	-0.5876387076600859	0.1779747992504976	6.6170256062	1.065080233691922	0.2900902923825591	0.8554290105270315	-4.593997143157597	
F13B	-0.29986833012141584	-0.8680988916069958	0.2683622313641642	6.652193411813333	1.0504375079953814	0.2967258525768269	0.8554290105270315	-4.597233427262394	
GDN	-0.24064310493081625	-0.6986754822899559	0.21738927242832334	6.515842434466666	1.0457826959055718	0.298856754850219	0.8554290105270315	-4.59825329812464	
C1QC	-0.1591780873894136	-0.46231339418603423	0.14395721940720704	6.5052313584	1.0452278358716516	0.2991114540460239	0.8554290105270315	-4.598374580834927	
FCGBP	-0.18187356828978063	-0.5303995580280607	0.1666524214484994	6.360404839093333	1.0387203158072513	0.30210964020388903	0.8554290105270315	-4.599792440559238	
LTBP2	-0.1516835771725534	-0.4424059403201964	0.1390387859750896	6.292408956306667	1.0385426331412166	0.3021917881447104	0.8554290105270315	-4.599831035923259	
HV118	-0.21932702616703434	-0.6399261864574141	0.20127213412334535	6.784488889226667	1.037977540029669	0.30245314804870616	0.8554290105270315	-4.59995374092799	
PRG4	0.18900972007216385	-0.173507128142635	0.5515265682869627	6.833543313253333	-1.0378154956188301	0.3025281230968647	0.8554290105270315	-4.5999889157217995	
OMD	-0.20028041696661433	-0.5848910678331807	0.18433023389995198	6.557933987946667	1.0365288335187708	0.3031238857662772	0.8554290105270315	-4.600268024458824	
ANGL4	-0.16848626757493154	-0.4936435695363135	0.15667103438645044	6.5992951095866665	1.0314191861886581	0.3054976456858475	0.8554290105270315	-4.60137317900063	
F13A	-0.19275088695630205	-0.5686598552405119	0.18315808132790778	6.66296411088	1.0206525044239694	0.31054049624663815	0.8554290105270315	-4.603684848799341	
PCOC1	-0.15883803338680938	-0.4687973975032761	0.1511213307296573	6.68959453292	1.0200323547295749	0.31083265510788444	0.8554290105270315	-4.603817294402041	
KLKB1	-0.27975707218489676	-0.8305295759519009	0.2710154315821074	6.441290026866667	1.0110509249044728	0.31508461828879036	0.8554290105270315	-4.60572685405861	
S10AA	-0.16439081098904024	-0.49039479882532955	0.16161317684724907	6.571064813266666	1.0037344561002866	0.31857701915675657	0.8554290105270315	-4.607270511361641	
CO6A3	-0.229861386835198	-0.686170624002486	0.22644785033209	6.44283469536	1.0026998955449908	0.3190729272775201	0.8554290105270315	-4.607487923264866	
MMP7	-0.4332398527928777	-1.3038510113210924	0.4373713057353369	5.63226631492	0.9905316978491087	0.324944281981589	0.8554290105270315	-4.610028981856582	
LTBP4	-0.15561694197421624	-0.4684683843906632	0.15723450044223067	6.417323306666667	0.9901088046692826	0.32514961528658726	0.8554290105270315	-4.6101167605641775	
COEA1	-0.1761741759091336	-0.5308013576033414	0.17845300578507417	6.28126064756	0.9888591478180327	0.32575688147875403	0.8554290105270315	-4.610375938785393	
VTDB	-0.17147934735854037	-0.5172158350865665	0.17425714036948586	6.721257912093334	0.9872583455430358	0.32653588283224444	0.8554290105270315	-4.610707487139453	
LOXL1	0.17503202698992285	-0.17796485495999734	0.528028908939843	6.398787259933333	-0.9869857000767912	0.3266686836316819	0.8554290105270315	-4.610763904604273	
LEG1	-0.2057949278325694	-0.6368025177240791	0.2252126620589404	6.067980518226666	0.9504164752135755	0.34480482671057266	0.8678476299085428	-4.618195769850324	
PPT1	-0.1577345547237438	-0.492425108219824	0.17695599877233645	6.468801927146667	0.9380966754138076	0.35105941047583944	0.8678476299085428	-4.62063888871486	
CO8A	0.15162281568610633	-0.17321893662288693	0.4764645679950996	6.763607189226667	-0.9290881485777975	0.3556790022363563	0.8678476299085428	-4.622405973823825	
FETUA	0.38146232349130677	-0.43889352972825707	1.2018181767108707	6.32551545464	-0.9255791779690435	0.35748893761011646	0.8678476299085428	-4.623089847511381	
CO8A2	0.22093609228311112	-0.2688150424697656	0.7106872270359879	6.44753984012	-0.8979567612450481	0.37194238037267136	0.8678476299085428	-4.628386282115056	
ITA8	0.16989437796346538	-0.20703975347568973	0.5468285094026205	6.05978984472	-0.8971762129417336	0.37235609778467604	0.8678476299085428	-4.628533702178533	
CAD13	-0.23099111341942877	-0.7486834431448764	0.28670121630601886	6.147138894906667	0.8881529226859035	0.37715983258201113	0.8678476299085428	-4.630228933098395	
IGKC	-0.16402338660193136	-0.5326832304278667	0.20463645722400395	6.685079003346667	0.8856133349797747	0.3785188264137327	0.8678476299085428	-4.630703072294187	
CO9	0.1627150814220483	-0.2068465858154405	0.5322767486595371	6.674645701546667	-0.8764055064977633	0.38347187134933425	0.8678476299085428	-4.6324111798369625	
FHR3	0.205344946946865	-0.26302366584049	0.67371355973422	6.3954102801733335	-0.8726908936361822	0.38548142253795037	0.8678476299085428	-4.633095383928801	
B2MG	0.18227334223119795	-0.2358907711237826	0.6004374555861784	6.24789471356	-0.8676420770754426	0.3882232498467668	0.8678476299085428	-4.634020838117822	
CATF	-0.14801479747985052	-0.48799076034821476	0.1919611653885137	6.37405824424	0.8666048799824794	0.38878800916072453	0.8678476299085428	-4.6342103152937195	
CATZ	-0.20340499089759054	-0.6713770460932224	0.26456706429804133	6.408870278546667	0.8651788460944779	0.38956532386807097	0.8678476299085428	-4.634470468398732	
TRYB2	0.17879055488909695	-0.23932516402929005	0.596906273807484	6.330439154666666	-0.8511621142897667	0.3972568579896385	0.8678476299085428	-4.63700551177648	
APOE	-0.16410530753095315	-0.5483133002329694	0.22010268517106307	6.46644915136	0.8501987057486764	0.3977889250165343	0.8678476299085428	-4.637178281437919	
A1BG	-0.12039190306254695	-0.4033563929821678	0.16257258685707393	6.71870764324	0.8468949612303868	0.39961682431599566	0.8678476299085428	-4.637769309667269	
CRIP2	0.16423358232341603	-0.2262517212879904	0.5547188859348224	6.19366556364	-0.8371850803996688	0.4050188489584948	0.8678476299085428	-4.639493478770841	
HV169	-0.1877454507228978	-0.6346625110104057	0.25917160956461005	6.643225003826667	0.8361933249607452	0.4055730986956686	0.8678476299085428	-4.639668499695962	
LYSC	0.24102878377198847	-0.3340233795527131	0.81608094709669	6.46329455532	-0.8343069765127237	0.4066285719836964	0.8678476299085428	-4.640000840148008	
C1S	0.16921538287794372	-0.23476487603780036	0.5731956417936878	6.712408729	-0.8337654702628466	0.40693187066453806	0.8678476299085428	-4.640096109436296	
CRAC1	-0.1425094733993529	-0.488540642476859	0.20352169567815317	6.534863966853333	0.8197713245401294	0.41481763289394014	0.8678476299085428	-4.642537359602415	
ITB1	0.12429724021583474	-0.18304290308954121	0.4316373835212107	6.336742390493334	-0.8050195067864918	0.42322925291617974	0.8678476299085428	-4.645067387250233	
CD109	-0.1602977013258195	-0.5566752840378175	0.23607988138617853	6.54392865556	0.8049750453865964	0.42325475808097823	0.8678476299085428	-4.645074945257724	
ANXA4	-0.2531354693921298	-0.8823108307892604	0.3760398920050008	6.5207259716933335	0.8008395318000908	0.4256310911879614	0.8678476299085428	-4.645776170342547	
PGS2	-0.24821851105499435	-0.8673743795133803	0.3709373574033915	6.190534639906667	0.7979917106403743	0.42727210031904017	0.8678476299085428	-4.646257012638939	
FBLN1	0.1215274166996344	-0.18180987914821944	0.42486471254748825	6.593992914333334	-0.7974668940073153	0.4275749265084803	0.8678476299085428	-4.646345444102094	
CD14	-0.20460378462226755	-0.716320853708298	0.30711328446376285	6.38629913456	0.7958806875138198	0.42849096276954945	0.8678476299085428	-4.646612375941975	
APOA	0.22826627392859639	-0.34702817799775415	0.8035607258549469	6.0851236812266665	-0.7897975304183735	0.4320147644577126	0.8678476299085428	-4.647631281069713	
IGHG1	-0.14318780274720402	-0.5073352193035056	0.22095961380909754	6.888492956973334	0.782695792177965	0.4361501710513348	0.8678476299085428	-4.648811180267961	
LAMB1	-0.10000457806431746	-0.35502748921116095	0.15501833308252605	6.41236614576	0.7805574806886546	0.43739986994977653	0.8678476299085428	-4.649164414441877	
CBPB2	0.18487836998680274	-0.2875609337270825	0.657317673700688	6.79270574428	-0.7789405092008208	0.4383462738749023	0.8678476299085428	-4.64943090281181	
CO4B	0.19013989071518128	-0.29738431950756505	0.6776641009379276	6.678380324466667	-0.7763208671920292	0.43988207862754836	0.8678476299085428	-4.649861497504864	
THIO	0.10977851731084758	-0.17323185696729954	0.3927888915889947	6.44280501664	-0.7721100627773249	0.4423573092961468	0.8678476299085428	-4.650550676556166	
ANT3	0.1104903902850367	-0.17463029336777497	0.3956110739378484	6.83594472284	-0.77136511036931	0.4427960574400771	0.8678476299085428	-4.650672222607507	
CEMIP	-0.18897728944376802	-0.6839695647692036	0.30601498588166753	6.318035456413333	0.7599331702419246	0.44956076143182355	0.8678476299085428	-4.652523125693769	
MXRA5	-0.12375787642239665	-0.44865493843608045	0.20113918559128713	6.6338903512666665	0.7582130795966233	0.4505837477776633	0.8678476299085428	-4.652799289847524	
FHR1	0.15914216804320022	-0.26527315301225063	0.583557489098651	6.5992259808	-0.7463773035324377	0.4576591423229994	0.8678476299085428	-4.654683013969181	
THRB	0.21540485793815417	-0.3611840073971709	0.7919937232734793	6.676232780133334	-0.7436240885710598	0.4593140732024883	0.8678476299085428	-4.655117060499944	
CERU	-0.18745066204722435	-0.7007009016105586	0.3257995775161099	6.590592514773333	0.7269792671607956	0.46939155790354503	0.8678476299085428	-4.657707801962069	
IBP7	-0.1737202980320064	-0.6522198178846192	0.30477922182060646	5.838405345186667	0.722658752289733	0.4720276087750419	0.8678476299085428	-4.6583709262468185	
LAMA5	-0.09753599223512749	-0.3680762271534651	0.17300424268321013	6.180036834773333	0.7176244897208214	0.4751095939573172	0.8678476299085428	-4.659138729220622	
OAF	-0.10904488825931617	-0.4122173860597213	0.19412760954108893	6.6508110550533335	0.7159450939234547	0.47614022147551927	0.8678476299085428	-4.6593936969089516	
SBSPO	0.16608591342761017	-0.2962062642912995	0.6283780911465199	6.17277661076	-0.715122531792169	0.4766454744452828	0.8678476299085428	-4.659518366268041	
CO6A2	-0.16696036399647862	-0.6348345018941026	0.3009137739011453	6.45744486676	0.710311016605475	0.4796069005621574	0.8678476299085428	-4.660244805083432	
MFGM	-0.14391009926109657	-0.5481644440194989	0.2603442454973057	6.042412430813333	0.7085994060465263	0.48066283678011834	0.8678476299085428	-4.660502067068287	
RNAS4	0.15306257000595958	-0.2841497179758964	0.5902748579878155	6.458459476933333	-0.6968524786430295	0.48794453012808536	0.8678476299085428	-4.662251304223867	
NID1	0.1097639846448902	-0.2100098260821656	0.42953779537194603	6.124426006786667	-0.6832524212888721	0.49645015425665817	0.8678476299085428	-4.664240758936666	
EDIL3	-0.12129917519200524	-0.475182230319846	0.23258387993583557	6.293731183946667	0.6822794446298003	0.49706173836690615	0.8678476299085428	-4.664381617718818	
CFAB	0.10726539925584214	-0.20587462713305896	0.42040542564474326	6.772102190306667	-0.6818443987930638	0.4973353275028468	0.8678476299085428	-4.664444536152283	
ITIH1	0.09386923979405085	-0.18076118066932848	0.3684996602574302	6.44419839396	-0.6803601470740828	0.4982693500348493	0.8678476299085428	-4.664658900117753	
ZPI	0.12837042571200347	-0.2534715335591276	0.5102123849831346	6.8825289912	-0.6691839854666773	0.5053328142049192	0.8678476299085428	-4.666258330950716	
MSRE	0.13180235118180053	-0.26428023754237884	0.52788493990598	6.573075276453333	-0.6623714626711805	0.5096646321461293	0.8678476299085428	-4.6672205440665895	
PEDF	0.16101730210606754	-0.32600926263851215	0.6480438668506473	6.556190788453334	-0.6580881986088402	0.5123983022079519	0.8678476299085428	-4.66782057854211	
CO8A1	0.13961170728271935	-0.29131838257442255	0.5705417971398613	6.489347270373333	-0.6448804713126699	0.5208765609618533	0.8678476299085428	-4.669646786984728	
ITB2	-0.1179802838443782	-0.4847396136522507	0.24877904596349432	6.461594838866667	0.6403132277527237	0.5238253932086772	0.8678476299085428	-4.670269838790539	
CD59	0.10902831495443037	-0.23103978819567078	0.44909641810453155	6.530603480573333	-0.638171798781415	0.5252110011126392	0.8678476299085428	-4.670560470444371	
CPXM2	0.15023780321825508	-0.31967880087732115	0.6201544073138313	6.445751573986667	-0.6363889665782128	0.526366036045943	0.8678476299085428	-4.67080170480617	
IGLL5	-0.10832462525125394	-0.44758226405570023	0.23093301355319232	6.72958419876	0.6355676263277978	0.5268985984325891	0.8678476299085428	-4.670912617131844	
CLUS	0.0907401621766243	-0.195639737767552	0.37712006212080057	6.59945485184	-0.6306976685374882	0.5300620592573846	0.8678476299085428	-4.671567358331806	
CO7	0.11113929743397022	-0.23995485998103427	0.4622334548489747	6.743393240186666	-0.630098219085707	0.5304521324421612	0.8678476299085428	-4.671647609443562	
ITIH5	-0.11289776172603351	-0.4705494341903494	0.2447539107382824	6.384057147786667	0.6283321458235287	0.5316022128054697	0.8678476299085428	-4.6718836062972375	
ANXA6	0.08108188938211515	-0.1785984074813955	0.34076218624562576	6.48883166468	-0.6215113564596146	0.5360560243008334	0.8678476299085428	-4.672788945400286	
AMPN	0.09638241043648293	-0.2147156564282216	0.40748047730118747	6.691298139626666	-0.6166868366817202	0.5392178404395571	0.8678476299085428	-4.673423452304473	
ITAM	-0.10611227157482833	-0.44961920930541205	0.23739466615575538	6.62405560856	0.6148855771948751	0.5404007575611842	0.8678476299085428	-4.67365910287716	
CTHR1	0.09962188862628266	-0.2294407090504438	0.42868448630300915	6.62030411224	-0.6026157198160835	0.5484936066662535	0.8678476299085428	-4.675246279850084	
HPLN3	-0.15029346159535575	-0.6506863034987546	0.3500993803080431	5.68756539232	0.5978513390333644	0.5516524182184059	0.8678476299085428	-4.67585409907747	
LV310	-0.134328150793899	-0.5844869952724578	0.31583069368465977	6.698789161253333	0.5939712936619476	0.5542316234257165	0.8678476299085428	-4.676345591572943	
TRFL	-0.19823346300748904	-0.8637430779914428	0.46727615197646477	6.236832796826667	0.5929073593509631	0.554939907872001	0.8678476299085428	-4.676479811954538	
HRG	-0.10954434204085343	-0.4778804626786121	0.2587917785969052	6.80415910652	0.5919838364591324	0.5555550826909239	0.8678476299085428	-4.6765961267697875	
S10A9	-0.21826437614315775	-0.9583560117637205	0.521827259477405	5.9940521386266665	0.5870317215984818	0.5588595505150309	0.8678476299085428	-4.6772167859056575	
PLMN	-0.1473599173346962	-0.6470726163944701	0.35235278172507767	6.86530675096	0.5869798467034455	0.5588942172400304	0.8678476299085428	-4.677223260334401	
QSOX1	-0.11133798392252826	-0.491943843465557	0.2692678756205005	6.56045861356	0.5822802909148151	0.5620392239029194	0.8678476299085428	-4.677807467739596	
ITIH4	-0.1002664996309831	-0.44471922612908915	0.24418622686712294	6.7220572793999995	0.5794159343192059	0.5639603555608604	0.8678476299085428	-4.678161271178156	
PCYOX	-0.08837878625552827	-0.3939410950488019	0.21718352253774542	6.66427946364	0.5757215122913688	0.5664429645709964	0.8678476299085428	-4.678615066295019	
LTBP1	0.09397024753110342	-0.2324680527568043	0.42040854781901116	6.347512918786666	-0.5729984806649006	0.568276224224288	0.8678476299085428	-4.67894771267492	
CO6A1	-0.13187581306974785	-0.5991017257769491	0.33535009963745344	6.406727593133334	0.561826780284502	0.5758276035859968	0.8678476299085428	-4.680296184163704	
SDF1	0.09807484621100417	-0.253757562204932	0.4499072546269403	6.425365487493333	-0.5548633019700099	0.5805587882914142	0.8678476299085428	-4.681123464597165	
COGA1	0.13571110187466137	-0.35607238335618097	0.6274945871055038	6.241071880453333	-0.5492949972619802	0.5843553542557085	0.8678476299085428	-4.681777673631021	
PGS1	0.13273223179503038	-0.3504518575411756	0.6159163211312363	6.295597436186666	-0.5467993368492066	0.5860607510470245	0.8678476299085428	-4.682068771635236	
COBA1	0.1524018382324782	-0.4039974008065129	0.7088010772714693	6.206716907613333	-0.5452151127456571	0.5871445420376624	0.8678476299085428	-4.682252879662428	
A1AG1	-0.1635162431366424	-0.7640205269186384	0.4369880406453537	6.587171259	0.5420121201103365	0.5893386406387664	0.8678476299085428	-4.682623500274876	
FMOD	-0.1334149079451543	-0.62602839045488	0.3591985745645715	5.948675690106667	0.5390912394169349	0.5913428418647408	0.8678476299085428	-4.682959599054751	
CO5A2	0.10567729550644628	-0.2932913197790811	0.5046459107919736	6.5193886774	-0.5272385589129637	0.5995082920363104	0.8678476299085428	-4.684305061469618	
LRP1	-0.08217878375750655	-0.3928264363467577	0.2284688688317446	6.459082785493333	0.5265696702467714	0.599970644812768	0.8678476299085428	-4.684380110377357	
LAMB2	-0.08356903204679753	-0.40088712285853456	0.23374905876493954	6.22131840168	0.5242214009535732	0.601595128417408	0.8678476299085428	-4.684642839854277	
HMCN1	-0.08895520489681018	-0.4273621526499028	0.2494517428562824	6.295643421906667	0.5232344145121574	0.6022785081096123	0.8678476299085428	-4.684752919904105	
CYTB	-0.13061790566357162	-0.6297361926198928	0.3685003812927495	6.3510379112	0.5209108955260237	0.6038886954111715	0.8678476299085428	-4.685011256464822	
IBP5	0.12602750645477903	-0.35578677484678856	0.6078417877563466	6.569704765706667	-0.5206548068967335	0.6040662841018687	0.8678476299085428	-4.685039659770853	
CO4A	-0.09008172274458179	-0.4428530782813288	0.2626896327921652	6.879120349493333	0.5082853315450766	0.6126723867097271	0.8678476299085428	-4.68639515227308	
COMP	0.12408208639895246	-0.36209984210222423	0.6102640149001292	6.521714546946667	-0.5080125986395498	0.6128627624342484	0.8678476299085428	-4.686424676474994	
KVD11	-0.09608898635542176	-0.47314908213449247	0.2809711094236489	6.718860727693333	0.5072560621935116	0.6133909868340603	0.8678476299085428	-4.686506491968622	
GANAB	-0.06136268028980989	-0.30474278078919537	0.18201742020957562	6.67124064096	0.501861017128151	0.6171638034524328	0.8678476299085428	-4.68708644371432	
CD97	-0.06906900837212608	-0.3432569969856525	0.2051189802414003	6.49197668352	0.501416940512728	0.6174748123685143	0.8678476299085428	-4.687133907603927	
IGHG3	0.09738917714576202	-0.2895115970398423	0.4842899513313663	6.5427828752	-0.501043353148909	0.6177365083105805	0.8678476299085428	-4.687173805274034	
S10A6	0.0799670348116988	-0.2440450388980122	0.40397910852140984	6.463680521373333	-0.4912629438610719	0.6246051451455739	0.8678476299085428	-4.688207852699376	
TRFE	0.08058845827532415	-0.24738314280028065	0.408560059350929	6.837193299466667	-0.4891035498942401	0.6261261742220927	0.8678476299085428	-4.688433440747563	
KV240	-0.08978409279535966	-0.4560987485802518	0.2765305629895325	6.815473934786667	0.4878758395529063	0.6269916700088328	0.8678476299085428	-4.688561259139135	
AGRIN	0.07067959252359607	-0.21812173431920773	0.35948091936639986	6.444332850973334	-0.4871459096795675	0.627506495023933	0.8678476299085428	-4.688637102376184	
ALS	-0.11082148494560777	-0.5661138229323942	0.3444708530411787	6.577716160986666	0.48450451765883595	0.6293710319553671	0.8678476299085428	-4.6889106169227635	
CO5A1	0.10192049383755439	-0.3228419604038417	0.5266829480789504	6.458341754826667	-0.47761681182079224	0.6342443213006101	0.8678476299085428	-4.689616913517657	
CRLF1	0.08431707310270327	-0.26807023847417244	0.43670438467957895	6.470820496293333	-0.47627684444292395	0.6351942841060667	0.8678476299085428	-4.689753156987322	
TAGL2	-0.08399172618211496	-0.4368515096131591	0.26886805724892915	6.411500885653333	0.4738038126308588	0.6369491340550981	0.8678476299085428	-4.690003611873801	
ANX11	0.08755081743156062	-0.2823104709981191	0.45741210586124037	6.507884862546667	-0.4711785751543289	0.6388142614759591	0.8678476299085428	-4.690268069057726	
FA12	-0.11416385483633071	-0.6023579996302232	0.3740302899575618	6.612946258266667	0.46547918554575163	0.6428714633402481	0.8678476299085428	-4.690837198108693	
MFAP5	-0.1003790691837179	-0.5311701533487869	0.33041201498135114	5.91110731036	0.4638105950584392	0.6440613406626912	0.8678476299085428	-4.691002522236935	
IC1	-0.08474443423294728	-0.4495664114780895	0.2800775430121949	6.6219635664266665	0.46237505851635163	0.6450857710733098	0.8678476299085428	-4.691144284869232	
PROS	-0.09827575508798525	-0.5228307207194176	0.3262792105434471	6.741087680533333	0.46076201833508684	0.646237691528106	0.8678476299085428	-4.691303057154371	
NID2	-0.07556496210160088	-0.40416627997007215	0.25303635576687045	6.236060123813333	0.45773632180227064	0.6484007634767277	0.8678476299085428	-4.691599395620709	
FBLN3	0.07994304751740229	-0.27701384484102193	0.4368999398758265	6.28728451392	-0.4457887819277498	0.6569714978638916	0.8678476299085428	-4.692750645755831	
CO5	0.07680373811897735	-0.26943134431857724	0.4230388205565319	6.625187775653333	-0.441545532206411	0.6600266294801624	0.8678476299085428	-4.693152259340129	
VINC	-0.07338771068126912	-0.40593260564677947	0.25915718428424117	6.15623295556	0.4392757838927981	0.6616632227173541	0.8678476299085428	-4.693365522761048	
GRN	-0.09442917953282491	-0.5240912310515748	0.335232871985925	6.61263643008	0.43746511436461694	0.6629699819207351	0.8678476299085428	-4.693534870318912	
KV320	0.08691714432738432	-0.3104643899744657	0.48429867862923426	6.63968656476	-0.43537348305412915	0.6644808130405941	0.8678476299085428	-4.69372963236556	
TIMP2	-0.07449742774819014	-0.41898066723221017	0.2699858117358299	6.574719456573333	0.43046454672669815	0.6680320973304528	0.8678476299085428	-4.6941830925594425	
LYOX	-0.09009728135975435	-0.5071651861907263	0.3269706234712176	6.33282498752	0.430000661521114	0.6683680805719747	0.8678476299085428	-4.694225680025512	
C1R	-0.07188868192049931	-0.40713681046400607	0.2633594466230075	6.7310003034933334	0.4268333707706583	0.6706638956149125	0.8678476299085428	-4.6945152395824365	
HPLN1	0.09190620549989835	-0.34120990340049734	0.525022314400294	5.6778107377466664	-0.4223813234177248	0.673896269358256	0.8678476299085428	-4.694918664258129	
FA10	0.08755971367023294	-0.3255691263635142	0.5006885537039801	6.747928448133333	-0.4218742582059155	0.6742648109809091	0.8678476299085428	-4.694964346102116	
FA9	0.06936128576802925	-0.2594609407421335	0.398183512278192	6.646748769773334	-0.4198751547642321	0.6757185609209656	0.8678476299085428	-4.695143916329983	
S10AB	-0.06476038141837791	-0.3769281372933932	0.24740737445663735	6.517900873093334	0.4129386779985177	0.6807723079427673	0.8678476299085428	-4.695760425834848	
MMP12	-0.1290781874751194	-0.7666745366897936	0.5085181617395549	6.358596267986667	0.40296863493651347	0.6880618443263427	0.8678476299085428	-4.6966287045465895	
LAMC1	-0.0634631296379814	-0.37775962127255913	0.25083336199659634	6.193527414066667	0.40192605413991983	0.6888258442470334	0.8678476299085428	-4.696718285192528	
FBLN5	-0.06249569672346336	-0.37200606175947126	0.24701466831254457	6.367397027466667	0.401919543148725	0.6888306164983831	0.8678476299085428	-4.69671884390621	
ECM1	-0.06066398683492495	-0.3624174587440419	0.24108948507419198	6.8299637226	0.40016848261278926	0.6901145193653462	0.8678476299085428	-4.696868777752157	
DEF1	-0.1015120441126977	-0.6083815033078014	0.405357415082406	6.6273386508	0.39864438967696764	0.6912327467704547	0.8678476299085428	-4.696998748579225	
OSTP	0.1575834520952024	-0.6327052518020131	0.9478721559924179	6.23385812848	-0.39690726034087803	0.6925081164820693	0.8678476299085428	-4.697146286171781	
SAP	0.08264759719220038	-0.3412541054187197	0.5065492998031205	6.2924562708266665	-0.38808716376376934	0.6989973238123992	0.8678476299085428	-4.697885521823579	
HS71B	-0.054353160622898904	-0.3388401157964025	0.23013379455060468	6.321440486666667	0.3803002874019529	0.7047450667093708	0.8678476299085428	-4.698524446987685	
ECM2	0.07693276620033003	-0.32748036744815034	0.4813458998488104	6.46203143968	-0.37866076196800524	0.7059574589568216	0.8678476299085428	-4.698657333111658	
CFAD	0.06994099598614575	-0.30027103203259387	0.4401530240048853	6.61381407564	-0.3760499154009222	0.7078896912213337	0.8678476299085428	-4.698867768918525	
ANXA5	0.052515685531921444	-0.22745634596706382	0.3324877170309067	6.545447125426667	-0.37336929345364506	0.7098755589149522	0.8678476299085428	-4.69908232347977	
TARSH	0.07832974760505514	-0.3396526374475995	0.49631213265770974	6.161044252053333	-0.37302071897773115	0.7101339390332615	0.8678476299085428	-4.699110111008332	
PERM	-0.10408549385942045	-0.6644053005996768	0.45623431288083593	6.7080192174	0.3697587330061667	0.7125535219121253	0.8678476299085428	-4.699368898739773	
FBN1	0.06610685726859057	-0.2907200331018349	0.42293374763901603	6.420872630213333	-0.3687679282472954	0.713289038335826	0.8678476299085428	-4.699447056388959	
ELNE	-0.10764042271105848	-0.6931189961248108	0.47783815070269386	6.43891611964	0.36595576752038883	0.7153781026138355	0.8678476299085428	-4.699667752748961	
C1QA	-0.06861872435408332	-0.44449044745415933	0.30725299874599266	6.64645573088	0.3633851643087873	0.7172896243457322	0.8678476299085428	-4.699868022795354	
PRDX1	0.0655017618861383	-0.2949153222990101	0.4259188460712867	6.2909355584	-0.36175273273559616	0.7185044522412737	0.8678476299085428	-4.6999944734246135	
PGBM	-0.06552538419533219	-0.4269913481972569	0.2959405798065926	6.080678920306666	0.360833103372437	0.7191891444838014	0.8678476299085428	-4.700065460088981	
VTNC	0.05953751533379776	-0.2725255982561738	0.3916006289237693	6.68669193012	-0.35688991684456517	0.7221275658860158	0.8678476299085428	-4.700367800276993	
A2AP	-0.11662170135823542	-0.7731868383166324	0.5399434356001614	6.700870362746667	0.3535621466315651	0.7246106424479096	0.8678476299085428	-4.7006203839863785	
LEG3	-0.07347386594865872	-0.518339368477206	0.3713916365798885	6.221562957066666	0.32875197434692194	0.7432147131747844	0.8866924570309204	-4.7024293327106275	
FGL2	0.0592311264532494	-0.30451429062370916	0.42297654353020797	6.313005819013333	-0.32412808945492494	0.746699307790863	0.8874234081052949	-4.702751996813499	
CO5A3	0.08765662448113215	-0.4618339977653641	0.6371472467276285	6.3218684194	-0.3175328526775402	0.7516786578206128	0.8882603047962817	-4.703204354417554	
A1AT	-0.048404208216014794	-0.3540297371485861	0.25722132071655646	6.773141404266666	0.31525189063006137	0.7534032326510154	0.8882603047962817	-4.703358648004748	
IGHG4	0.06258064734544544	-0.3402404585134546	0.46540175320434546	6.450361090253334	-0.3092374200482097	0.7579566088593015	0.8882603047962817	-4.703760181528427	
CO4A1	0.0735235007111981	-0.412038755579963	0.5590857570023592	6.188148326626667	-0.30140153777307727	0.763901760491696	0.8882603047962817	-4.704271761844513	
IPSP	0.052132787757214104	-0.2921859175988462	0.3964514931132744	6.733426778146667	-0.30138007723109767	0.7639180624685447	0.8882603047962817	-4.7042731449831106	
APOC1	0.0518734086811553	-0.3014791680945071	0.4052259854568177	6.6071177578533336	-0.2922138066620093	0.7708906578465773	0.8882603047962817	-4.70485494528798	
FIBG	-0.12427493346507007	-0.970962237105603	0.722412370175463	6.26783851724	0.29216265287228355	0.7709296230780316	0.8882603047962817	-4.704858141895373	
CO3	-0.04725331139995169	-0.3693021021952361	0.2747954793953327	6.885860014893334	0.2920618170670908	0.771006434175571	0.8882603047962817	-4.704864441506236	
FBLN2	-0.042482375004172505	-0.33781860071156083	0.2528538507032158	6.494240412386667	0.2863230260154341	0.7753816743808764	0.8882603047962817	-4.705219396382777	
FIBA	-0.11588869612932302	-0.9243855892042253	0.6926081969455792	6.299038366853333	0.2853165268651033	0.7761497808899549	0.8882603047962817	-4.705280926915852	
SLPI	0.07504916335015156	-0.47301479295560256	0.6231131196559057	6.26436159668	-0.2725704813434363	0.7858959489674654	0.8921092081836853	-4.706041453727173	
TINAL	0.06909175407296919	-0.44236584607727614	0.5805493542232145	6.00107908536	-0.2688938005109788	0.7887137379123885	0.8921092081836853	-4.706254396717148	
CATG	0.06564190502895088	-0.4219849918742657	0.5532688019321674	6.55766670728	-0.2679524492704756	0.7894356394215553	0.8921092081836853	-4.706308453663615	
MIME	0.08045479900528026	-0.5219748655524549	0.6828844635630155	6.14099617888	-0.26583356324306995	0.7910612396191903	0.8921092081836853	-4.706429438997196	
SULF1	-0.04696606262254282	-0.41620666621878966	0.322274540973704	6.58622258948	0.253185545563701	0.8007837831097873	0.8935972824627291	-4.707131704966918	
AACT	-0.03750524013896068	-0.33280005968229354	0.2577895794043722	6.774990698973333	0.2528135400305314	0.8010702290218353	0.8935972824627291	-4.70715184351595	
SAA1	-0.08832700415159467	-0.7934005105552352	0.6167465022520459	5.528325249613333	0.2493580033319944	0.8037323053618375	0.8935972824627291	-4.707337498289551	
HORN	0.05262841114375682	-0.367952596161749	0.4732094184492627	6.50763877844	-0.24907767860359997	0.8039483641574068	0.8935972824627291	-4.707352447500651	
APOH	0.042241950174003555	-0.30410858991927	0.3885924902672771	6.61474556404	-0.2427684794642041	0.8088151535877247	0.8945905947609887	-4.707684469774274	
SMOC2	0.03912897050813292	-0.28483777916384895	0.36309572018011477	6.412208361586667	-0.2404153485943824	0.8106322541523522	0.8945905947609887	-4.707806128437715	
ALBU	0.042955758312332226	-0.3261448514017804	0.41205636802644485	6.834264665266667	-0.23165455015734565	0.817406462842525	0.8955951045899937	-4.708248676576744	
FIBB	-0.09941010818933631	-0.9589290929161043	0.7601088765374318	6.2013452749199995	0.23021800187529365	0.8185186032165098	0.8955951045899937	-4.708319679548232	
HV330	0.04774370238858255	-0.369075997945469	0.46456340272263413	6.739514669786667	-0.22799853932826541	0.8202375876989263	0.8955951045899937	-4.708428512647947	
LUM	-0.05490467989368334	-0.5498957890431136	0.4400864292557469	6.368764734226667	0.2207883596757603	0.825827941395367	0.8985240629970718	-4.7087748103463545	
TETN	0.03995651728771241	-0.33228886274528435	0.4122018973207092	6.607472331733334	-0.21365965266169515	0.8313639887105964	0.9013735877599097	-4.709106279486738	
TSP1	-0.0416324533707176	-0.4402696544654991	0.35700474772406393	6.510831004453333	0.2078827181888177	0.8358565471613322	0.9030757799750058	-4.709366931107471	
CO4A2	0.04337476865171515	-0.38699835242370545	0.4737478897271357	6.23741181684	-0.20061169122472627	0.8415187676890249	0.9056901690398472	-4.7096848601749635	
GELS	-0.030621332486144875	-0.33962827511685323	0.27838561014456353	6.22048681192	0.197251382353823	0.8441384099788867	0.9056901690398472	-4.709827974266728	
SODE	0.04892677025554415	-0.4584778226883728	0.5563313631994611	6.208198115413333	-0.1919359654328681	0.8482858014478747	0.9069907012020528	-4.7100494276811204	
VWF	-0.034362455250240564	-0.4231745352247823	0.3544496247243012	6.52789796512	0.17591733823818323	0.860809898940381	0.9170782604386579	-4.710680276772838	
HV439	-0.03018212745860545	-0.37889726560055514	0.3185330106833443	6.76620265128	0.17228332909839236	0.8636562258499982	0.9170782604386579	-4.710815757145253	
FRIH	-0.03709566087200578	-0.5139098754991783	0.4397185537551667	6.4493330055866664	0.15485959747635913	0.8773277299261377	0.9281940540435415	-4.711426099866742	
IGHG2	0.029889419260368668	-0.36659097332113255	0.42636981184186984	6.757551535506667	-0.15005828190579593	0.8811018211603628	0.9281940540435415	-4.711582873664085	
COIA1	-0.02970723075110905	-0.43068235385785547	0.3712678923556374	5.927832737506667	0.14747178863094013	0.8831360902550202	0.9281940540435415	-4.711665284354451	
YBOX1	0.0262897621479681	-0.35762717201671856	0.4102066963126547	6.37459530148	-0.13630556759328738	0.8919271359338007	0.9341745833637003	-4.712004631878305	
OLFL3	-0.024348000628651906	-0.38993328304248276	0.341237281785179	6.553824433906667	0.13256803164831585	0.8948727400506644	0.9341745833637003	-4.712112257287532	
S10AC	0.05544427591952419	-0.8346119350930136	0.9455004869320619	5.9284443158933335	-0.12399480457137124	0.9016349365356734	0.9380646309411552	-4.7123478355050015	
APOA4	-0.029240873066470854	-0.5215959086055889	0.4631141624726472	6.437309931493333	0.11821597241625804	0.9061971722455563	0.9396474034358284	-4.712497751621564	
TTHY	-0.021499378503987802	-0.4492878761238274	0.4062891191158518	6.737073187066667	0.10003708080651483	0.9205688022673013	0.9513570565237328	-4.712922732059025	
S10A8	-0.030200375235283884	-0.7357550004528389	0.6753542499822712	6.018586634346667	0.0852012376170718	0.9323173743334332	0.9602868955634363	-4.713217118191087	
FRIL	0.0223202373100974	-0.5805687445308241	0.6252092191510188	6.382091029746666	-0.07369290353083312	0.9414413737892876	0.9664630714315278	-4.713413010401792	
HEP2	0.011769661325214212	-0.33628469729382904	0.3598240199442575	6.740108948026666	-0.06731023345315677	0.9465051184825823	0.9684439788447614	-4.713509424697093	
ANXA1	0.007777382511956746	-0.29441435377070246	0.30996911879461597	6.486453302026667	-0.051228906133694595	0.9592726760881505	0.9722710882904182	-4.713713649150883	
HSPB1	-0.010061103998679455	-0.40463454639410656	0.3845123383967477	5.984388124693333	0.05075536962490898	0.9596488120105586	0.9722710882904182	-4.713718823079	
PRELP	0.012328330080448905	-0.4715955537119916	0.4962522138728894	6.22561544532	-0.05070974237620249	0.9596850547850405	0.9722710882904182	-4.713719319071362	
S10A4	0.008433650823339916	-0.3573611029030657	0.37422840454974554	6.365624765773333	-0.04589256704135184	0.9635119108960191	0.972958106100882	-4.713769174935171	
HV307	-0.0070476620610440835	-0.44463201041610473	0.4305366862940166	6.623913759026666	0.03205881749002219	0.9745061577369105	0.9808547320544149	-4.713884708354611	
SFRP3	-0.0030169806178564763	-0.3551096190414619	0.3490756578057489	6.504148405706666	0.01705610192609114	0.9864349441924702	0.989637655050238	-4.71396365544646	
PROP	-9.53968624505042e-05	-0.35914924195793446	0.3589584482330334	6.468214515826666	0.0005288575597527458	0.9995793684718448	0.9995793684718448	-4.713994794091179	
