	logFC	CI.L	CI.R	AveExpr	t	P.Value	adj.P.Val	B	
CD46	-0.7151111574147573	-1.2109508005226797	-0.219271514306835	8.063982628029702	2.860193295648626	0.0051235388276126125	0.33871931141015893	-4.051497607818227	
IGFBP6	-0.8123685944601039	-1.3983832345250016	-0.22635395439520611	8.190838172544554	2.7492088684717397	0.007052462094356945	0.33871931141015893	-4.0966765970558345	
CD59	-0.5760765303506379	-1.0040142241287473	-0.14813883657252835	6.513409657732673	2.6697015697646638	0.008818533198099042	0.33871931141015893	-4.12821784949	
FAP	-0.5871159176866905	-1.0269777882595674	-0.14725404711381346	3.6201530240693067	2.647101625367164	0.009389060287788688	0.33871931141015893	-4.137055012500232	
NOMO1	-0.3784155490215735	-0.6713441880375017	-0.08548691000564518	1.2216470834752475	2.5619474411763603	0.01185100177937091	0.33871931141015893	-4.169831913860693	
EGFR	-0.4706353469263446	-0.8385210621764059	-0.10274963167628343	1.2408468616336634	2.537083105425746	0.012672152664593567	0.33871931141015893	-4.179245231562311	
MFAP5	-0.644978027695425	-1.1514183216832339	-0.13853773370761624	6.809936984465347	2.5256882520520527	0.013065267253401498	0.33871931141015893	-4.183535137562939	
CCL14	-0.6991321777232107	-1.2569865150596895	-0.14127784038673197	11.340760846188118	2.4854300996158782	0.014543241193246985	0.33871931141015893	-4.19856954278299	
NOV	-0.4017328506911232	-0.72304182151305	-0.08042387986919641	8.811383717158416	2.479576844109357	0.014770151463506433	0.33871931141015893	-4.200739533778535	
IGLC2	-0.5052893553008546	-0.9167244476590702	-0.09385426294263899	7.3724432220891085	2.435577171165903	0.016579652966293438	0.33871931141015893	-4.216921252227562	
CCL18	-0.7248233736323466	-1.317730951794747	-0.13191579546994603	10.896471539168317	2.4244222719299398	0.017068710329148373	0.33871931141015893	-4.220986900163071	
F7	-0.9222776379566411	-1.6819799473090313	-0.16257532860425072	6.023105895356435	2.4075832242759496	0.01783130984829	0.33871931141015893	-4.227095893226499	
LTBP2	-0.6318044190111165	-1.1576359936129497	-0.10597284440928323	8.724542331009902	2.382863006792684	0.019005704495908906	0.33871931141015893	-4.236001951686191	
LILRB2	-0.6916572394140361	-1.2684963643122324	-0.11481811451583979	9.240939558752475	2.377931249257762	0.01924804649427866	0.33871931141015893	-4.237769856908559	
ALCAM	-0.49641061746230336	-0.9183487097548662	-0.07447252516974057	5.532900944861386	2.3332184574642936	0.02157323324142259	0.33871931141015893	-4.253662518931001	
GAS6	-1.0667480177205038	-1.9870346816447495	-0.14646135379625802	11.566575103514852	2.298803196763382	0.023528482723075	0.33871931141015893	-4.265727319387622	
C1QTNF1	-0.6626413753420762	-1.2343392939773965	-0.09094345670675597	9.807706588435643	2.2986614641435703	0.02353684759037656	0.33871931141015893	-4.265776702189238	
CST3	-0.6515256541666034	-1.223583789086205	-0.0794675192470019	10.367614212475248	2.258678571397086	0.02600368278636252	0.33871931141015893	-4.279607494554757	
REG1A	-0.8632407931532051	-1.621803326832109	-0.1046782594743012	5.864124905247524	2.2568549268724913	0.026121415539363074	0.33871931141015893	-4.280233549645569	
ESAM	-0.46988985441490144	-0.8839388247913905	-0.055840884038412364	3.3079485686237624	2.250647267625561	0.026525687003910014	0.33871931141015893	-4.282361496123732	
SOD1	-0.41595342082076225	-0.7852391913111094	-0.046667650330415034	3.970218766643564	2.2338047150666953	0.02765029456209078	0.33871931141015893	-4.28811054667785	
PRCP	-0.694763240393743	-1.3128380538189046	-0.07668842696858158	4.7642259943663365	2.2292504456624846	0.027961468244439677	0.33871931141015893	-4.289658948202758	
CRIM1	-0.5772303809218109	-1.0915053018030645	-0.06295546004055741	5.802392033970297	2.2259577216424655	0.028188349493142927	0.33871931141015893	-4.290776802400709	
APEX1	-0.4417043736632542	-0.8414534476951299	-0.04195529963137856	7.704284509217822	2.191327604542288	0.03067365853869497	0.33871931141015893	-4.30245002217942	
F11	-0.5190439416670704	-0.9901823908917481	-0.047905492442392617	9.048141538930693	2.184835051875676	0.0311602902818062	0.33871931141015893	-4.304621525565478	
CFHR5	-0.5466795971306345	-1.045279536194551	-0.04807965806671799	9.785183024168317	2.1744214376187068	0.03195485336652565	0.33871931141015893	-4.308093195921454	
TNC	-0.5122974050804534	-0.9797975725771568	-0.04479723758374993	8.729137182514851	2.173218842098643	0.032047737247550584	0.33871931141015893	-4.308493218984049	
QPCT	-0.5212354489737412	-0.9988532158247652	-0.04361768212271727	6.7509087666435645	2.1642954529523206	0.03274430882520078	0.33871931141015893	-4.311455629082389	
CLEC14A	-0.5698761525762455	-1.0958648656518464	-0.04388743950064444	6.005663717138614	2.1486572104408945	0.03399680328773521	0.33871931141015893	-4.316622528594698	
CD99L2	-0.423258521419492	-0.8144963546450326	-0.032020688193951485	3.1845939151584157	2.145497150042605	0.03425488476033411	0.33871931141015893	-4.317662784977096	
MEGF9	-0.38899286113211606	-0.74858023613287	-0.029405486131362124	1.8597620214158417	2.1453604607994725	0.03426608636648665	0.33871931141015893	-4.317707752423558	
ICAM1	-0.6800461434994064	-1.312060163729747	-0.048032123269065696	8.364885895356435	2.1339033542789743	0.03521634867514963	0.33871931141015893	-4.321468269827492	
PROC	-0.8828903630077777	-1.7039899048001685	-0.061790821215386704	6.383925697336633	2.132426363515068	0.035340496901524555	0.33871931141015893	-4.321951819140469	
TIMP1	-0.608999985765494	-1.1767147061714	-0.041285265359587875	9.717456093465346	2.1274051375425036	0.03576539313026523	0.33871931141015893	-4.323593593173417	
GNLY	-0.5883586939198361	-1.1447162985512325	-0.03200108928843959	10.33376856880198	2.0972549258536746	0.038410786769143085	0.34109018541416103	-4.333382742509937	
NRP1	-0.5343828283516499	-1.041155137141332	-0.027610519561967917	3.6648021604356438	2.09123430598597	0.038958791532511396	0.34109018541416103	-4.3353233037890915	
FAS	-0.47045616646761373	-0.9171510306868074	-0.023761302248420046	5.929381142881188	2.088676991274406	0.03919359273392533	0.34109018541416103	-4.336146139710807	
ANG	-0.4927115953849376	-0.9691719743641328	-0.01625121640574234	8.718084014207921	2.0508271945174856	0.04281390569274693	0.3585929561943529	-4.348224152055686	
RNASE3	-0.2711088087660466	-0.5349667779960874	-0.00725083953600586	8.59996936070297	2.0376823780036717	0.04413659876142831	0.3585929561943529	-4.3523745032215935	
SERPINA5	-0.5408522120700155	-1.0702896299319031	-0.011414794208127965	8.832024905257425	2.025942220031611	0.04534738177354301	0.3585929561943529	-4.356061986267805	
Notch 3	-0.57199985085645	-1.134109098478232	-0.00989060323466795	3.3803373805049506	2.0180794584956336	0.0461740699777463	0.3585929561943529	-4.358521372940323	
FAM3C	-0.32670180745098576	-0.652718627663266	-0.0006849872387054701	1.1773503572475248	1.9873511316782253	0.04952940784014348	0.3585929561943529	-4.368053786218369	
PCOLCE	-0.4902218482249688	-0.9828956845880843	0.002451988138146788	9.899457281564356	1.9733141950646462	0.05112990221150948	0.3585929561943529	-4.372366201396882	
BLM hydrolase	-0.4252978106795493	-0.8577335883156401	0.007137966956541453	7.734650647831683	1.950449029071088	0.05383101039495603	0.3585929561943529	-4.3793340520969775	
COL18A1	-0.4573451339625069	-0.9228127602654976	0.008122492340483733	7.9028260933762375	1.9485773873187153	0.05405736678894809	0.3585929561943529	-4.3799012861264455	
NPDC1	-0.25840026851996245	-0.5218854383695217	0.00508490132959688	0.919346095019802	1.944911574897637	0.05450304578328193	0.3585929561943529	-4.381010902905313	
PDGFRB	-0.40587791168428744	-0.8236051707375684	0.011849347368993568	2.8656766874356436	1.9269288424684126	0.05673462667784888	0.3585929561943529	-4.386427792638814	
TGFBI	-0.5697930302047671	-1.157600815010482	0.018014754600947702	10.251423123178219	1.922404947990766	0.057308014576194624	0.3585929561943529	-4.387783605351943	
EFEMP1	-0.6241511829635827	-1.2730943740838838	0.024792008156718337	8.730390747009901	1.907419395497168	0.05924241910360046	0.3585929561943529	-4.392254892671223	
ITGB1	-0.3906292908577815	-0.7968381942511782	0.015579612535615184	7.2424858953564355	1.9071218572612676	0.05928137668143026	0.3585929561943529	-4.3923433603434905	
ENG	-0.5474188334300052	-1.1232768611542052	0.028439194294194836	7.505356687435643	1.8852432124844867	0.062205697973085027	0.3585929561943529	-4.398815446608489	
ANXA11	-0.5020449718527026	-1.0323604209011248	0.028270477195719512	4.788693222089109	1.8774631397605421	0.0632743625006741	0.3585929561943529	-4.401101135708946	
KIT	-0.40264604306232316	-0.829450990241682	0.02415890411703564	1.7589915022970297	1.870927968171145	0.06418388416775524	0.3585929561943529	-4.403014669285256	
NID1	-0.5573571103311585	-1.152857504658149	0.038143283995832	8.190196192366336	1.856156407972183	0.06628009508260842	0.3585929561943529	-4.407318223657627	
SCARF1	-0.4013737017268449	-0.8346849463488695	0.03193754289517964	4.906488766643564	1.837012159608927	0.06908167291742717	0.3585929561943529	-4.412850955966913	
CD74	-0.44031271349238055	-0.915685802070503	0.03506037508574189	5.287307875554456	1.8369177456403558	0.069095730378725	0.3585929561943529	-4.412878116307699	
CDH1	-0.35024734879980873	-0.729170055872765	0.028675358273147433	4.397035994366337	1.8331048302451476	0.0696654374164003	0.3585929561943529	-4.413973957661948	
PEAR1	-0.32782964302862533	-0.6828278611594827	0.027168575102232084	2.7369980735742576	1.8314080725056534	0.06992021369178306	0.3585929561943529	-4.414460962797642	
SERPINB6	-0.4633252358500965	-0.9653175158401113	0.03866704413991823	4.62274827159406	1.830425231560211	0.0700681465094676	0.3585929561943529	-4.414742876388094	
COLEC12	-0.404517235372187	-0.8456135488977641	0.03657907815339018	2.292142033970297	1.8187235015367391	0.07184954414894976	0.3585929561943529	-4.418089055837587	
CDHR5	-0.261552827360726	-0.5476879374656514	0.024582282744199435	0.7184840114356436	1.812806061004592	0.0727646121516286	0.3585929561943529	-4.41977394557448	
TNFRSF14	-0.41996192924015896	-0.8829333120530547	0.04300945357273683	4.370776687435644	1.7989490003627173	0.0749453640532987	0.3585929561943529	-4.423700444116934	
CD93	-0.4151099451924016	-0.8735420553781682	0.04332216499336505	9.493810549059406	1.7957719570906303	0.0754529091402604	0.3585929561943529	-4.4245969119041035	
LRIG1	-0.4218226654212053	-0.8932632242970682	0.04961789345465761	2.6535679843564357	1.7744593106085385	0.07893174692892954	0.3585929561943529	-4.430574255440735	
FCGR2A	-0.49101893060111357	-1.0409453793275372	0.05890751812531003	8.070249756742575	1.7707477760794499	0.07955090715553334	0.3585929561943529	-4.4316086929569245	
PLXNB2	-0.4025962689575093	-0.8592160191216038	0.05402348120658523	4.940580746841584	1.748550300597675	0.08333803072842136	0.3585929561943529	-4.4377549579946844	
CD164	-0.3747959580966561	-0.8004732049724032	0.05088128877909093	4.09002837060396	1.74613387659461	0.08375909693497612	0.3585929561943529	-4.438419859879441	
TNFRSF10C	-0.31585838184833614	-0.6753718990333012	0.0436551353366289	3.8389377765445545	1.7423694943213237	0.08441852781790617	0.3585929561943529	-4.43945402612166	
AXL	-0.4940978026368661	-1.0602530083328392	0.07205740305910713	6.267999657732673	1.7307745242403199	0.08647651879972977	0.3585929561943529	-4.442626882681155	
DAG1	-0.5257510246256503	-1.1325358513365957	0.08103380208529509	6.300334113178218	1.7183375949800719	0.08872945600679084	0.3585929561943529	-4.446009017006866	
SNAP23	-0.2860698766560688	-0.6179146695514206	0.04577491623928304	1.092343548960396	1.7096223938158484	0.09033662688733296	0.3585929561943529	-4.448366002651435	
TNF-R1	-0.3931845728428705	-0.8529477505100638	0.0665786048243227	4.301768172584159	1.6959980948387376	0.09289662824332068	0.3585929561943529	-4.452029035940359	
THOP1	-0.5089975633007106	-1.1043028364778926	0.08630770987647152	2.881750718881188	1.6956610729781032	0.092960695784192	0.3585929561943529	-4.452119313421603	
CCL24	-0.5542610898157434	-1.2033123115706403	0.09479013193915364	8.818906291663366	1.6935518442092279	0.09336247588460687	0.3585929561943529	-4.452683942022524	
CA1	-0.48386029444860945	-1.0555489491422674	0.08782836024504848	9.870644014376238	1.6785082813104817	0.09626923156903007	0.3585929561943529	-4.456692646157865	
MFGE8	-0.30827336069774647	-0.6736481733491512	0.05710145195365823	11.065290153148515	1.6732485904327474	0.09730269487460493	0.3585929561943529	-4.458086598138529	
TNXB	-0.4140191673654126	-0.9050440834556277	0.07700574872480248	5.623051043871287	1.6721683306292587	0.09751606226736119	0.3585929561943529	-4.458372405536307	
NOTCH1	-0.3642230675733117	-0.7986213933552622	0.07017525820863874	4.220424509217822	1.6628090576366874	0.0993805814102617	0.3585929561943529	-4.46084163274894	
VCAN	-0.25093582121369346	-0.5511217214971749	0.0492500790697879	4.862180053772277	1.6578126469270593	0.10038770156434766	0.3585929561943529	-4.462154689420685	
NECTIN2	-0.4246456487774124	-0.9347344062028764	0.0854431086480516	3.4930931230792077	1.6509883292243464	0.10177658940985826	0.3585929561943529	-4.463942342581412	
ITGAM	-0.5060743373421381	-1.1143926780446929	0.1022440033604165	4.940078469613861	1.6498576736453685	0.10200819267525953	0.3585929561943529	-4.464237876968457	
ITGB2	-0.393506863256123	-0.869246365235393	0.08223263872314696	8.217598271564356	1.6403864540208628	0.10396503151424948	0.3585929561943529	-4.466706290072727	
ANXA4	-0.5869740630591185	-1.2969653917187356	0.12301726560049864	4.283891510960396	1.639566149149051	0.10413592821650913	0.3585929561943529	-4.466919473843608	
CD58	-0.2722411423118371	-0.6023672912628772	0.057885006639202985	2.1456037171386138	1.635448636911098	0.10499716577992714	0.3585929561943529	-4.467988086620028	
VSIG4	-0.4573747229132259	-1.0127946045644451	0.09804515873799324	6.297558568623763	1.6331038939206644	0.10549016048878287	0.3585929561943529	-4.468595525470562	
GUSB	-0.3566074814530544	-0.7906250813346786	0.07741011842856982	9.13131470729703	1.6294693119969772	0.10625803169349647	0.3585929561943529	-4.469535551997795	
FSTL3	-0.46944231981643136	-1.0410826424575448	0.10219800282468217	2.654101637930693	1.6286301077371235	0.10643596617875108	0.3585929561943529	-4.469752328577867	
SHPS-1	-0.4493513570952919	-0.9980399089070946	0.09933719471651087	3.599941043871287	1.62413915032181	0.10739224956111278	0.3585929561943529	-4.470910673434022	
DEFA1	-0.4065169614176559	-0.9029094945808899	0.08987557174557803	6.019045796346535	1.624113989020386	0.10739762667608677	0.3585929561943529	-4.470917155060326	
NUDT5	-0.4923031548042382	-1.0955988337461522	0.11099252413767574	4.954602033970297	1.618324021621115	0.10864074010635041	0.3585929561943529	-4.472406241351543	
CCL16	-0.39818675469216014	-0.8870867344751618	0.09071322509084151	8.380478766643565	1.6152132431665565	0.10931338260175522	0.3585929561943529	-4.473204286861495	
ARSA	-0.4062915495076678	-0.9074245881855807	0.0948414891702451	5.6979956973366335	1.6078585158136867	0.11091698144160793	0.3585929561943529	-4.475085528156383	
XG	-0.5010681294598059	-1.1202285378104215	0.11809227889080964	4.135384806247525	1.6049321567251664	0.11156025192919891	0.3585929561943529	-4.475831878569047	
PECAM-1	-0.3956742580827031	-0.8854725045526353	0.09412398838722907	5.251213717138614	1.6020779652547021	0.11219053219973807	0.3585929561943529	-4.476558630358947	
CRKL	-0.35630822506021487	-0.7973779431297587	0.08476149300932906	2.103595525108911	1.6020707165871495	0.11219213651497725	0.3585929561943529	-4.476560474559336	
SDC4	-0.29341334424944954	-0.6585488212483634	0.07172213274946437	2.201710251792079	1.5936351724985982	0.1140716120126801	0.3585929561943529	-4.478701485553162	
CASP-3	-0.40779932870396146	-0.9156722614444501	0.10007360403652715	8.417881538990098	1.5924086039902579	0.11434697906378184	0.3585929561943529	-4.479011940738546	
SERPINB8	-0.5328881815019604	-1.2029240066295674	0.13714764362564658	4.109439954762376	1.5772521970616138	0.1177936026063474	0.3585929561943529	-4.4828301554373295	
DPP7	-0.3003959431516583	-0.6789510247146039	0.0781591384112873	1.7184144376633663	1.5737221567762933	0.1186081052425763	0.3585929561943529	-4.483714657779104	
PTPRS	-0.3388835064659327	-0.769154516860284	0.09138750392841866	3.397312132980198	1.561965446522686	0.12135313191141117	0.3585929561943529	-4.486647401639628	
SUMF2	-0.36809150917848144	-0.8369589975821785	0.10077597922521564	5.820552430009901	1.5569288156227792	0.12254443442101422	0.3585929561943529	-4.487897645431283	
PAM	-0.5766277826153345	-1.3115703306402058	0.1583147654095367	5.53805530129703	1.5559844381754717	0.12276883450258104	0.3585929561943529	-4.488131656791843	
BCAM	-0.36393443335778936	-0.8283860004923576	0.1005171337767789	6.905714212188119	1.5539813124960962	0.12324588904700254	0.3585929561943529	-4.488627589477871	
TFF3	-0.30306117983405834	-0.6917615989478965	0.08563923927977979	2.724192331	1.5462452454793392	0.1251020732623513	0.3585929561943529	-4.490537384002513	
AOC3	-0.3222670003121999	-0.7357064521814626	0.09117245155706277	5.65055332109901	1.5458487422932603	0.12519780231790315	0.3585929561943529	-4.49063503294172	
CCL15	-0.3184884218331544	-0.7284482943910825	0.0914714507247737	5.910082331	1.540690397854828	0.12644848421867125	0.3585929561943529	-4.49190331262836	
AZU1	-0.2593431470886079	-0.5936281100885197	0.07494181591130383	8.000819657732674	1.538583291382575	0.12696219976730863	0.3585929561943529	-4.492420267108835	
MMP-3	-0.6430310135335204	-1.4721434549582253	0.18608142789118454	4.40217431119802	1.5380893462099041	0.12708286241651295	0.3585929561943529	-4.492541356977313	
PDGF subunit A	-0.4398774016078575	-1.0072879782548014	0.12753317503908657	7.593290053792079	1.5374369009253217	0.12724238278395628	0.3585929561943529	-4.492701248200355	
DKK3	-0.4595237505388887	-1.0522903449550065	0.13324284387722896	5.41245332109901	1.5374015639985592	0.12725102703729754	0.3585929561943529	-4.4927099062517755	
LTBR	-0.31267121060048925	-0.7160327078540275	0.09069028665304901	4.7490740141683165	1.537292580895222	0.1272776898178918	0.3585929561943529	-4.4927366075173065	
RARRES2	-0.29028425200819985	-0.6661959604640096	0.08562745644760994	10.538517578821782	1.5314425151029092	0.12871539452141578	0.3585929561943529	-4.494167345063355	
QDPR	-0.5329336403812027	-1.223731737803805	0.15786445704139962	3.7808169687128714	1.5299776223641275	0.12907740175089982	0.3585929561943529	-4.494524826362916	
CST6	-0.36860918250121016	-0.8469055978666835	0.10968723286426313	1.8636870266831682	1.5283826546222374	0.1294724653286578	0.3585929561943529	-4.494913692818126	
IGFBP3	-0.41479538723699444	-0.9534887913779473	0.12389801690395846	7.999819063693069	1.5270573112241148	0.12980146880138	0.3585929561943529	-4.4952365391308	
CNTN4	-0.3507726313102134	-0.8065859939233879	0.10504073130296104	2.282893519118812	1.5261658251232855	0.1300231416455889	0.3585929561943529	-4.4954535554321025	
SPINT2	-0.33262972602223695	-0.7658915233351352	0.10063207129066132	4.743541538920792	1.522557621631139	0.13092338735266404	0.3585929561943529	-4.49633071808108	
BST1	-0.22389644599099182	-0.5159275095362197	0.06813461755423603	0.6769096933663367	1.5204818008041965	0.13144352219079905	0.3585929561943529	-4.496834489988106	
CSTB	-0.2469294775854357	-0.5699140127380382	0.0760550575671668	9.708050747059406	1.5161922966006565	0.1325234838109565	0.3585929561943529	-4.497873488363899	
COMT	-0.40796260340439694	-0.9477681314000697	0.13184292459127578	2.1208599206237624	1.498808347993306	0.13697173799535434	0.3675408302875341	-4.502056535332551	
SPON1	-0.49319557000430064	-1.1487070971004973	0.1623159570918961	3.768112529019802	1.492113674220278	0.13871563978479365	0.3676174879394418	-4.503655597004954	
IL2-RA	-0.33728866582153905	-0.7872892925718772	0.1127119609287991	2.827972033970297	1.486454791793648	0.1402032179501603	0.3676174879394418	-4.505002103346939	
TINAGL1	-0.3307885970067103	-0.7723668113271884	0.11078961731376785	5.610738469613861	1.485613946115537	0.14042531371599798	0.3676174879394418	-4.505201775949513	
CLEC5A	-0.4147546786621865	-0.9734710861858649	0.14396172886149183	6.1543643111980195	1.4721868869766395	0.1440091624140761	0.3739344399368294	-4.508376111475439	
PPP1R2	-0.39213711567438164	-0.921918292091608	0.1376440607428448	4.712634608227723	1.467927150685594	0.14516088506864494	0.3739344399368294	-4.509377603488938	
LILRB1	-0.47083234134844687	-1.112231816383332	0.17056713368643828	5.934577479514852	1.4557968091312852	0.1484798410717607	0.379448482738944	-4.512214814162816	
AP-N	-0.3306426410924134	-0.7825473822474992	0.12126210006267235	3.8160172814950495	1.451025484576557	0.14980131178674325	0.37981119996323875	-4.5133248227290075	
RELT	-0.333755082357807	-0.7915832022046589	0.12407303748904491	4.900678568623762	1.4457343531078342	0.151277372665566	0.3805571406118145	-4.514551811097381	
CCL5	-0.3909526116686895	-0.9330846622603852	0.15117943892300628	8.974745103326732	1.4301517170711127	0.15568977415106702	0.3851135679824008	-4.518141193333085	
KYAT1	-0.4333772106602364	-1.0347887848930775	0.16803436357260482	8.059084905247525	1.4290827092061487	0.1559960711304111	0.3851135679824008	-4.518386110388001	
CRHBP	-0.19740177548704807	-0.47179756436447495	0.07699401339037881	0.7474288871287129	1.4267132316825266	0.15667663790588357	0.3851135679824008	-4.518928367595201	
CCL21	-0.4673993667719834	-1.1219861076787083	0.18718737413474157	4.355917875554455	1.4160676193265505	0.1597625089899017	0.389723696172336	-4.521354306508503	
CD97	-0.2877172505909445	-0.695030369416263	0.11959586823437401	5.5062765884257425	1.4008788545308195	0.16424576666437585	0.39764764560848886	-4.524786277775227	
LCN2	-0.3160696285225736	-0.7658807135785632	0.13374145653341607	2.858181439910891	1.3935279655231827	0.16644976306563836	0.3999762963219071	-4.526434865531694	
PEBP1	-0.36198158875145664	-0.8789701632853346	0.15500698578242128	8.191288271534653	1.3885726696429224	0.16794817823540775	0.40058750660593556	-4.527541629766582	
HDGF	-0.3652823885021124	-0.8886362149034297	0.15807143789920491	3.6017174795148517	1.3841922287117048	0.1692813027627656	0.4007983786000774	-4.528516937964291	
ALDH1A1	-0.4324253918234613	-1.0586516732955646	0.19380088964864206	2.4402640642277227	1.369439889458792	0.17383021444615415	0.40679313192046856	-4.531780395021963	
REG4	-0.41775882294883776	-1.0256746758313198	0.1901570299336442	4.430009954762376	1.3628411507327054	0.17589469147200215	0.40679313192046856	-4.533229566668321	
IGFBPL1	-0.45521193567047125	-1.1190439937601369	0.20862012241919425	3.22061035080198	1.3599360783674277	0.17680942995676993	0.40679313192046856	-4.533865484475565	
IL-1RT1	-0.29029158826669665	-0.7136779621733702	0.13309478563997695	2.683411637930693	1.3597549587975126	0.1768665790958559	0.40679313192046856	-4.533905089359488	
LYVE1	-0.34107394462280827	-0.8426929684267573	0.1605450791811408	5.084103123079208	1.3484586137070877	0.18045860252669474	0.4121111348481965	-4.5363654717060085	
TGFBR3	-0.3033794549124327	-0.752236985177945	0.14547807535307966	1.3532673498910892	1.34041947063795	0.18304819183778048	0.4132581298327594	-4.538104716535684	
C2	-0.340028043502822	-0.8443047268720031	0.16424863986635907	3.961301736940594	1.3372386648095262	0.18408048094422172	0.4132581298327594	-4.538790183456635	
ICAM3	-0.29641905665539064	-0.7372031026624553	0.1443649893516739	3.260860152782178	1.333654486507034	0.18524891272633465	0.4132581298327594	-4.539560747962704	
COL1A1	-0.2548057746817935	-0.6344449780823278	0.12483342871874087	4.529750647831683	1.3310712075243432	0.1860944994588513	0.4132581298327594	-4.540114925820129	
OMD	-0.3879034788453271	-0.9739696404600064	0.19816268276935217	7.056947479514852	1.3126232856674573	0.19221737907671294	0.41374420262247535	-4.544043142033194	
CD109	-0.4144247367970538	-1.041449431750769	0.21259995815666144	3.3699935033663366	1.3107627814046312	0.192843128680985	0.41374420262247535	-4.544436450474829	
ACP6	-0.30199534044393045	-0.7602070025722177	0.15621632168435684	1.280655726059406	1.30706498442183	0.19409132764567982	0.41374420262247535	-4.545216603557791	
TXNDC5	-0.4108377776890693	-1.034809108191329	0.21313355281319052	3.720479063673267	1.3057763912155553	0.1945277055790947	0.41374420262247535	-4.54548798124326	
CRELD2	-0.35745807538106306	-0.9019434459899847	0.1870272952278586	5.392444707237623	1.3019729870940622	0.1958199749137223	0.41374420262247535	-4.546287509911765	
ENPP7	-0.18555638795620238	-0.4689099327724013	0.09779715685999651	0.8008252022871287	1.2987044729693367	0.1969355972976835	0.41374420262247535	-4.546972844334929	
ANGPT2	-0.35823792633114965	-0.9055180688191873	0.18904221615688804	2.605902727039604	1.298150211214439	0.1971252474468386	0.41374420262247535	-4.547088899909946	
HAVCR2	-0.31931428393704875	-0.8073820306519754	0.168753462777878	2.599572863019802	1.2974819175816215	0.19735409589492417	0.41374420262247535	-4.547228770359406	
TFPI	-0.24321472334435187	-0.6154032413282665	0.12897379463956274	9.450429261861386	1.295955137005528	0.19787766212379257	0.41374420262247535	-4.54754806341837	
PLC	-0.3219491731392637	-0.8160985784513056	0.17220023217277824	8.713243816168317	1.2920880607406715	0.19920837793468288	0.4138393399675348	-4.548355195236081	
COMP	-0.4775959110545494	-1.2128415355537505	0.25764971344465176	9.704453222524753	1.2882235308220096	0.20054483405898996	0.41394510619868446	-4.5491595265082	
IL-17RA	-0.33883346702594136	-0.868234687390337	0.19056775333845427	2.769820561029703	1.2693004617214247	0.2071848657958788	0.42492692220556033	-4.553065229872415	
CANT1	-0.1897319026173846	-0.4874003588630843	0.10793655362831511	1.0737260933762376	1.2640685411111412	0.2090489780407116	0.42514045037978715	-4.554135471648423	
t-PA	-0.33887075915545367	-0.8721872858365782	0.19444576752567083	10.214948172930693	1.2601206544123142	0.21046373381918568	0.42514045037978715	-4.554940288696107	
AHCY	-0.25409581790653807	-0.6559144638945952	0.14772282808151904	1.6344347748316832	1.2540952063627409	0.21263653010538722	0.42514045037978715	-4.55616405358785	
SPARCL1	-0.3826961310579679	-0.9890567832659563	0.2236645211500205	4.462715301297029	1.2516593177948596	0.21351956930388108	0.42514045037978715	-4.556657207908536	
ST6GAL1	-0.4563538185983673	-1.1800113363339526	0.26730369913721785	4.537541835950495	1.2506381926418804	0.2138905371475948	0.42514045037978715	-4.556863668777347	
OPG	-0.3135334466646437	-0.8159293228997708	0.18886242957048333	11.146422430227723	1.2376586663787421	0.21864707357421137	0.43192857479077335	-4.559474107079907	
NID2	-0.29187318468850804	-0.7626579182580613	0.17891154888104527	2.678478877861386	1.229518030920246	0.22166940385343048	0.4352289514683208	-4.56109819757988	
PAI	-0.3162601251323006	-0.8305106735080365	0.1979904232434353	8.299713222059406	1.2196430671687746	0.22537624692514935	0.439825160666049	-4.563054666601685	
STIP1	-0.31283402189824216	-0.8235355001740584	0.19786745637757408	4.953222628029703	1.2148144235873735	0.22720507574552212	0.44072309873528986	-4.564005893742449	
PARK7	-0.26460054996220134	-0.6998337833755128	0.1706326834511101	6.774440746841584	1.205679201872928	0.23069431877784352	0.44481180027823725	-4.565795711584584	
IGFBP-7	-0.17770116413599715	-0.4724910301117837	0.11708870183978945	11.642800648217822	1.1954758293134473	0.23463703974320682	0.4453816471719123	-4.567779645458834	
BAG6	-0.31484577424174215	-0.837393787749491	0.20770223926600667	1.8070293887722773	1.1949087576400756	0.23485757566396676	0.4453816471719123	-4.567889436630981	
SELL	-0.34948049123373137	-0.9304059067326853	0.23144492426522256	7.408712925059406	1.1930692068986843	0.23557400756910601	0.4453816471719123	-4.568245252787008	
IGFBP-2	-0.2905680195069747	-0.7770381334659531	0.19590209445200363	8.409919657683169	1.184553622038781	0.2389109323172701	0.4453816471719123	-4.56988559648057	
DPP4	-0.31709922545473096	-0.8483378927996221	0.21413944189016015	6.177482826049505	1.183773406115375	0.23921835212650935	0.4453816471719123	-4.570035329655935	
PPIB	-0.16986949908621304	-0.45582375869286496	0.1160847605204389	6.3002264894158415	1.1780993392573118	0.24146255854201448	0.4453816471719123	-4.571121431572185	
PRSS2	-0.447724912122108	-1.202146826494087	0.3066970022498711	4.41169728149505	1.1769554956898236	0.24191678673266848	0.4453816471719123	-4.571339779261636	
SELE	-0.35047946908200234	-0.943286291871713	0.2423273537077083	5.762161538920792	1.172498957846563	0.2436923258536921	0.4453816471719123	-4.572188560398129	
SCGB3A2	-0.24770324574544095	-0.6668535317683085	0.17144704027742663	1.0251096836039604	1.1719929709471915	0.24389450286489964	0.4453816471719123	-4.572284735689392	
Ep-CAM	-0.3511384878261898	-0.9464930924472392	0.2442161167948596	2.4411571675841586	1.1696765795537452	0.2448215886628214	0.4453816471719123	-4.572724518480375	
CD2AP	-0.36397714958355687	-0.9830103742826477	0.25505607511553396	3.355971213930693	1.166066280830063	0.24627153126988	0.44550243297135594	-4.573408306741344	
FBP1	-0.3725544556465754	-1.0139847786247194	0.26887586733156854	2.578794133970297	1.151869692344236	0.2520322454115852	0.45337644146665046	-4.576077600842674	
METRNL	-0.21006306701157537	-0.5752884813265593	0.15516234730340853	2.309933420108911	1.140648380423888	0.25665262015061285	0.4591230204916519	-4.578165410255599	
VCAM1	-0.35426875047660505	-0.9742063542410255	0.26566885328781537	5.702330449811881	1.1333079668726096	0.2597071314877787	0.4616519610412886	-4.579520595892036	
MEPE	-0.20166446357600015	-0.5554735576721954	0.15214463052019506	0.9079113572871287	1.130377385695791	0.26093371711029356	0.4616519610412886	-4.5800593057008605	
ANGPTL1	-0.3484672829115536	-0.9650783914103823	0.2681438255872751	2.657225172712871	1.120762886640092	0.26498635591917863	0.4653769554397411	-4.581817318815933	
VASN	-0.28597517111037946	-0.7944648537219323	0.22251451150117346	2.688742231990099	1.1153450896792811	0.26728931606093326	0.4653769554397411	-4.582801640660516	
CTSZ	-0.20297249645539672	-0.5639409292027493	0.1579959362919558	6.106109558722772	1.1151442413719481	0.2673749588706587	0.4653769554397411	-4.582838043718334	
FUCA1	-0.44673253905025695	-1.2547619494696214	0.36129687136910754	8.239257875564357	1.0964365257811792	0.27543606389356	0.4751849297235241	-4.5862012432947665	
EPHB4	-0.24888719385741884	-0.7014278156219567	0.20365342790711896	1.8905873525445545	1.090706894724782	0.2779382686462581	0.4751849297235241	-4.587220394543284	
TR	-0.2748770017751516	-0.7770436696089706	0.2272896660586674	2.5621847194455447	1.0855594175080525	0.28019959075656764	0.4751849297235241	-4.58813163240622	
REG3A	-0.22737758489529045	-0.6427687783654796	0.1880136085748987	1.4354074612574257	1.0855590212629316	0.2801997653165328	0.4751849297235241	-4.588131702392918	
MESDC2	-0.2904373994056067	-0.8212407766509875	0.24036597783977404	9.405942429960396	1.0851304201530134	0.28038862312878754	0.4751849297235241	-4.588207389616572	
SPP1	-0.17983596004409455	-0.5104680030847212	0.15079608299653205	5.702776687435644	1.078685084354528	0.2832392615861375	0.47750283890437834	-4.589342123815292	
DAB2	-0.2772761576226428	-0.7973681511387599	0.24281583589347433	1.5983830857425743	1.0572931913976333	0.2928428855495873	0.48994819807208156	-4.593061773777664	
APP	-0.26099873120369954	-0.7521732116273021	0.23017574921990303	5.716397281495049	1.0538181597231082	0.29442365941348897	0.48994819807208156	-4.5936592606621005	
MCFD2	-0.19806318597320677	-0.5722972414855853	0.17617086953917171	3.0644984696138615	1.049599297066077	0.2963505845119547	0.48994819807208156	-4.594382099083257	
JAM-A	-0.2521612919038107	-0.728966303831059	0.22464372002343752	4.9808080735742575	1.0488193363055152	0.296707759702037	0.48994819807208156	-4.594515428319903	
CXCL16	-0.28731347815787783	-0.8347061838348766	0.260079227519121	7.196344806247525	1.0409265126744305	0.30033863302916713	0.4934134685479174	-4.5958592932398865	
LAIR1	-0.256676079951638	-0.7487838273769356	0.23543166747365968	9.677799162861387	1.034399429010965	0.30336384395342114	0.49438144016928076	-4.596963244692728	
OSMR	-0.23705831002217098	-0.6938144048551109	0.21969778481076896	1.664835730891089	1.0292808894400498	0.30575054176184524	0.49438144016928076	-4.597824288128692	
HTRA2	-0.39450439781291374	-1.1554862744748664	0.366477478849039	5.3023864894158415	1.0281124341580203	0.30629714113026263	0.49438144016928076	-4.598020269833211	
MET	-0.19710335235195975	-0.5779176184072736	0.18371091370335413	1.4319035465742573	1.0264643672124987	0.30706921749644767	0.49438144016928076	-4.598296331087773	
CNTN1	-0.18886129696795	-0.5563733386106673	0.17865074467476727	1.087321015910891	1.019141462925389	0.3105156094557103	0.49743880635754384	-4.599517803627674	
MATN2	-0.4122903564077962	-1.2171552036570477	0.39257449084145535	8.496726489564356	1.0158820655105196	0.31205788473361445	0.49743880635754384	-4.600058766833286	
ANGPTL3	-0.19507986273061834	-0.5773062834619883	0.18714655800075164	2.0855664894158417	1.0121731539005672	0.3138190803990018	0.4977819895984167	-4.600672304630489	
CRTAC1	-0.22638946383476102	-0.6720824033016238	0.21930347563210176	1.7407423030396039	1.0073572890434317	0.3161158008846436	0.49832512319236316	-4.601465729246596	
GLRX	-0.19288190123461746	-0.5742943652466397	0.18853056277740482	1.2302605396435644	1.0029047163604927	0.3182492003400576	0.49832512319236316	-4.602196054022502	
ACAN	-0.23344762390886484	-0.6966247468331347	0.229729499015405	6.108738370603961	0.9995520948824212	0.31986187157977736	0.49832512319236316	-4.602743901797902	
P4HB	-0.3115802928752189	-0.9337204525633447	0.310559866812907	4.868157479514852	0.993218548287899	0.32292319458438457	0.49832512319236316	-4.6037740279505845	
CD69	-0.22607339909785315	-0.6779188008241056	0.22577200262839933	3.0218773805049506	0.9922535781242935	0.3233913094771095	0.49832512319236316	-4.603930421694158	
B4GALT1	-0.14355156109907197	-0.4306133592695634	0.14351023707141947	1.0043671824851486	0.9917348967626077	0.32364311135965473	0.49832512319236316	-4.604014424296572	
LILRA5	-0.16491103943742783	-0.4956124737086376	0.1657903948337819	1.1164620011089108	0.9889554476052455	0.32499464556023683	0.49832512319236316	-4.604463845183016	
CES1	-0.4202624563315173	-1.2772874096298719	0.4367624969668373	6.64708441019802	0.9725013299911869	0.3330718309384423	0.5076983275263486	-4.607099422253135	
CCDC80	-0.3128613908625203	-0.952446110015839	0.3267233282907984	10.265809063881187	0.9701010375585462	0.3342610106695214	0.5076983275263486	-4.607480322876207	
CLEC11A	-0.4829277551977642	-1.4810498586076104	0.5151943482120819	6.281050561029703	0.9595366546413778	0.3395279018478926	0.510145559499587	-4.609145955885311	
FCGR3B	-0.24614801036201614	-0.756375706465034	0.2640796857410017	4.545062628029703	0.9567431841047186	0.34092957032822224	0.510145559499587	-4.609583438579808	
TNF-R2	-0.24024724420155905	-0.7398944389792902	0.25939995057617216	2.7498466874356438	0.9535819849234226	0.34252028052186334	0.510145559499587	-4.610077022027473	
CA13	-0.2106030956919202	-0.6489426355536791	0.22773644416983874	1.3476774926534654	0.9528338553767483	0.3428974414759457	0.510145559499587	-4.610193602129205	
MYOC	-0.3634150138118628	-1.1212225043822681	0.3943924767585425	2.8318850042673267	0.9510580987442238	0.34379374661928686	0.510145559499587	-4.610469961450852	
PAG1	-0.16181984083842657	-0.5010353255312333	0.1773956438543802	1.1177105936039604	0.9460610817993883	0.3463241051379057	0.5115429442862643	-4.611244963786405	
ADGRE2	-0.1711981789867753	-0.5336731132794046	0.19127675530585397	3.3469054003069307	0.9366648816329666	0.3511145940610708	0.5162506816788347	-4.612691538598041	
MPO	-0.19892463404123462	-0.6240778656764375	0.2262285975939683	5.301437875554456	0.9279106508818051	0.35561593828523397	0.5204924187629334	-4.61402668732706	
SERPINA7	-0.2648587145176727	-0.8352729258977434	0.30555549686239797	3.0587764894158416	0.9208460008626691	0.3592753224578964	0.522122420864745	-4.615095285743888	
TMSB10	-0.2414184010375294	-0.7621084913610795	0.27927168928602064	6.044451637930693	0.9195050808717588	0.35997260072041426	0.522122420864745	-4.6152972186533985	
CTSO	-0.2597446544041052	-0.8242250732608614	0.30473576445265094	2.1108730283267327	0.9125587078492144	0.36359850151387996	0.5250166703473962	-4.616338721368137	
ENO2	-0.3358997630209359	-1.071920156611638	0.40012063056976627	3.2674962303861386	0.9050715761550209	0.36753253058740176	0.52832801271939	-4.617452717147581	
CD163	-0.24679783013275933	-0.7897566881277277	0.296161027862209	6.84927035080198	0.9014413813325398	0.3694496235101846	0.5285432662386366	-4.617989638581692	
INHBC	-0.12911348486013335	-0.4143865695636953	0.1561595998434286	0.8503383828118812	0.8975814765823245	0.37149493053829596	0.5285432662386366	-4.618558235748127	
DLK-1	-0.17582820146367437	-0.5652240119714862	0.21356760904413744	1.7647275785247525	0.8954891653105056	0.3726065883110885	0.5285432662386366	-4.6188654604052575	
TYMP	-0.479492340163222	-1.5633084322622517	0.6043237519358076	5.944159261683168	0.8773828786892567	0.3823137188254271	0.5399342871131031	-4.621494980230628	
TR-AP	-0.16601617332715318	-0.5489738221636276	0.2169414755093212	7.818083024069307	0.8597312787393588	0.3919270520987119	0.549725554180034	-4.624008153826662	
MMP-2	-0.31932639015027264	-1.0570793763925892	0.4184265960920439	5.637728964663366	0.8583944715629608	0.3926611101285957	0.549725554180034	-4.624196458034122	
CTSF	-0.2252150464384987	-0.7518499982033118	0.3014199053263143	1.8334736086831682	0.8481072963423393	0.39833817505833935	0.5535885284207132	-4.625635969903719	
IGF2R	-0.24319431015254678	-0.8133788269640448	0.3269902066589513	3.395551241891089	0.8458650217147078	0.3995822200992245	0.5535885284207132	-4.625947492317553	
LAMA4	-0.2926798497066472	-0.9887729562930784	0.403413256879784	7.3801606478316835	0.8338512169078114	0.40628793929907314	0.5535885284207132	-4.627602890861825	
IL7R	-0.18010633890558386	-0.6085755877081399	0.24836290989697218	1.5326318541881188	0.8336282366821548	0.40641304059480265	0.5535885284207132	-4.627633397312231	
SOST	-0.29608827132525545	-1.0014270301104615	0.4092504874599506	9.158209261930693	0.8325043887772153	0.40704392158846814	0.5535885284207132	-4.62778703244733	
FETUB	-0.14402436129660617	-0.48719796828201606	0.1991492456888037	1.0600766594752475	0.8323100812233458	0.4071530577447564	0.5535885284207132	-4.627813574675637	
CTSD	-0.13127788624966727	-0.4442819139757517	0.18172614147641716	6.272163024069307	0.8317728220683871	0.4074549106699038	0.5535885284207132	-4.627886932307661	
SIRPB1	-0.1505157300914667	-0.5124594671406061	0.21142800695767264	2.0602469844653464	0.8247150119026693	0.411432816252545	0.5566443984593257	-4.628846317436174	
Gal-3	-0.1598245238713796	-0.5468595264514617	0.2272104787087025	9.917685400356435	0.8189478600340022	0.414700580169334	0.5579551496283957	-4.629624336144221	
Gal-4	-0.19719658074879376	-0.6767860009167657	0.2823928394191781	2.253091934960396	0.8154415991667797	0.4166948737237035	0.5579551496283957	-4.6300947433758	
GRN	-0.17229084495577	-0.5921261716550495	0.24754448174350954	6.064739855752475	0.8138536175827566	0.41759997223740175	0.5579551496283957	-4.630307141826081	
SIGLEC7	-0.19120061330605495	-0.6623132779263896	0.27991205131427965	2.706351439910891	0.8048734064741011	0.4227404798278419	0.5624893987791946	-4.631500667909909	
IGFBP-1	-0.42856799704131376	-1.4898944112192058	0.6327584171365782	5.74883421219802	0.8008180268911678	0.4250741572668931	0.5632669902878172	-4.632035412073005	
CD209	-0.1789885854915075	-0.6268255033375101	0.268848332354495	3.1029584696138612	0.7926263762100769	0.42981128110887545	0.5672099693322045	-4.6331075133501916	
CPA1	-0.12301256223494421	-0.43274195425137385	0.1867168297814854	1.390444113178218	0.7876442756031613	0.432707516630364	0.5687013075713355	-4.633754286063642	
FCN2	-0.20902494192484933	-0.7405139000717201	0.3224640162220215	8.859579063722773	0.7799503218202141	0.437202673274972	0.5722734178639877	-4.634745272030492	
PON3	-0.11176492106739057	-0.4013882722505297	0.1778584301157486	0.8567156973366337	0.7653058231763723	0.44583360876500633	0.581208186325231	-4.636605183297495	
ITGA5	-0.1653282317719004	-0.6123104011776532	0.2816539376338524	2.7531275785247526	0.7335334084550119	0.46489387416604433	0.6036122075865575	-4.64052162847159	
TNFSF13B	-0.19952370645162737	-0.7423472237472244	0.3432998108439697	3.933730548821782	0.7289519895226699	0.46767971335571	0.6047906333354965	-4.641072926920123	
CDON	-0.09537196728367221	-0.35648333693951356	0.16573940237216916	0.5980371207128713	0.7243659623058814	0.4704777301722345	0.605975316461838	-4.641621385443334	
WFIKKN2	-0.11247238229331795	-0.4257036056183381	0.20075884103170216	1.3832049052574258	0.7121048177107997	0.47800432776338686	0.6132167073299226	-4.643071050022034	
TCN2	-0.25949574755992594	-1.0037570632244275	0.48476556810457566	6.935970152752475	0.6914612954619521	0.4908260474962508	0.6271666162452093	-4.645456856705603	
U-PAR	-0.18722237016897617	-0.7299395288741414	0.3554947885361891	7.4550988656237624	0.6841435910103337	0.49541570494156273	0.6305290790165343	-4.646286014251249	
CGA	-0.11022525042756595	-0.4341513142949316	0.21370081343979966	1.1977747453267327	0.6748360534264723	0.5012868199477459	0.635414894559585	-4.6473281000268365	
APOM	-0.21996890794419355	-0.8693138290974929	0.4293760132091058	4.147002529019802	0.6718138101516224	0.5032012363748266	0.635414894559585	-4.647663454450602	
CTSH	-0.1309745211743557	-0.5213222430396933	0.25937320069098196	1.0443816123960397	0.6654236724209519	0.5072618862280474	0.6380403412712158	-4.648367640056013	
PI3	-0.1465572347115593	-0.5911335396315256	0.29801907020840696	1.8804565933762376	0.6537685528615348	0.5147129347810457	0.6427294631555656	-4.649634956547077	
NADK	-0.2669045781868405	-1.0770698604694053	0.5432607040957242	4.4091447782871285	0.6533493617621916	0.5149819922178134	0.6427294631555656	-4.649680126356613	
ST2	-0.12982331962298732	-0.5308833214468174	0.2712366822008428	0.9221763764752475	0.6419577334729359	0.5223219790867539	0.6493732712970454	-4.650896701072938	
NCAM1	-0.11567017600133565	-0.4839126232840825	0.2525722712814112	1.9491454993168318	0.6229463201995641	0.5346920153340191	0.6580834606366124	-4.652880060036921	
MIF	-0.18488461627111413	-0.7743875240653277	0.4046182915230994	9.895916885633664	0.6219821211650985	0.5353233574058199	0.6580834606366124	-4.652979083346765	
CR2	-0.2187656974962448	-0.9165307993994238	0.4789994044069343	7.022362034029703	0.6217747151936729	0.53545921331302	0.6580834606366124	-4.653000364183456	
SNAP29	-0.16675502246608198	-0.7045168549617072	0.3710068100295433	6.427019459712871	0.6149673018216107	0.5399279945022065	0.6587776842792861	-4.653694951021301	
PTPRF	-0.0977444700797538	-0.4131032736784705	0.21761433351896292	0.8518214253663366	0.6146817423324179	0.540115865371837	0.6587776842792861	-4.653723922908764	
FCER2	0.09809157426267995	-0.2308678272743171	0.427050975799677	0.9476179061881188	-0.5913607257138906	0.5555699915841714	0.672639664677451	-4.656045154972258	
LILRB5	-0.22599741849120378	-0.984071896052617	0.5320770590702094	6.696934311247524	0.591227572411004	0.5556588534291986	0.672639664677451	-4.656058153756156	
BLVRB	0.13518481986971154	-0.32985175282469376	0.6002213925641169	2.6724073805049504	-0.5765060828201883	0.5655266426738846	0.6820208949100781	-4.657477470921878	
MCP-1	0.18241370461978723	-0.46357916064957194	0.8284065698891464	9.85927233118812	-0.5600061785028259	0.5766870344485964	0.6911981256329516	-4.659026207859431	
SELP	-0.15174468933372476	-0.690177607636675	0.3866882289692255	7.16142807360396	0.5589139814045371	0.5774294900474036	0.6911981256329516	-4.659127156164471	
FCRL5	-0.07891221521583283	-0.36326273001579845	0.20543829958413276	0.5757325127722772	0.5503681493691136	0.5832544979260593	0.69558499382293	-4.6599102908178	
CA2	0.1726459003937362	-0.4672589492049398	0.8125507499924122	5.822245796346535	-0.5350617986558032	0.5937565160052303	0.705496672153816	-4.661283111750411	
GAL	-0.1399201553016535	-0.6771182127876616	0.39727790218435466	1.6765701614653465	0.5165459031872416	0.6065767276944435	0.718079802638275	-4.6628925626033375	
CA4	-0.11846285224042805	-0.5796629676095526	0.34273726312869646	2.7976167864455443	0.5093963798584525	0.6115603646061503	0.7213276095354593	-4.663498994985972	
CHIT1	-0.20771241006521574	-1.0232502652725117	0.6078254451420804	5.5845212418613865	0.5051046848872908	0.6145607356763683	0.7222210105393817	-4.6638590001202385	
LDL receptor	-0.14563317278581436	-0.7298255430655536	0.4385591974939249	4.860319657732673	0.4943875289894306	0.622081762727041	0.7284011912658443	-4.6647448176554045	
CHI3L1	-0.151523490762497	-0.7667547839011906	0.46370780237619663	7.543551637930693	0.48843258121741484	0.6262782299643422	0.7306579349583994	-4.665228879709941	
USP8	-0.09727837878997149	-0.5105624143537655	0.31600565677382253	1.4049138586831684	0.46679991803376253	0.6416255932919772	0.745517178336556	-4.6669383839294	
TYRO3	-0.05448490747629037	-0.2873743063837415	0.17840449143116077	0.6266893644554455	0.46396965174774835	0.6436452657688279	0.745517178336556	-4.667156360713586	
TIMD4	0.14307260450279866	-0.47982442079636534	0.7659696298019627	5.4397354003069305	-0.4555156503321632	0.6496938969366155	0.7498259312315061	-4.667799622770366	
PGLYRP1	-0.09731957504822186	-0.5301230965038688	0.335483946407425	8.785239360752476	0.44593595969242167	0.6565763347478074	0.7550627849599785	-4.668514345994258	
SPINT1	-0.05409319572280984	-0.3018044367703152	0.1936180453246955	0.8930495218514851	0.4330718955346101	0.6658650152271728	0.7624362271007644	-4.669450380199094	
PILRA	-0.09471532426938988	-0.5310337571801156	0.34160310864133586	5.869830647831683	0.43050655269702565	0.6677236523056385	0.7624362271007644	-4.669633788942662	
SEMA7A	-0.07807708708241728	-0.44921116478027234	0.2930569906154378	2.549764014168317	0.4172110913585487	0.6773893936944424	0.7707398755109911	-4.670566998947032	
ANGPTL7	-0.08128896796428511	-0.477363885710835	0.3147859497822648	0.855538026069307	0.4070214954908381	0.6848339427304437	0.7755581911257083	-4.671262515111453	
GP1BA	-0.1070308631504933	-0.6325656901291111	0.41850396382812455	4.523168469613862	0.4038969768265581	0.6871230035860346	0.7755581911257083	-4.671472362177152	
uPA	-0.08755656079841383	-0.5199909391955095	0.3448778175986819	10.056422133158415	0.4015425362876398	0.6888498219315298	0.7755581911257083	-4.671629427496523	
RETN	-0.10831344228559117	-0.6964456073419215	0.4798187227707392	7.2498656973564355	0.36523341419764677	0.7156835645883862	0.8029620480747749	-4.67393595375867	
SAA4	-0.09966288899921401	-0.6666383543300998	0.4673125763316717	4.016591835950495	0.34860393302904313	0.7280958227292366	0.8140515795792159	-4.674919749847339	
FABP4	0.12924156007916	-0.6158629074924927	0.8743460276508127	4.065716390405941	-0.34399180855382927	0.7315513371756446	0.8150848808669812	-4.675184518152408	
SEMA3F	-0.04146974871496398	-0.2955279860739831	0.21258848864405513	0.8179100462376238	0.32371378937926804	0.746808882738651	0.8292153801442952	-4.676306950500253	
THBS4	-0.13180794967358422	-0.9795972182856222	0.7159813189384537	6.048414410247525	0.30833069797030555	0.7584513093815336	0.8392485279067142	-4.677113127719427	
TIMP4	-0.05527183259730316	-0.4525044345190844	0.34196076932447805	4.184437875554456	0.27594469921368564	0.7831415578696002	0.863601306965792	-4.678682494758809	
GDF-15	-0.055389072838764174	-0.4988108309339069	0.3880326852563786	8.44821015280198	0.24772519132509102	0.804838539168894	0.8844983263221292	-4.6799084836783615	
PRTN3	-0.06760380864831103	-0.6358517468127333	0.5006441295161111	7.502573519168317	0.2359371731796844	0.8139483513310792	0.8914672419340393	-4.680381571235924	
B4GAT1	-0.03061026941711461	-0.2997527134847346	0.23853217465050539	0.8174844797425742	0.22555270335269081	0.8219947495248632	0.8955463554071575	-4.680779261895963	
IL-6RA	-0.06628228227188629	-0.6532329010752908	0.5206683365315182	6.835213717118812	0.22395407316675975	0.8232351590078217	0.8955463554071575	-4.680838897329291	
MMP-9	-0.06959277327549249	-0.7226909966330243	0.5835054500820392	5.567862628029703	0.21132394897022463	0.8330506422626446	0.9017083814794732	-4.681295163689156	
PLTP	0.06849104121581658	-0.5799830012948742	0.7169650837265075	2.661917188792079	-0.20946151887837688	0.8345003033567795	0.9017083814794732	-4.68136020795488	
TPP1	-0.0551472100101892	-0.6546945261052479	0.5444001060848696	4.915299855752475	0.18241609687926388	0.8556135316794257	0.9214299571932276	-4.682239952133229	
CA3	0.05311277355821397	-0.5393155905318395	0.6455411376482675	4.654802628029703	-0.1777977309027577	0.8592298490147773	0.9222400379425275	-4.682378056744591	
TSHB	-0.01956270560721645	-0.2605388042683281	0.2214133930538952	0.6559393228118812	0.1609970902415319	0.872409982602133	0.9312122219500295	-4.682850609630464	
SPINK1	-0.024238529545330224	-0.3278703646294645	0.27939330553880404	0.9702874858217821	0.1583149913472606	0.8745175245764731	0.9312122219500295	-4.682921715131165	
TIE1	-0.03824532692994296	-0.5252566509324	0.44876599707251413	1.3250093378415841	0.15574079765112767	0.876541126635005	0.9312122219500295	-4.682988837535667	
MBL2	-0.0594180305247224	-0.8562850743669894	0.7374490133175446	10.674989559069306	0.14787524018756154	0.8827293471094517	0.9312122219500295	-4.683187120782381	
LGMN	-0.062062464081617724	-0.9015738905277897	0.7774489623645542	4.903871377871287	0.14661063655740517	0.8837249611676902	0.9312122219500295	-4.683218042338658	
PAMR1	-0.07692057337002195	-1.1284903494062344	0.9746492026661904	6.7459359944158415	0.14506662061932551	0.8849408071947485	0.9312122219500295	-4.683255436170209	
CD177	-0.04010214480177067	-0.6753314553028416	0.5951271656993002	3.4790456482574257	0.1251987948433372	0.900609382046706	0.9410086609002123	-4.683701306813869	
CHL1	-0.023572571129564485	-0.40577359028171056	0.35862844802258165	1.2065851582574258	0.12231456936091045	0.90288741970622	0.9410086609002123	-4.68376058834076	
vWF	-0.03865736676356911	-0.6662860512381457	0.5889713177110074	3.9346260933762376	0.12214974377738462	0.9030176280067254	0.9410086609002123	-4.683763934406884	
MB	-0.036319092161661896	-0.6470177607765334	0.5743795764532097	1.673023268118812	0.11794270596748524	0.9063419741970027	0.94142617964979	-4.68384781343595	
IL-18BP	0.027923858241062926	-0.5042782452540199	0.5601259617361457	3.206313618128713	-0.10405475101382475	0.9173275599960002	0.9482290548587662	-4.684103849155969	
PLA2G7	-0.02416941008576572	-0.4984646558712704	0.45012583569973896	1.1525265993366336	0.1010602470564751	0.9196984331530121	0.9482290548587662	-4.684154858627663	
ANGPTL4	-0.028869570337164783	-0.6175690055828059	0.5598298649084764	3.499633123079208	0.09725451618503696	0.9227126310268494	0.9482290548587662	-4.684217538328491	
GP6	0.01929130481690932	-0.38434793334585043	0.4229305429796691	2.806830944861386	-0.09478318581942027	0.9246705690237658	0.9482290548587662	-4.684256952812195	
CD300LG	0.009724044770028558	-0.22461208137119462	0.24406017091125173	0.9232478943960396	-0.08229449413528649	0.9345717045069648	0.9553399646071195	-4.684440619190202	
PILRB	-0.01677713558880159	-0.5311625552254194	0.4976082840478163	4.787199657732673	0.06468331079007705	0.9485511000589154	0.9650224537483653	-4.684655603962518	
PCSK9	-0.011572426740832208	-0.3769532850902237	0.3538084316085593	1.8913984696138615	0.0628118702611185	0.950037633037987	0.9650224537483653	-4.684675421427818	
UMOD	0.00687665994126423	-0.30290138543369743	0.3166547053162259	0.5870496411683168	-0.04402404967827044	0.9649701803045196	0.9771081699938846	-4.6848421387264265	
COCH	0.008326146352177844	-0.8630432849997777	0.8796955777041334	4.222731736980198	-0.01894980723854021	0.9849176821393103	0.9912581323997199	-4.684973294952027	
CPB1	-0.0025483195819961096	-0.3354203814346353	0.33032374227064315	1.7575669966732674	0.015182371774391034	0.9879159556084638	0.9912581323997199	-4.684983976082451	
KLK10	-0.0024255170472145893	-0.3263262981296814	0.3214752640352522	1.4062764874158415	0.01485099023478852	0.988179690994752	0.9912581323997199	-4.684984802767673	
CLUL1	0.0010594343237881117	-0.22727375065179464	0.22939261929937085	0.5391458290594059	-0.009201700235478871	0.9926759478347068	0.9926759478347068	-4.6849960894424285	
